datetime,open,high,low,close,volume
1601264700,420.0,424.15,418.05,422.6,1728386
1601265600,422.55,425.5,422.5,424.75,1077735
1601266500,424.75,428.35,424.1,426.3,1205151
1601267400,426.4,427.0,425.1,425.5,550563
1601268300,425.5,426.0,423.45,425.15,585906
1601269200,425.15,426.75,425.0,426.25,338267
1601270100,426.2,430.8,425.65,430.15,1429403
1601271000,430.35,433.3,430.15,432.45,1002255
1601271900,432.25,434.4,431.0,434.05,734968
1601272800,434.05,434.75,432.75,432.9,610703
1601273700,432.7,433.6,431.45,433.05,422509
1601274600,433.1,434.2,432.65,433.5,333140
1601275500,433.5,433.85,432.0,432.65,389915
1601276400,432.65,433.0,430.45,431.3,547993
1601277300,431.3,434.0,430.7,433.55,480326
1601278200,433.55,436.45,433.55,436.1,993338
1601279100,436.1,437.4,434.65,436.9,750943
1601280000,436.95,437.25,435.65,436.7,591450
1601280900,436.55,437.7,435.6,436.85,477067
1601281800,436.7,437.75,434.65,436.8,637555
1601282700,436.65,437.5,435.55,436.75,381185
1601283600,436.75,439.45,436.55,439.4,1026507
1601284500,439.3,439.5,437.5,438.4,631535
1601285400,438.35,440.6,438.0,439.45,1191479
1601286300,439.25,440.25,437.9,438.95,1241655
1601351100,442.4,443.3,436.95,436.95,2000598
1601352000,437.05,437.05,433.15,435.2,1417523
1601352900,435.15,435.3,430.8,431.55,994512
1601353800,431.5,432.0,430.2,431.7,648601
1601354700,431.7,434.35,431.3,432.65,835769
1601355600,432.45,434.2,431.25,431.9,594883
1601356500,431.6,431.85,429.25,429.4,1013844
1601357400,429.45,429.9,427.85,429.5,726111
1601358300,429.4,430.4,428.6,430.15,394427
1601359200,430.15,432.3,429.05,431.15,538602
1601360100,431.1,431.4,429.5,429.8,304669
1601361000,429.8,430.6,428.1,428.3,453929
1601361900,428.3,429.9,427.5,428.7,699546
1601362800,428.7,429.1,427.15,427.45,458305
1601363700,427.45,428.8,426.3,427.0,753619
1601364600,426.9,427.45,426.1,426.4,387648
1601365500,426.4,426.9,425.5,426.15,560729
1601366400,426.15,426.15,424.8,426.1,690835
1601367300,426.05,428.5,425.65,428.35,730897
1601368200,428.35,428.85,426.6,427.4,516068
1601369100,427.4,431.5,427.05,430.7,1096585
1601370000,430.7,432.0,429.7,429.8,709047
1601370900,429.8,430.5,425.2,425.25,1014159
1601371800,425.25,428.0,425.0,427.8,1221073
1601372700,427.7,428.45,425.45,426.9,1203243
1601437500,427.0,428.1,421.0,421.3,1984518
1601438400,421.2,422.4,420.4,421.1,964593
1601439300,421.1,421.6,419.55,419.95,836373
1601440200,419.8,420.4,418.75,418.9,790838
1601441100,419.0,425.0,418.75,422.75,1054470
1601442000,422.9,424.75,421.65,423.2,1054309
1601442900,423.2,426.0,423.0,425.6,794258
1601443800,425.6,426.2,423.4,423.8,686562
1601444700,423.9,424.6,419.95,419.95,710163
1601445600,419.9,421.55,419.65,420.15,617126
1601446500,420.15,421.6,419.6,421.15,436013
1601447400,421.3,422.85,420.8,420.8,481366
1601448300,420.9,421.6,420.0,421.15,355900
1601449200,421.0,422.55,420.3,421.5,373409
1601450100,421.65,422.65,420.85,421.35,327463
1601451000,421.2,422.9,421.1,421.3,344848
1601451900,421.35,421.95,419.65,420.35,374486
1601452800,420.3,421.7,419.65,421.05,315672
1601453700,421.05,423.5,420.7,422.85,689354
1601454600,423.0,424.8,422.15,424.8,747236
1601455500,424.6,425.3,422.8,424.45,727281
1601456400,424.45,425.6,422.8,423.7,818166
1601457300,423.75,424.35,422.35,423.0,512299
1601458200,422.95,425.75,422.65,425.2,1348373
1601459100,425.2,425.8,423.05,424.0,1112594
1601523900,430.2,435.9,427.4,435.35,2615581
1601524800,435.3,437.0,434.0,435.45,1363911
1601525700,435.5,436.5,434.75,435.35,717222
1601526600,435.35,439.35,435.25,438.0,1415488
1601527500,438.0,438.85,436.8,437.75,631734
1601528400,437.75,440.0,436.9,439.1,892409
1601529300,439.3,439.8,438.3,438.6,468127
1601530200,438.6,439.75,437.8,439.5,540125
1601531100,439.5,439.5,437.85,438.1,410841
1601532000,438.35,440.0,438.1,439.2,551891
1601532900,439.1,439.5,438.4,438.85,286934
1601533800,439.0,441.4,438.4,440.7,851301
1601534700,440.65,441.1,439.8,440.3,514119
1601535600,440.25,441.9,439.75,441.1,550401
1601536500,441.05,441.55,440.7,440.8,313739
1601537400,440.8,440.8,439.05,440.1,505184
1601538300,440.05,440.45,438.5,439.85,457045
1601539200,439.7,441.5,439.5,441.45,448921
1601540100,441.3,442.35,440.55,441.45,666252
1601541000,441.35,442.95,440.9,442.7,929848
1601541900,442.65,445.3,442.65,443.1,1811685
1601542800,443.0,444.0,442.2,443.0,692865
1601543700,443.0,445.0,442.85,444.25,855328
1601544600,444.35,445.0,443.25,444.9,1196542
1601545500,444.65,444.75,440.85,442.05,1372913
1601869500,444.05,455.15,444.0,452.1,4059053
1601870400,452.05,455.85,452.05,453.95,1664663
1601871300,453.8,454.4,451.6,453.4,1042540
1601872200,453.35,456.45,453.25,454.05,1375542
1601873100,454.05,454.25,447.9,450.0,1500144
1601874000,450.2,451.0,449.3,450.55,596113
1601874900,450.7,450.8,447.15,447.85,601173
1601875800,447.8,451.85,447.5,450.3,798845
1601876700,450.5,451.3,448.8,449.75,504145
1601877600,449.5,449.75,444.65,447.75,964329
1601878500,447.75,447.75,445.55,447.25,609077
1601879400,447.3,448.25,446.35,446.65,365504
1601880300,446.65,447.5,445.85,446.35,309537
1601881200,446.5,447.5,445.35,446.05,369150
1601882100,446.0,447.4,444.65,445.3,435183
1601883000,445.4,445.4,442.05,443.25,1080955
1601883900,443.25,444.15,439.05,440.15,1393650
1601884800,440.15,443.4,439.6,443.05,879232
1601885700,442.85,445.7,442.8,444.1,960042
1601886600,444.1,447.35,444.05,445.8,885149
1601887500,445.8,446.5,443.7,445.55,579486
1601888400,445.7,445.8,444.5,444.85,380403
1601889300,444.85,445.5,443.2,444.0,521436
1601890200,444.0,445.0,443.4,444.3,993594
1601891100,444.3,444.8,443.6,444.0,1305530
1601955900,449.5,452.7,447.2,447.65,1894536
1601956800,447.75,448.5,445.8,446.75,798967
1601957700,446.75,447.5,444.5,445.1,917727
1601958600,445.3,446.65,445.0,445.7,767606
1601959500,445.8,446.0,443.45,445.0,764402
1601960400,445.0,445.5,444.0,445.2,433694
1601961300,445.25,446.75,444.25,445.2,701041
1601962200,445.1,446.5,444.3,446.25,443805
1601963100,446.1,447.0,446.0,446.5,507264
1601964000,446.45,448.2,446.0,446.8,726101
1601964900,446.8,447.4,446.35,447.05,218938
1601965800,447.0,448.6,446.8,448.25,631847
1601966700,448.35,450.15,448.0,449.1,812681
1601967600,449.05,449.05,447.5,448.25,488872
1601968500,448.3,448.3,445.1,445.65,737240
1601969400,445.65,447.1,445.0,445.5,363479
1601970300,445.5,446.15,445.15,445.25,219377
1601971200,445.25,445.4,442.7,444.75,1000100
1601972100,444.75,445.5,443.8,444.0,449045
1601973000,444.0,445.9,443.75,444.45,394025
1601973900,444.55,445.7,444.2,444.95,348835
1601974800,445.0,449.6,445.0,448.8,1648845
1601975700,448.65,450.65,448.65,450.0,1844336
1601976600,450.05,450.7,449.2,449.6,1154247
1601977500,449.5,449.9,448.7,449.6,1089039
1602042300,447.0,447.8,443.5,445.35,1921605
1602043200,445.35,448.4,445.0,447.6,875665
1602044100,447.8,455.0,447.0,452.85,1781589
1602045000,452.75,455.0,451.6,454.65,1065118
1602045900,454.6,455.5,452.3,454.7,1062694
1602046800,454.65,454.75,453.15,453.15,531168
1602047700,453.3,454.0,451.75,452.05,562437
1602048600,452.15,452.15,450.3,450.7,831694
1602049500,450.65,450.7,448.0,450.3,873544
1602050400,450.15,451.7,450.15,450.95,396179
1602051300,450.95,451.65,450.5,451.2,288978
1602052200,451.15,452.2,450.75,451.35,385556
1602053100,451.3,454.0,451.3,453.3,833955
1602054000,453.35,454.0,452.4,453.3,343679
1602054900,453.45,455.95,453.3,453.95,1040643
1602055800,453.8,455.1,452.0,452.4,787381
1602056700,452.6,454.2,452.05,453.25,315955
1602057600,453.2,453.5,452.6,453.0,498013
1602058500,453.0,454.3,452.8,453.0,438553
1602059400,453.0,453.8,451.1,452.7,824211
1602060300,452.65,453.5,452.25,453.2,297003
1602061200,453.3,455.0,453.0,453.95,823802
1602062100,453.95,454.15,451.5,452.0,702228
1602063000,451.9,453.85,451.65,453.05,1262899
1602063900,453.0,453.5,452.1,452.2,1093148
1602128700,455.55,458.35,454.5,456.5,1869814
1602129600,456.45,460.0,455.0,459.35,1898862
1602130500,459.45,459.65,457.15,457.9,1033572
1602131400,457.95,459.3,457.55,459.0,553581
1602132300,458.95,461.0,458.55,459.75,991605
1602133200,459.75,460.3,459.3,459.5,351055
1602134100,459.6,459.7,458.5,458.95,429864
1602135000,458.85,459.5,458.3,459.5,383452
1602135900,459.5,460.85,458.55,460.2,643172
1602136800,460.2,460.7,459.05,459.5,676744
1602137700,459.6,460.8,459.6,459.95,644960
1602138600,459.9,460.5,459.35,459.65,456587
1602139500,459.7,459.7,456.75,458.4,672972
1602140400,458.45,458.7,457.4,457.45,365000
1602141300,457.45,458.35,457.3,458.15,316792
1602142200,458.2,460.05,457.85,458.8,505527
1602143100,458.9,461.0,458.6,460.3,591597
1602144000,460.35,460.7,459.45,460.2,385651
1602144900,460.2,461.65,454.1,457.2,1769526
1602145800,456.95,457.3,455.4,456.6,704757
1602146700,456.6,456.65,453.6,453.85,751615
1602147600,453.7,453.7,450.15,450.5,1317787
1602148500,450.15,451.95,447.25,451.2,1385010
1602149400,451.25,453.2,450.0,450.45,964793
1602150300,450.5,454.2,450.45,452.5,1221345
1602215100,453.3,456.0,452.1,453.25,1263423
1602216000,453.15,453.5,450.3,450.65,814714
1602216900,450.9,454.1,450.15,452.85,797034
1602217800,453.05,455.15,451.0,453.0,1090874
1602218700,453.15,456.3,452.25,454.8,849004
1602219600,454.85,458.45,453.25,457.75,1091732
1602220500,457.95,459.8,457.0,458.7,1117755
1602221400,458.9,465.65,458.0,465.4,2866801
1602222300,465.45,466.35,463.3,464.8,1672056
1602223200,464.7,464.9,462.3,462.7,825113
1602224100,462.6,463.4,460.85,461.25,885338
1602225000,461.25,464.0,461.25,462.05,773773
1602225900,462.05,463.0,461.25,462.3,649750
1602226800,462.35,463.95,462.1,463.25,464909
1602227700,463.25,464.45,463.0,463.05,601909
1602228600,463.05,463.95,461.45,461.9,486331
1602229500,461.8,463.95,461.75,463.15,354696
1602230400,463.15,463.9,459.75,461.5,740001
1602231300,461.6,463.2,460.65,462.55,537804
1602232200,462.55,465.0,461.2,464.95,1123555
1602233100,464.85,467.9,464.85,467.65,2185993
1602234000,467.6,469.0,466.8,467.0,1882996
1602234900,467.0,468.45,466.0,466.8,1066208
1602235800,466.8,469.7,466.25,467.8,1887404
1602236700,467.7,469.8,466.5,468.95,1997884
1602474300,473.5,480.0,472.0,476.4,3722354
1602475200,476.5,476.5,471.55,473.65,2031644
1602476100,473.55,475.0,470.65,470.75,1058186
1602477000,470.9,471.95,468.4,470.55,1287370
1602477900,470.65,470.8,465.4,465.75,1275093
1602478800,465.95,468.65,464.35,467.8,927849
1602479700,467.55,470.85,467.4,470.75,520593
1602480600,470.45,470.8,466.75,468.45,614115
1602481500,468.45,469.5,467.55,469.2,356050
1602482400,469.2,470.25,468.5,468.75,374059
1602483300,468.75,470.0,468.0,468.85,262919
1602484200,468.85,469.0,465.65,465.65,560130
1602485100,465.8,468.75,465.0,467.75,683104
1602486000,467.75,470.0,466.65,469.5,618688
1602486900,469.5,470.0,467.3,468.35,401878
1602487800,468.35,468.4,466.2,467.15,371407
1602488700,467.0,467.1,462.3,463.7,994470
1602489600,463.7,466.55,463.1,466.55,453714
1602490500,466.4,467.5,464.55,465.9,525755
1602491400,465.8,468.8,465.5,465.95,557622
1602492300,465.85,466.55,464.4,464.8,459333
1602493200,464.8,467.15,464.8,466.5,363597
1602494100,466.5,467.75,466.1,467.55,492706
1602495000,467.6,468.8,466.8,467.35,966743
1602495900,467.5,469.45,466.8,466.95,1290391
1602560700,465.9,465.9,459.75,462.6,1623447
1602561600,462.85,466.4,461.8,465.7,912972
1602562500,466.05,467.65,465.0,466.0,549711
1602563400,465.95,467.4,464.85,467.05,652559
1602564300,467.1,469.95,466.95,468.65,1066387
1602565200,468.6,471.35,467.25,470.45,956598
1602566100,470.5,473.0,470.5,470.8,1023697
1602567000,470.9,471.5,469.0,469.85,509506
1602567900,469.85,471.25,468.45,469.0,425089
1602568800,469.0,470.4,468.6,469.65,284726
1602569700,469.65,471.9,469.05,471.6,513052
1602570600,471.6,472.05,468.55,469.35,510355
1602571500,469.55,469.55,465.2,466.7,847158
1602572400,466.65,466.65,464.6,465.25,479911
1602573300,465.1,465.65,463.5,465.55,485209
1602574200,465.45,465.45,462.7,463.75,464425
1602575100,463.8,464.8,462.1,463.1,451133
1602576000,463.1,464.1,462.6,463.05,243379
1602576900,463.0,463.65,462.35,462.95,335035
1602577800,462.95,465.5,462.85,465.3,352945
1602578700,465.2,466.4,462.25,462.85,541225
1602579600,462.9,463.65,462.3,463.15,282171
1602580500,463.25,463.8,462.25,462.4,358189
1602581400,462.5,462.85,459.85,461.35,1023368
1602582300,461.3,462.35,460.0,460.05,662637
1602647100,458.0,458.9,454.0,456.65,1328850
1602648000,456.5,457.5,454.85,456.6,686362
1602648900,456.65,459.45,456.1,459.4,663182
1602649800,459.6,461.7,458.1,460.6,773601
1602650700,460.55,461.2,458.9,459.05,433166
1602651600,459.0,460.4,458.85,459.7,263891
1602652500,459.7,460.35,458.5,458.8,234798
1602653400,458.8,459.5,457.7,458.5,261153
1602654300,458.5,458.5,456.9,457.7,263964
1602655200,457.95,459.3,457.5,458.45,199681
1602656100,458.45,459.7,458.3,459.3,163191
1602657000,459.3,460.0,458.55,459.0,163930
1602657900,459.0,462.9,458.65,460.3,526920
1602658800,460.4,460.75,459.4,459.75,246442
1602659700,459.75,460.05,459.1,459.6,189088
1602660600,459.6,460.0,457.35,459.2,410345
1602661500,459.2,459.35,458.4,458.75,125648
1602662400,458.75,460.65,458.7,460.2,282960
1602663300,460.2,460.95,458.65,460.95,275657
1602664200,460.85,461.95,459.6,460.1,323769
1602665100,460.5,468.0,460.1,467.1,1738864
1602666000,467.5,468.65,465.6,468.65,993403
1602666900,468.4,469.4,466.25,468.5,896732
1602667800,468.55,470.9,468.1,470.35,1197763
1602668700,470.35,474.65,470.2,472.0,1315682
1602733500,473.4,473.4,467.65,469.8,1707017
1602734400,469.95,475.5,469.05,474.85,1655434
1602735300,474.85,481.0,474.8,478.6,2978531
1602736200,478.95,479.5,476.75,478.2,856806
1602737100,478.2,478.75,474.65,475.7,1166968
1602738000,475.75,477.35,474.15,475.1,832182
1602738900,475.1,479.0,474.75,478.7,581951
1602739800,478.7,480.0,478.2,479.25,842471
1602740700,479.2,480.0,477.85,478.85,843966
1602741600,478.85,479.1,476.4,477.45,867836
1602742500,477.4,480.35,477.1,478.65,954402
1602743400,478.65,479.35,477.55,479.05,535664
1602744300,479.0,481.95,478.0,481.15,1169708
1602745200,481.1,481.25,479.25,480.35,746024
1602746100,480.25,480.9,479.5,479.85,539409
1602747000,479.95,480.35,474.8,476.0,1614541
1602747900,476.0,477.5,474.0,475.0,1091650
1602748800,475.0,475.75,472.85,472.95,1210682
1602749700,472.65,472.9,469.35,472.4,1834775
1602750600,472.5,472.5,465.1,465.6,1603431
1602751500,465.55,468.5,465.55,467.8,909765
1602752400,467.7,468.95,464.6,465.35,1040675
1602753300,465.25,467.85,465.25,467.2,570290
1602754200,467.2,467.8,460.85,461.0,1598893
1602755100,461.05,462.85,460.0,460.5,1188578
1602819900,465.15,467.85,464.2,465.05,1369663
1602820800,465.35,469.95,465.35,467.6,1057793
1602821700,467.7,467.7,463.6,464.7,973678
1602822600,464.8,466.6,463.0,465.55,604181
1602823500,465.55,466.95,463.0,464.95,707138
1602824400,464.95,466.75,464.55,466.65,331567
1602825300,466.8,468.45,466.0,467.0,604420
1602826200,467.0,467.5,465.4,467.25,348499
1602827100,467.05,469.4,466.4,468.65,430294
1602828000,468.85,469.4,466.15,466.55,355396
1602828900,466.55,469.25,465.8,468.6,426357
1602829800,468.7,474.5,468.65,471.9,1589432
1602830700,471.9,473.2,470.3,473.2,510519
1602831600,473.2,475.5,472.9,474.8,975172
1602832500,474.75,475.5,471.8,472.3,625266
1602833400,472.3,473.0,471.6,472.5,324972
1602834300,472.5,474.9,472.4,473.9,520045
1602835200,474.0,474.3,471.55,471.8,366147
1602836100,471.6,474.0,470.2,473.3,611115
1602837000,473.35,474.4,472.3,473.2,379380
1602837900,473.25,474.1,470.45,473.6,903144
1602838800,473.45,475.25,472.0,472.6,542554
1602839700,472.7,474.2,472.0,473.85,248599
1602840600,473.8,474.35,472.15,472.5,682057
1602841500,472.6,472.8,470.7,471.15,777962
1603079100,477.05,483.0,476.25,482.95,2447050
1603080000,482.95,487.0,482.3,485.4,2711554
1603080900,485.25,488.0,484.5,487.95,1431488
1603081800,487.95,492.0,487.5,490.2,2968816
1603082700,490.2,493.0,488.5,489.35,1717208
1603083600,489.35,489.95,487.65,489.2,666167
1603084500,489.2,489.85,488.25,488.8,453846
1603085400,488.8,489.4,487.25,488.4,407423
1603086300,488.5,488.8,486.75,488.0,653310
1603087200,488.0,489.3,486.7,489.15,407911
1603088100,488.95,489.85,487.4,488.3,466130
1603089000,488.25,491.75,488.0,491.3,733022
1603089900,491.3,492.65,489.05,491.9,1206311
1603090800,491.9,492.85,490.1,490.7,776735
1603091700,490.75,492.2,490.7,491.7,454530
1603092600,491.7,492.25,490.35,492.1,389759
1603093500,492.2,494.8,491.25,491.5,1343003
1603094400,491.5,491.5,489.7,490.7,776407
1603095300,490.7,491.5,490.1,490.8,242510
1603096200,491.0,493.25,491.0,492.25,645838
1603097100,492.25,493.35,490.65,492.85,615157
1603098000,493.0,495.65,492.0,493.9,1688335
1603098900,493.85,495.9,492.5,493.2,1214677
1603099800,493.15,494.5,492.0,493.8,1630824
1603100700,493.85,493.95,491.9,492.5,2051596
1603165500,485.85,490.7,485.1,490.55,2502710
1603166400,490.7,494.0,490.65,493.85,1863305
1603167300,493.75,494.4,489.45,490.9,1300887
1603168200,490.9,492.5,490.3,491.95,725967
1603169100,491.95,492.05,490.65,491.4,303436
1603170000,491.4,494.85,490.95,494.7,824170
1603170900,494.45,495.65,492.6,493.6,908094
1603171800,493.8,496.65,492.8,495.1,852964
1603172700,495.25,496.2,494.6,495.5,622193
1603173600,495.6,495.8,494.65,495.55,315310
1603174500,495.6,498.65,495.3,497.8,1359464
1603175400,497.8,497.9,496.3,496.85,489722
1603176300,496.85,497.25,495.6,496.3,656256
1603177200,496.4,497.0,494.1,495.1,959392
1603178100,495.15,495.85,492.7,492.95,505296
1603179000,493.0,493.9,491.15,493.75,915164
1603179900,493.75,494.45,492.4,493.75,555942
1603180800,493.85,494.1,492.55,493.0,516879
1603181700,493.05,493.8,492.6,492.9,509951
1603182600,493.1,493.6,491.8,492.8,742105
1603183500,492.8,494.45,492.8,493.8,694685
1603184400,493.75,494.25,491.65,492.4,647969
1603185300,492.55,493.65,492.3,493.45,420788
1603186200,493.3,494.65,493.0,494.25,1034002
1603187100,494.2,494.4,492.6,492.75,1055320
1603251900,496.9,503.65,495.65,502.9,2745730
1603252800,503.05,505.0,502.9,504.85,1541489
1603253700,504.85,505.7,503.35,504.5,975152
1603254600,504.25,506.45,504.0,506.0,695170
1603255500,506.0,507.5,505.35,506.45,812191
1603256400,506.3,506.5,504.65,505.95,640434
1603257300,505.9,506.0,505.1,505.35,350347
1603258200,505.45,506.9,505.2,506.0,443356
1603259100,505.95,505.95,502.55,503.0,1274076
1603260000,503.05,503.5,501.7,502.25,702506
1603260900,502.25,503.95,502.1,503.9,347662
1603261800,503.7,504.2,503.0,503.85,361596
1603262700,504.0,505.15,503.1,505.0,435252
1603263600,505.0,505.0,503.45,503.65,257598
1603264500,503.55,504.45,502.8,503.3,373376
1603265400,503.35,505.0,503.25,504.05,315645
1603266300,504.15,504.15,494.45,497.3,2726706
1603267200,497.2,497.2,491.85,492.2,1946071
1603268100,492.0,494.4,490.25,492.3,1231588
1603269000,492.35,493.0,487.15,488.0,1719144
1603269900,488.05,489.75,486.6,489.0,880765
1603270800,488.85,494.0,488.5,491.0,1377120
1603271700,490.95,496.5,490.85,496.05,1653217
1603272600,496.05,501.6,496.05,501.2,1772798
1603273500,501.1,504.5,501.1,503.15,1420150
1603338300,496.0,508.15,495.65,503.15,3772784
1603339200,503.0,503.75,501.1,503.15,1845369
1603340100,503.0,505.9,503.0,504.75,894632
1603341000,504.9,506.9,503.9,504.25,785714
1603341900,504.3,504.95,502.1,503.05,851429
1603342800,502.95,503.55,502.0,503.0,764060
1603343700,503.0,504.6,502.85,504.4,813825
1603344600,504.45,508.25,504.45,506.2,1388919
1603345500,506.25,506.5,503.2,503.8,559905
1603346400,503.65,505.15,502.6,504.9,570536
1603347300,504.9,504.95,503.0,503.5,740481
1603348200,503.35,504.7,503.35,504.15,483853
1603349100,504.05,504.75,501.0,503.95,1348736
1603350000,503.9,504.05,502.25,503.25,1168406
1603350900,503.25,506.9,503.2,505.65,1088945
1603351800,505.6,510.0,504.9,507.7,1462773
1603352700,507.7,508.5,505.5,507.7,806109
1603353600,507.7,509.45,505.5,505.5,1005275
1603354500,504.75,508.5,504.7,507.8,611668
1603355400,507.8,508.95,506.15,507.1,608644
1603356300,506.9,507.25,505.0,505.2,707391
1603357200,505.25,505.25,502.4,504.0,2307796
1603358100,504.0,508.45,503.35,506.6,1016959
1603359000,506.6,510.85,506.55,510.15,2289284
1603359900,510.1,513.0,510.05,510.05,2030735
1603424700,513.9,515.5,511.2,512.9,1667038
1603425600,512.7,512.9,509.4,510.85,921649
1603426500,510.85,511.3,507.75,509.55,922496
1603427400,509.55,511.15,508.7,508.9,526042
1603428300,509.0,509.35,506.5,507.0,720079
1603429200,507.0,507.15,504.5,506.2,1427835
1603430100,506.8,507.25,505.0,505.9,1093000
1603431000,505.95,507.15,505.0,506.05,1568669
1603431900,506.25,507.25,505.8,506.5,660216
1603432800,506.5,506.65,505.65,505.8,444994
1603433700,505.8,506.9,504.9,506.4,686027
1603434600,506.55,507.25,505.65,505.8,366045
1603435500,505.8,507.0,505.75,506.9,353382
1603436400,507.6,508.65,507.1,507.8,609378
1603437300,507.8,509.15,507.5,508.15,404243
1603438200,508.25,511.75,508.25,510.95,874118
1603439100,510.9,511.45,508.35,508.85,626939
1603440000,508.55,509.0,507.65,507.8,364624
1603440900,507.8,509.75,507.3,509.0,440084
1603441800,509.0,509.2,507.4,507.5,328150
1603442700,507.5,508.5,507.0,507.15,366986
1603443600,507.4,510.25,507.1,509.65,793880
1603444500,509.9,510.25,506.8,507.75,626090
1603445400,507.75,508.2,506.85,507.05,843892
1603446300,507.0,507.8,506.95,507.15,1143257
1603683900,508.25,509.85,502.4,505.05,1652231
1603684800,505.2,507.5,504.35,506.15,546882
1603685700,506.15,507.8,505.95,506.2,472530
1603686600,505.95,506.5,504.6,504.65,497653
1603687500,504.75,505.45,503.2,504.85,650986
1603688400,504.85,506.0,504.3,505.7,251255
1603689300,505.7,505.9,504.3,504.8,250467
1603690200,504.85,505.35,504.4,504.65,254113
1603691100,504.7,505.95,503.7,504.95,713983
1603692000,505.0,505.45,500.6,501.2,1630381
1603692900,501.25,501.4,499.05,499.9,1182416
1603693800,499.95,501.4,497.45,498.3,777449
1603694700,498.35,499.3,496.8,498.5,743058
1603695600,498.35,498.55,496.5,498.05,529347
1603696500,498.05,498.6,495.35,495.85,537915
1603697400,495.6,496.75,494.45,496.4,660695
1603698300,496.2,497.45,493.35,493.9,748460
1603699200,493.9,494.75,492.05,493.85,655564
1603700100,493.65,495.0,492.5,492.75,462740
1603701000,492.7,492.85,490.9,492.05,622373
1603701900,491.9,494.35,491.6,493.6,570997
1603702800,493.6,493.95,491.65,493.0,400408
1603703700,493.0,494.7,492.55,493.0,591073
1603704600,493.15,493.8,492.0,493.0,906005
1603705500,492.9,494.8,492.6,493.0,1104822
1603770300,494.0,494.0,482.65,487.25,2712919
1603771200,487.1,491.5,486.0,490.95,1084958
1603772100,490.7,496.4,490.7,492.45,1637023
1603773000,492.35,492.7,490.2,490.3,545750
1603773900,490.4,491.4,488.6,491.1,622975
1603774800,491.3,491.9,489.05,490.0,393013
1603775700,490.0,491.75,489.35,491.55,497991
1603776600,491.55,491.9,489.4,490.45,557416
1603777500,490.5,492.5,489.55,490.6,342265
1603778400,490.65,495.2,490.0,494.95,746817
1603779300,495.5,498.2,494.6,496.5,1216606
1603780200,496.65,497.5,495.35,495.5,511519
1603781100,495.4,496.0,494.5,495.25,343785
1603782000,495.25,495.7,493.8,494.55,287621
1603782900,494.85,496.0,494.5,495.0,293598
1603783800,495.0,500.8,493.85,499.0,1248314
1603784700,499.0,501.45,498.6,500.95,936388
1603785600,500.7,501.0,498.05,498.35,770743
1603786500,498.25,501.1,498.1,500.75,634083
1603787400,501.0,508.2,501.0,507.35,2088602
1603788300,507.55,509.75,507.3,507.95,1274689
1603789200,507.95,511.55,507.95,508.9,1573204
1603790100,508.85,512.25,508.85,510.8,1085564
1603791000,510.8,510.85,507.5,508.05,1487029
1603791900,508.1,508.3,506.0,507.2,1295770
1603856700,510.8,517.25,505.05,515.9,2870592
1603857600,516.0,517.5,511.4,511.95,2274039
1603858500,512.15,513.8,507.15,507.75,1435580
1603859400,507.25,509.3,503.55,509.0,1735339
1603860300,509.0,510.3,504.5,505.2,1502874
1603861200,505.1,505.85,503.75,504.7,900810
1603862100,504.75,504.95,502.25,503.35,1021476
1603863000,503.35,506.1,502.85,503.1,697241
1603863900,503.0,505.65,502.85,505.6,429354
1603864800,505.55,506.8,505.0,505.55,544386
1603865700,505.55,507.25,504.9,507.2,393806
1603866600,507.15,508.5,506.7,507.75,533769
1603867500,507.9,512.5,505.75,506.25,2042773
1603868400,506.05,506.2,500.5,501.55,1860163
1603869300,501.65,501.8,497.0,498.9,1443700
1603870200,498.9,502.0,498.5,500.5,741044
1603871100,500.45,502.75,499.15,500.4,577783
1603872000,500.45,501.55,495.35,496.35,934720
1603872900,496.6,499.0,496.0,497.3,667972
1603873800,497.35,497.8,493.5,497.05,1094741
1603874700,497.0,500.5,495.75,499.8,862529
1603875600,500.0,501.45,496.85,500.65,877308
1603876500,500.85,502.4,499.5,502.0,1057768
1603877400,502.0,506.2,502.0,503.9,1883529
1603878300,504.0,507.65,503.6,505.9,1915766
1603943100,506.0,512.5,495.6,508.7,9412759
1603944000,508.65,516.35,507.25,513.2,5640412
1603944900,513.25,515.2,509.3,509.9,3115142
1603945800,509.85,511.0,505.3,507.15,2439670
1603946700,507.25,507.5,498.0,498.3,3823778
1603947600,498.1,502.25,497.0,501.5,1717969
1603948500,501.5,501.7,499.0,501.25,680794
1603949400,501.2,503.8,500.7,501.85,1169523
1603950300,501.8,502.25,499.25,500.0,638141
1603951200,500.0,500.5,498.6,499.05,798984
1603952100,499.3,502.8,497.2,501.4,2044877
1603953000,501.5,503.75,501.05,501.05,1321900
1603953900,501.1,502.1,500.3,502.0,634027
1603954800,501.95,502.0,497.55,499.1,995892
1603955700,499.1,500.0,497.3,498.35,600225
1603956600,498.35,499.45,492.3,492.4,2353379
1603957500,492.25,494.8,492.0,494.2,1050831
1603958400,494.2,496.5,492.0,492.4,1331988
1603959300,492.2,493.4,489.35,492.1,2180507
1603960200,492.05,493.5,491.6,492.95,826191
1603961100,492.95,492.95,490.65,491.85,825022
1603962000,491.9,493.75,491.35,492.75,1319241
1603962900,492.75,494.5,492.0,492.7,1109911
1603963800,492.75,495.0,492.5,494.95,1986671
1603964700,494.9,495.0,492.35,493.3,2597375
1604029500,495.0,499.8,493.5,498.65,2505273
1604030400,498.6,500.5,496.0,497.4,1189607
1604031300,497.4,497.5,494.6,495.75,827848
1604032200,496.0,498.6,495.8,497.45,670690
1604033100,497.45,498.8,496.85,498.6,402367
1604034000,498.6,501.55,498.6,498.9,1195559
1604034900,498.8,498.9,495.0,495.4,900870
1604035800,495.3,495.3,491.2,492.5,1632821
1604036700,492.5,494.4,491.25,492.0,656903
1604037600,491.8,492.65,485.45,486.3,1560840
1604038500,486.1,488.25,484.45,486.0,1085569
1604039400,486.0,487.3,485.5,485.9,536685
1604040300,486.0,486.8,484.75,485.2,530277
1604041200,485.3,487.8,485.2,486.9,484531
1604042100,486.9,487.65,481.6,483.75,1023819
1604043000,483.65,486.75,483.55,485.3,569483
1604043900,485.4,487.4,485.1,485.3,347613
1604044800,485.65,489.6,485.4,489.4,857737
1604045700,489.45,490.85,487.75,488.35,740790
1604046600,488.35,492.85,488.15,491.0,946980
1604047500,491.15,492.45,489.5,490.0,714854
1604048400,490.05,493.65,489.8,492.65,857963
1604049300,492.55,494.3,491.65,491.95,718177
1604050200,491.95,493.0,491.8,492.35,1070501
1604051100,492.3,493.7,490.2,491.0,1069141
1604288700,496.85,500.5,495.1,497.75,3430446
1604289600,497.75,499.55,496.35,497.2,1241397
1604290500,497.2,498.85,495.55,497.05,936254
1604291400,497.2,502.4,496.15,501.85,2008879
1604292300,501.95,505.0,501.0,504.0,1687025
1604293200,503.65,507.7,503.1,506.15,1508800
1604294100,506.4,506.65,504.45,505.35,680715
1604295000,505.5,505.65,503.65,505.3,849849
1604295900,505.3,508.0,505.3,505.7,838769
1604296800,505.65,508.75,504.4,508.4,892491
1604297700,508.5,509.6,506.5,507.3,980696
1604298600,507.25,509.5,506.85,507.85,630718
1604299500,507.95,509.3,507.4,508.6,585353
1604300400,508.6,510.6,508.0,510.25,983442
1604301300,510.05,512.95,509.75,510.8,1382503
1604302200,510.75,511.0,508.55,510.0,762602
1604303100,510.05,512.6,509.5,512.55,780775
1604304000,512.5,513.5,510.8,512.85,1515096
1604304900,512.8,515.75,512.7,515.0,2043911
1604305800,515.05,520.0,515.0,519.4,2005174
1604306700,519.5,525.95,519.3,525.4,3056578
1604307600,525.4,531.7,524.75,528.6,3543950
1604308500,528.7,528.8,525.15,525.85,1611516
1604309400,525.8,526.2,520.3,520.45,2010075
1604310300,520.7,523.3,519.9,521.9,1599038
1604375100,525.0,533.0,524.0,530.5,3158803
1604376000,530.5,532.4,529.95,530.75,1510573
1604376900,530.85,530.85,525.0,528.0,2120823
1604377800,528.15,530.25,525.8,529.75,979091
1604378700,529.85,530.45,527.1,527.9,863058
1604379600,527.9,528.4,525.55,528.1,732575
1604380500,528.1,528.95,527.05,528.65,368237
1604381400,528.7,528.85,527.15,528.3,364967
1604382300,528.35,528.8,527.2,528.4,349957
1604383200,528.3,531.05,528.0,530.15,877485
1604384100,530.25,531.6,529.35,529.85,809470
1604385000,529.85,531.45,529.6,530.65,472798
1604385900,530.75,531.2,528.2,529.5,534752
1604386800,529.4,532.45,529.1,532.0,871896
1604387700,532.4,535.7,531.2,534.25,2193997
1604388600,534.15,537.0,534.1,536.15,1188492
1604389500,536.15,536.15,533.0,535.1,730834
1604390400,535.05,536.85,532.25,536.15,1040095
1604391300,536.2,536.35,535.0,535.3,676209
1604392200,535.1,536.1,534.6,535.4,537048
1604393100,535.25,535.5,532.0,533.0,786546
1604394000,533.0,534.8,531.0,532.6,1016399
1604394900,532.85,535.35,532.3,534.25,710386
1604395800,534.25,535.45,533.3,534.55,1251957
1604396700,534.55,535.25,532.5,533.0,1802578
1604461500,525.1,532.15,525.1,527.4,2036005
1604462400,527.6,533.7,526.75,532.75,1408801
1604463300,532.8,533.85,523.25,525.6,1730491
1604464200,525.7,526.7,520.4,520.85,1036770
1604465100,520.95,522.0,518.45,519.7,1416881
1604466000,519.7,520.0,516.05,517.1,994907
1604466900,517.15,518.25,515.5,517.5,666667
1604467800,517.3,520.8,516.5,518.7,922059
1604468700,518.7,519.0,516.75,518.3,484143
1604469600,518.35,519.85,517.0,519.4,426508
1604470500,519.5,520.05,517.05,517.75,454227
1604471400,517.7,518.5,515.0,516.35,718300
1604472300,516.2,517.0,514.6,516.9,735391
1604473200,516.9,518.4,516.5,518.1,652845
1604474100,518.05,518.7,516.9,517.85,618711
1604475000,518.0,518.0,512.35,514.55,1651173
1604475900,514.55,516.2,511.0,515.45,1689930
1604476800,515.45,516.5,513.15,515.7,1114515
1604477700,515.7,524.3,515.0,523.2,1987690
1604478600,523.45,525.0,521.2,522.25,1470488
1604479500,522.2,529.15,522.2,527.75,1607510
1604480400,528.0,529.5,525.4,525.95,1257057
1604481300,525.9,528.25,525.6,528.15,798683
1604482200,528.25,529.25,525.6,526.5,1382794
1604483100,526.65,526.7,519.45,520.05,1580004
1604547900,534.9,538.4,530.8,531.3,2506850
1604548800,530.95,532.3,528.1,531.05,1304530
1604549700,531.05,531.3,527.55,530.6,1145946
1604550600,530.65,533.9,530.55,532.65,1057040
1604551500,532.8,533.95,532.3,533.2,503652
1604552400,533.1,533.3,529.8,531.0,771516
1604553300,531.0,531.5,529.35,530.0,514683
1604554200,530.0,532.35,530.0,530.95,421151
1604555100,531.15,535.5,530.9,533.95,1121427
1604556000,533.95,534.45,532.0,533.1,443235
1604556900,533.0,534.25,532.8,533.05,298628
1604557800,533.2,534.5,532.4,534.45,357102
1604558700,534.45,534.9,533.1,533.4,336200
1604559600,533.3,537.15,532.35,535.2,1126078
1604560500,535.2,536.2,533.6,535.5,428314
1604561400,535.7,536.2,534.65,535.3,340282
1604562300,535.25,536.5,532.6,535.7,836555
1604563200,535.25,537.8,534.8,536.3,834881
1604564100,536.25,539.2,535.85,537.9,1568451
1604565000,537.9,538.5,536.05,538.4,849199
1604565900,538.35,542.5,538.15,539.6,2191946
1604566800,539.6,539.95,538.35,538.65,1026738
1604567700,538.65,539.95,537.4,538.5,909173
1604568600,538.5,540.5,538.35,540.4,1419816
1604569500,540.2,540.35,537.15,537.75,1359410
1604634300,538.75,538.75,531.2,533.7,1772453
1604635200,533.7,535.6,533.25,535.55,1622197
1604636100,535.8,537.15,535.1,535.3,716917
1604637000,535.15,540.65,534.6,538.0,1395380
1604637900,538.0,538.2,535.45,536.35,1238956
1604638800,536.2,537.4,535.35,535.75,402578
1604639700,535.6,536.25,532.5,535.0,974537
1604640600,535.0,536.9,534.0,536.1,511902
1604641500,536.1,537.9,534.6,537.5,518583
1604642400,537.4,538.75,536.75,538.45,543356
1604643300,538.45,538.9,536.95,537.95,438689
1604644200,537.95,539.6,537.0,539.2,405257
1604645100,539.2,540.3,538.1,539.75,656919
1604646000,539.75,541.25,538.65,540.25,762859
1604646900,540.4,544.9,538.7,543.85,1438302
1604647800,544.0,545.3,542.8,544.45,1012098
1604648700,544.5,545.65,542.5,543.15,929718
1604649600,543.55,546.0,543.15,544.45,785541
1604650500,544.45,545.4,543.5,545.15,610588
1604651400,545.2,545.25,543.65,543.9,617507
1604652300,543.9,545.1,542.2,542.8,737719
1604653200,542.9,543.65,537.5,540.3,1561781
1604654100,539.85,542.3,539.55,541.35,778789
1604655000,541.25,542.0,540.5,541.65,739342
1604655900,541.65,543.35,540.0,540.0,1047481
1604893500,550.0,554.0,548.25,553.0,3042195
1604894400,552.95,554.9,551.25,554.0,1657636
1604895300,554.0,556.35,552.75,553.45,1575363
1604896200,553.45,556.35,553.0,555.5,734304
1604897100,555.5,559.25,555.35,558.7,1603497
1604898000,558.7,559.65,555.3,555.75,1263512
1604898900,555.65,557.95,554.75,556.45,944504
1604899800,556.45,557.55,555.1,557.45,510353
1604900700,557.45,557.45,552.25,553.75,1097105
1604901600,553.85,554.35,551.8,554.0,747690
1604902500,554.0,555.5,553.1,554.9,587671
1604903400,554.9,555.2,552.6,553.85,576691
1604904300,553.85,555.45,553.8,554.8,433200
1604905200,554.95,556.0,553.85,555.8,411734
1604906100,555.7,556.8,555.35,556.3,580957
1604907000,556.3,557.35,555.5,557.05,530586
1604907900,557.15,559.25,557.0,558.9,693150
1604908800,558.7,561.0,558.7,559.25,1560000
1604909700,559.25,559.75,557.3,557.6,584968
1604910600,557.65,559.9,557.5,559.6,555645
1604911500,559.6,559.7,558.3,558.85,451819
1604912400,558.75,562.9,558.75,562.8,1369947
1604913300,562.75,562.8,560.55,560.65,829041
1604914200,560.7,567.05,560.7,565.75,1955494
1604915100,565.85,568.0,565.0,567.6,1696383
1604979900,572.0,578.3,568.25,569.85,5165317
1604980800,569.8,576.0,568.8,575.25,1759501
1604981700,575.3,577.45,575.2,576.5,1356914
1604982600,576.6,580.8,576.35,578.9,1378570
1604983500,579.0,579.45,574.1,574.65,1402721
1604984400,574.65,576.95,574.6,576.5,695325
1604985300,576.65,579.35,576.25,578.75,847273
1604986200,578.7,581.0,578.0,579.6,1171437
1604987100,579.75,583.95,579.5,581.5,1536527
1604988000,581.5,582.45,579.15,580.95,841436
1604988900,581.0,581.45,578.0,579.8,1048367
1604989800,579.75,581.5,579.55,580.0,787273
1604990700,579.95,582.5,579.55,582.35,819939
1604991600,582.45,584.15,582.05,583.15,855484
1604992500,583.25,585.1,582.25,584.9,1008289
1604993400,585.05,586.0,583.0,584.85,1213193
1604994300,584.85,584.85,581.45,582.5,917231
1604995200,582.55,586.0,582.25,585.55,912707
1604996100,585.8,588.0,585.8,586.5,1593937
1604997000,586.55,587.0,578.2,578.25,2132205
1604997900,578.3,581.45,577.15,578.55,1840728
1604998800,578.55,581.45,578.35,580.75,976875
1604999700,580.75,585.35,580.25,584.0,1456861
1605000600,583.85,585.4,581.75,583.4,1446161
1605001500,583.2,584.45,581.8,581.9,1711674
1605066300,579.85,589.6,576.4,589.0,3600716
1605067200,589.0,590.0,586.4,589.3,1414767
1605068100,589.3,589.95,586.6,586.8,1042987
1605069000,586.65,588.45,585.25,588.15,948695
1605069900,588.2,593.0,586.65,592.65,1362864
1605070800,592.8,601.4,592.8,601.0,3042822
1605071700,601.2,608.0,599.6,600.35,3507349
1605072600,600.3,602.0,594.5,594.75,2100333
1605073500,594.5,596.0,588.7,592.6,3851805
1605074400,592.6,595.5,591.25,593.2,1358357
1605075300,593.7,595.15,591.9,593.1,1264615
1605076200,593.15,599.2,592.2,598.4,1750932
1605077100,598.65,599.9,593.0,593.75,1834102
1605078000,593.9,594.4,591.4,592.05,1553949
1605078900,592.05,592.25,588.0,589.9,1766156
1605079800,589.85,590.65,587.15,587.25,1588393
1605080700,587.2,588.5,584.1,587.45,2283856
1605081600,587.45,599.95,587.45,598.15,2908322
1605082500,598.2,601.9,595.9,600.2,2277473
1605083400,600.45,603.5,599.55,602.35,1593393
1605084300,602.35,605.0,600.8,604.1,1499352
1605085200,604.1,606.85,601.4,602.0,1473414
1605086100,601.75,609.65,601.75,609.3,1850794
1605087000,609.0,610.4,606.2,606.8,2217835
1605087900,606.8,611.15,605.85,606.65,2126645
1605152700,601.95,610.45,599.0,599.15,3984840
1605153600,599.5,602.6,598.15,598.45,1554384
1605154500,598.65,600.95,596.3,598.4,1507606
1605155400,598.65,599.45,595.1,599.15,1272048
1605156300,599.2,603.5,597.15,597.85,1529530
1605157200,598.15,600.9,597.35,600.45,932978
1605158100,600.45,602.4,599.9,601.95,963630
1605159000,602.0,605.0,601.3,603.2,1160334
1605159900,603.2,604.3,601.35,604.15,760036
1605160800,604.1,604.75,601.5,601.65,641633
1605161700,601.65,602.8,598.5,601.5,949253
1605162600,601.5,601.5,599.0,599.95,611814
1605163500,600.0,601.8,595.55,600.9,1296116
1605164400,601.0,602.9,598.65,599.95,773149
1605165300,599.95,600.05,596.65,597.85,1378851
1605166200,597.9,598.8,594.05,595.65,1368962
1605167100,596.05,596.25,589.5,591.5,2752187
1605168000,591.5,593.95,588.8,590.1,1635130
1605168900,590.05,597.6,590.0,595.7,1333895
1605169800,595.75,598.5,595.6,596.0,1113474
1605170700,596.0,597.0,593.7,597.0,888224
1605171600,596.85,596.95,592.8,594.75,966354
1605172500,594.75,597.75,594.1,597.75,1034655
1605173400,597.75,601.05,597.1,599.95,2088409
1605174300,599.75,601.0,598.05,598.1,1702587
1605239100,595.0,595.0,586.3,587.2,3163723
1605240000,587.15,588.1,584.3,586.9,2117889
1605240900,586.9,589.4,586.05,587.8,1032470
1605241800,587.85,589.2,586.65,587.75,679960
1605242700,587.75,597.8,587.75,595.2,2302614
1605243600,595.2,596.3,593.2,593.65,770036
1605244500,593.6,596.0,593.05,595.3,709667
1605245400,595.3,597.35,594.2,597.25,823440
1605246300,597.25,597.25,594.0,594.25,543151
1605247200,594.3,596.0,593.35,594.8,445407
1605248100,594.8,597.0,594.0,595.65,430527
1605249000,595.65,598.8,595.0,597.2,750182
1605249900,597.2,597.5,595.5,596.45,425965
1605250800,596.4,597.75,595.7,597.05,372963
1605251700,597.05,605.4,596.55,602.85,1943075
1605252600,602.5,604.75,602.0,604.75,890353
1605253500,604.6,604.9,601.55,603.7,760375
1605254400,603.9,604.4,601.75,602.15,542109
1605255300,602.15,608.75,602.15,606.8,1679919
1605256200,606.85,609.45,606.3,607.0,1234399
1605257100,606.9,607.8,605.25,607.6,714603
1605258000,607.55,611.3,607.05,609.4,1618806
1605258900,609.5,610.55,609.0,609.5,1132127
1605259800,609.5,611.45,608.45,610.85,1659321
1605260700,610.95,612.35,609.7,610.3,2031905
1605357900,613.95,618.0,612.5,617.0,1391318
1605358800,617.0,617.45,616.15,616.75,425282
1605359700,616.75,617.0,615.05,615.05,443842
1605360600,615.15,615.4,605.55,607.9,920737
1605584700,613.15,616.9,609.0,616.1,3490522
1605585600,615.9,617.0,613.9,615.85,1487918
1605586500,615.85,620.0,615.25,617.55,1860902
1605587400,617.55,618.9,616.2,616.5,1337792
1605588300,616.7,617.75,615.7,615.85,632195
1605589200,616.0,616.15,612.65,613.5,1310174
1605590100,613.5,618.55,613.15,617.5,785729
1605591000,617.6,620.0,617.2,618.9,1319916
1605591900,619.0,621.4,617.5,619.45,1064209
1605592800,619.25,621.0,618.95,620.2,481189
1605593700,620.2,620.4,618.1,619.05,543132
1605594600,618.8,619.7,618.2,618.65,256956
1605595500,618.65,619.2,617.5,618.85,323711
1605596400,619.55,619.8,614.85,616.6,786109
1605597300,616.6,617.95,616.55,616.9,315580
1605598200,617.05,617.3,615.1,615.8,389870
1605599100,615.6,617.4,615.3,616.75,393859
1605600000,616.95,618.8,616.7,617.55,377303
1605600900,617.55,617.7,615.9,616.6,283798
1605601800,616.7,619.7,616.7,619.15,675348
1605602700,619.2,620.0,618.0,618.7,564581
1605603600,618.75,619.4,616.5,617.75,691755
1605604500,617.7,629.4,617.7,628.4,2923914
1605605400,628.3,630.8,626.2,628.55,2087378
1605606300,628.55,630.9,627.4,629.0,1438682
1605671100,625.0,630.45,622.05,627.1,3235661
1605672000,627.0,631.65,626.15,628.95,1695538
1605672900,629.05,632.6,628.55,631.4,1364373
1605673800,631.55,633.0,630.0,631.35,1174556
1605674700,631.25,632.8,630.3,630.65,685699
1605675600,630.65,632.25,630.55,632.0,398991
1605676500,632.0,632.25,630.5,631.25,436744
1605677400,631.15,631.3,625.45,628.8,1484294
1605678300,628.75,629.95,627.0,629.0,663800
1605679200,629.0,629.1,628.0,628.65,262275
1605680100,628.7,629.75,627.5,627.95,371340
1605681000,627.95,629.3,627.7,628.55,272900
1605681900,628.55,629.8,627.45,628.7,465522
1605682800,628.75,629.45,626.35,626.85,603551
1605683700,626.85,630.35,626.85,629.5,632310
1605684600,629.6,634.9,629.05,633.55,1635462
1605685500,633.5,633.6,631.8,633.15,479036
1605686400,633.2,636.5,632.0,636.1,1171683
1605687300,636.1,639.45,635.6,637.65,1696174
1605688200,637.9,638.95,635.3,636.75,883434
1605689100,636.55,638.0,635.5,637.95,731214
1605690000,637.95,640.0,636.0,638.3,1091535
1605690900,638.3,638.5,635.3,636.9,851609
1605691800,637.0,638.0,635.7,636.5,1265818
1605692700,636.2,636.8,633.5,634.15,1331039
1605757500,619.0,629.95,619.0,625.25,3000781
1605758400,625.2,631.0,624.8,630.85,1879283
1605759300,630.85,630.9,627.2,629.95,1094661
1605760200,629.7,632.45,629.3,631.15,1037877
1605761100,631.15,631.25,629.5,629.85,599708
1605762000,629.75,630.4,626.1,626.95,985380
1605762900,626.8,627.2,624.25,626.0,1055277
1605763800,626.25,627.65,625.3,626.9,450863
1605764700,626.75,629.25,626.65,626.8,470579
1605765600,626.8,629.4,626.65,629.05,484761
1605766500,629.15,629.6,628.0,628.6,246201
1605767400,628.55,631.7,628.15,631.3,802217
1605768300,631.3,633.0,630.0,632.4,884574
1605769200,632.4,632.4,627.55,627.9,618216
1605770100,628.1,630.95,627.3,627.55,626560
1605771000,627.65,628.8,626.05,628.35,582516
1605771900,628.3,628.85,625.1,625.5,619781
1605772800,625.4,626.75,622.7,624.35,1233997
1605773700,624.4,624.45,619.8,621.9,1414720
1605774600,622.0,623.3,619.5,622.0,993581
1605775500,621.85,622.0,614.5,614.85,1532096
1605776400,614.85,619.55,613.15,618.65,1500048
1605777300,618.6,619.7,614.45,615.9,750970
1605778200,615.7,616.45,610.1,611.65,1981537
1605779100,611.65,611.95,609.05,610.2,1562222
1605843900,615.0,616.5,605.8,607.65,3167705
1605844800,607.65,611.75,604.45,610.3,1520337
1605845700,610.4,611.25,605.75,608.2,924552
1605846600,608.1,609.55,606.1,607.0,614120
1605847500,607.0,608.9,602.3,604.0,1251831
1605848400,604.3,604.6,599.0,600.25,1101043
1605849300,599.8,602.6,596.6,597.7,1310162
1605850200,597.55,599.15,594.2,594.2,938179
1605851100,594.2,598.15,593.0,597.15,1136075
1605852000,597.45,598.9,594.3,596.45,564195
1605852900,596.4,598.85,595.25,598.65,466993
1605853800,598.7,599.6,595.8,597.2,608171
1605854700,597.45,598.0,594.55,595.05,550803
1605855600,595.05,596.35,592.0,593.1,755757
1605856500,593.2,594.65,592.5,593.2,432208
1605857400,593.2,604.0,593.2,602.6,2273637
1605858300,602.8,603.3,598.1,599.5,903018
1605859200,599.5,603.5,596.2,602.65,981059
1605860100,602.65,609.7,602.65,608.7,1762254
1605861000,609.0,611.5,606.7,609.5,1561151
1605861900,609.5,613.0,608.7,609.7,1344532
1605862800,609.5,612.7,606.95,612.15,1628847
1605863700,612.15,613.6,610.1,613.6,989510
1605864600,613.45,613.65,608.15,608.6,1247742
1605865500,608.65,608.65,603.3,604.45,1472006
1606103100,610.95,612.6,602.05,604.9,1985812
1606104000,604.9,607.25,603.05,603.35,1114368
1606104900,603.1,605.2,597.25,599.7,1298471
1606105800,599.9,602.0,596.4,600.65,935669
1606106700,601.0,602.7,598.3,600.2,618610
1606107600,600.15,600.15,596.8,598.2,896645
1606108500,598.15,599.5,595.25,598.3,743274
1606109400,598.0,599.0,596.8,597.9,325236
1606110300,597.95,601.45,597.5,600.05,563157
1606111200,600.0,602.35,599.25,600.1,651100
1606112100,600.1,602.7,599.25,601.7,560242
1606113000,601.45,602.25,598.55,600.75,610138
1606113900,600.75,601.9,599.05,599.25,412693
1606114800,599.3,605.85,599.3,602.85,1642592
1606115700,603.3,605.0,601.4,603.6,976992
1606116600,603.6,604.0,600.3,601.25,592135
1606117500,601.35,604.55,600.2,602.1,602652
1606118400,602.05,606.35,601.05,604.5,1225173
1606119300,604.5,606.3,603.6,604.6,716968
1606120200,604.95,608.05,603.45,604.95,1153441
1606121100,604.95,605.65,602.25,604.05,832342
1606122000,603.95,604.5,595.75,598.45,1414663
1606122900,598.5,600.0,597.35,599.6,597550
1606123800,599.6,599.65,595.0,595.85,1392631
1606124700,596.0,597.0,592.7,596.9,1840058
1606189500,603.0,605.0,600.55,603.8,2198824
1606190400,604.0,607.0,603.1,603.95,1460480
1606191300,603.95,606.75,602.0,606.1,1160243
1606192200,606.1,608.0,605.8,607.1,1274491
1606193100,607.05,609.35,606.55,607.45,997547
1606194000,607.4,609.9,606.9,609.4,1049885
1606194900,609.4,612.0,609.2,610.05,1164686
1606195800,609.95,611.75,609.4,611.55,671393
1606196700,611.55,612.95,609.5,609.75,1049321
1606197600,609.75,611.85,609.7,611.7,512757
1606198500,611.75,617.5,611.65,615.5,1820263
1606199400,615.55,616.0,614.05,616.0,823357
1606200300,615.9,616.45,615.0,615.2,686080
1606201200,615.15,615.5,610.6,610.8,1536243
1606202100,610.85,613.9,610.0,613.2,1149347
1606203000,612.9,614.7,612.9,614.05,647013
1606203900,614.05,614.3,612.1,613.7,425755
1606204800,613.95,615.6,613.3,614.55,752664
1606205700,614.55,615.5,614.0,614.75,563957
1606206600,614.85,615.45,613.1,615.05,888060
1606207500,615.0,617.3,614.5,615.3,1661642
1606208400,615.3,616.8,614.85,615.7,918372
1606209300,615.8,622.6,614.4,621.2,2587553
1606210200,621.35,621.5,619.05,619.85,2017794
1606211100,619.8,622.0,616.6,619.5,2658650
1606275900,625.0,630.0,623.4,628.35,3447018
1606276800,628.2,628.4,624.6,626.8,1433974
1606277700,626.75,627.9,626.05,626.4,681636
1606278600,626.4,626.5,623.0,624.9,1406321
1606279500,625.05,625.25,620.35,621.8,1147859
1606280400,621.55,622.8,616.55,617.2,2153009
1606281300,617.2,619.65,614.45,617.25,1748825
1606282200,617.55,617.75,611.05,613.1,1690677
1606283100,613.2,613.3,610.2,612.35,1098954
1606284000,612.35,614.9,611.0,611.7,1238786
1606284900,611.75,613.5,610.5,612.0,1072214
1606285800,612.0,612.9,611.55,611.8,663496
1606286700,611.85,612.25,607.15,609.9,1241776
1606287600,610.0,614.45,609.65,613.9,1119426
1606288500,613.95,615.5,613.1,615.0,1169600
1606289400,615.1,615.5,613.0,615.5,795327
1606290300,615.5,615.6,610.55,611.75,1006584
1606291200,611.95,614.7,611.0,613.0,789473
1606292100,612.9,613.6,604.3,604.5,2037324
1606293000,604.5,606.5,602.5,603.9,1359783
1606293900,603.9,606.5,603.6,605.8,1108475
1606294800,605.8,607.85,603.2,605.0,1276172
1606295700,605.0,605.4,602.5,603.6,1087800
1606296600,603.8,603.8,599.05,600.55,2055360
1606297500,600.8,600.8,596.0,598.0,2230751
1606362300,602.25,604.15,594.05,600.6,2554336
1606363200,600.95,603.8,597.5,598.45,1938843
1606364100,598.4,600.1,596.5,598.5,1061243
1606365000,598.35,598.8,596.5,598.2,694376
1606365900,598.15,603.0,598.0,601.0,1129014
1606366800,601.15,605.0,599.7,603.7,1041673
1606367700,603.65,607.5,603.35,605.8,1292324
1606368600,605.8,608.85,605.0,606.85,1018336
1606369500,607.15,609.55,605.95,608.55,1327193
1606370400,608.55,609.3,606.8,608.25,658839
1606371300,608.15,609.0,604.35,605.7,994596
1606372200,605.95,606.0,601.5,601.85,1144332
1606373100,601.75,603.85,601.4,603.1,655553
1606374000,603.1,608.4,601.8,606.65,1042933
1606374900,606.7,613.4,606.65,611.1,2567320
1606375800,610.95,615.8,610.15,614.9,1980038
1606376700,614.6,618.2,614.35,617.15,1901317
1606377600,617.3,617.5,612.0,612.65,1654377
1606378500,612.65,612.8,609.55,611.9,1420740
1606379400,611.9,615.75,611.7,615.15,1538115
1606380300,615.1,615.5,612.95,613.7,1225636
1606381200,613.7,614.5,612.05,613.4,812507
1606382100,613.4,613.6,609.4,609.6,1244025
1606383000,609.75,615.5,609.7,612.05,2313295
1606383900,612.05,614.15,609.8,611.5,2230214
1606448700,612.0,613.65,607.75,608.6,1307263
1606449600,608.75,610.1,605.6,606.95,1145863
1606450500,607.0,611.0,605.0,610.0,1317442
1606451400,610.05,610.7,607.65,608.5,566294
1606452300,608.7,610.35,608.0,609.0,490817
1606453200,608.75,609.75,607.15,608.6,461177
1606454100,608.2,609.8,608.05,608.55,328444
1606455000,608.55,609.3,607.15,608.05,319953
1606455900,608.15,609.0,607.65,609.0,331275
1606456800,608.85,612.05,608.0,610.2,970394
1606457700,610.2,611.8,609.55,610.05,491232
1606458600,610.25,611.8,609.05,609.8,527405
1606459500,609.8,611.5,608.3,611.5,517514
1606460400,611.75,612.2,610.25,611.15,602981
1606461300,611.15,611.85,608.65,609.35,585808
1606462200,609.35,609.9,606.1,607.2,580952
1606463100,607.2,607.85,605.25,606.6,683241
1606464000,606.6,609.3,605.25,608.05,782100
1606464900,608.05,609.2,607.0,607.05,498153
1606465800,607.05,607.95,606.2,607.8,481332
1606466700,607.8,610.8,607.0,609.7,770613
1606467600,609.75,610.0,606.7,606.85,685359
1606468500,606.85,608.9,603.2,608.8,1539789
1606469400,608.7,608.7,599.8,599.9,7037257
1606470300,599.95,610.4,598.75,605.1,6878034
1606794300,611.0,615.0,596.2,598.5,3008359
1606795200,598.5,601.3,598.5,601.0,1433215
1606796100,600.85,601.5,598.0,598.65,1212086
1606797000,598.65,599.3,596.55,599.0,883919
1606797900,598.95,601.0,598.0,600.2,709744
1606798800,600.35,603.65,600.2,603.15,1262766
1606799700,603.45,605.05,602.3,604.4,1323291
1606800600,604.5,604.85,602.5,603.45,519517
1606801500,603.5,604.2,602.0,603.75,528739
1606802400,603.8,604.85,602.6,604.25,383337
1606803300,604.1,607.3,604.05,607.3,665937
1606804200,607.3,607.45,605.5,605.75,505567
1606805100,605.75,606.5,603.45,603.6,518693
1606806000,603.7,605.1,599.8,602.0,895484
1606806900,602.0,603.6,601.3,603.6,549052
1606807800,603.5,605.0,602.7,603.75,408093
1606808700,603.75,604.1,602.0,603.0,362854
1606809600,603.0,605.4,600.9,603.85,801435
1606810500,603.9,604.9,603.75,604.25,455761
1606811400,604.25,605.7,603.6,605.15,747132
1606812300,605.25,605.55,604.05,604.7,487106
1606813200,604.7,606.0,602.75,605.7,703427
1606814100,605.7,605.85,604.35,605.35,526812
1606815000,605.35,605.35,602.3,602.4,1142584
1606815900,602.4,605.35,601.85,603.9,1245811
1606816800,603.85,603.85,603.85,603.85,50
1606880700,607.0,607.2,601.25,605.5,1757324
1606881600,605.5,612.5,605.5,612.45,1692568
1606882500,612.5,613.5,608.5,608.8,1139555
1606883400,608.8,610.0,607.3,608.75,503546
1606884300,608.75,609.05,605.25,605.5,686573
1606885200,605.5,607.8,604.6,607.05,494012
1606886100,607.1,608.9,606.5,608.45,317768
1606887000,608.5,608.95,607.0,607.9,352079
1606887900,607.85,609.45,607.4,607.6,372921
1606888800,607.8,608.1,606.75,607.6,435831
1606889700,607.6,608.2,607.1,607.4,251388
1606890600,607.4,608.0,607.1,607.55,192664
1606891500,607.55,608.0,607.3,607.95,451388
1606892400,608.0,609.0,607.95,608.85,623384
1606893300,608.85,609.0,603.85,605.5,1087209
1606894200,605.35,605.7,602.5,603.9,831921
1606895100,603.8,605.6,602.55,604.85,527668
1606896000,604.65,604.65,602.05,604.0,474135
1606896900,603.8,605.5,603.35,603.8,378800
1606897800,604.05,605.0,601.4,603.05,782975
1606898700,603.15,605.45,601.3,605.15,600745
1606899600,605.15,606.55,603.2,605.95,798737
1606900500,605.85,609.0,605.6,605.9,1473248
1606901400,605.95,609.0,605.7,608.9,1493661
1606902300,608.95,609.0,608.15,608.3,1325563
1606967100,610.15,611.0,601.6,603.0,2889553
1606968000,603.1,604.25,600.35,602.0,1116459
1606968900,602.0,604.9,601.85,604.5,720994
1606969800,604.55,605.5,604.2,605.5,571729
1606970700,605.5,608.0,605.5,606.75,882967
1606971600,606.9,608.45,605.9,608.0,691164
1606972500,607.95,609.0,607.2,608.25,706572
1606973400,608.2,610.2,607.3,609.05,751114
1606974300,609.0,609.15,607.3,607.65,458849
1606975200,607.7,608.5,605.8,608.35,403375
1606976100,608.35,608.9,607.5,608.2,332714
1606977000,608.05,609.0,607.5,608.6,360478
1606977900,608.6,608.6,605.25,606.65,470621
1606978800,606.65,607.6,605.65,606.5,363041
1606979700,606.5,608.0,603.6,604.0,639163
1606980600,604.05,604.65,602.7,603.85,771268
1606981500,603.7,605.95,603.3,605.5,484871
1606982400,605.35,605.95,603.05,604.95,434346
1606983300,604.95,607.0,604.05,605.1,570479
1606984200,605.25,605.8,604.0,605.1,356664
1606985100,605.15,606.0,602.6,604.1,646476
1606986000,604.1,605.45,603.25,603.35,552438
1606986900,603.6,604.3,603.0,603.9,496112
1606987800,603.75,604.5,601.8,602.15,931520
1606988700,602.05,603.0,601.5,602.85,1105643
1607053500,606.6,607.4,604.45,604.75,1072125
1607054400,604.7,608.65,604.55,608.2,755176
1607055300,608.25,608.5,606.45,607.1,504792
1607056200,607.1,607.8,605.5,607.05,494260
1607057100,607.1,612.4,607.05,611.8,1753801
1607058000,612.0,614.65,610.0,610.0,1634414
1607058900,610.1,611.0,609.0,610.0,621081
1607059800,610.0,610.6,608.75,608.9,591038
1607060700,609.05,610.25,608.0,609.9,459765
1607061600,610.0,610.25,607.5,608.7,396306
1607062500,608.7,609.5,607.65,608.05,340379
1607063400,608.0,608.95,607.55,608.8,182710
1607064300,608.75,609.2,607.35,607.65,294599
1607065200,607.7,608.4,605.7,606.55,599546
1607066100,606.55,606.8,603.2,604.15,766860
1607067000,604.45,607.35,604.05,606.85,432491
1607067900,607.0,608.4,605.8,608.05,353068
1607068800,608.1,609.85,608.05,609.0,527344
1607069700,609.0,609.9,606.45,608.3,430240
1607070600,608.1,609.2,607.5,607.5,263691
1607071500,607.5,612.8,607.5,612.6,1209308
1607072400,612.4,613.7,610.55,613.35,1292355
1607073300,613.5,614.5,612.35,614.15,1144947
1607074200,614.3,615.0,612.5,614.8,1682580
1607075100,615.0,616.45,613.8,615.65,2194038
1607312700,616.95,624.4,612.45,620.0,2647008
1607313600,619.6,620.95,616.75,619.05,1190574
1607314500,619.4,620.4,616.85,617.8,767340
1607315400,617.5,618.9,616.0,617.7,683526
1607316300,617.75,618.5,615.0,615.65,650843
1607317200,615.55,617.5,615.1,617.35,414028
1607318100,617.4,617.45,616.0,616.3,286849
1607319000,616.3,616.8,613.2,613.55,588733
1607319900,613.5,617.0,613.5,615.8,470817
1607320800,615.9,615.9,613.5,614.5,535901
1607321700,614.5,615.7,614.5,614.9,342802
1607322600,614.75,618.5,614.75,617.25,939966
1607323500,617.5,619.5,617.5,619.05,952754
1607324400,619.05,619.15,616.9,618.2,555995
1607325300,618.15,620.0,617.7,619.8,620191
1607326200,619.7,620.0,618.5,618.85,596788
1607327100,619.15,619.4,617.95,619.3,396953
1607328000,619.25,619.3,614.6,616.0,1130578
1607328900,616.2,618.55,615.1,617.25,714019
1607329800,617.25,617.5,614.5,615.5,769361
1607330700,615.35,617.45,615.05,616.9,436395
1607331600,616.9,617.3,615.6,616.8,463171
1607332500,616.95,619.45,616.75,618.6,1043983
1607333400,618.7,620.0,618.55,619.45,3897866
1607334300,619.2,620.5,614.25,614.7,3487694
1607399100,619.1,620.0,611.6,616.7,1900223
1607400000,617.0,621.7,616.5,621.4,1362920
1607400900,621.55,623.3,621.3,623.3,896431
1607401800,623.1,623.85,620.4,621.3,593007
1607402700,621.3,622.5,620.75,620.75,371824
1607403600,620.75,622.2,619.5,621.0,484186
1607404500,621.2,622.6,620.6,621.35,448521
1607405400,621.4,621.75,617.0,619.0,1082330
1607406300,619.25,619.5,616.55,616.8,534991
1607407200,616.9,619.7,616.0,619.2,616851
1607408100,619.05,620.45,618.5,618.75,539636
1607409000,618.75,619.4,617.4,619.0,314461
1607409900,618.95,620.2,618.0,620.15,435234
1607410800,620.15,621.4,619.5,620.3,506086
1607411700,620.3,621.2,619.5,620.4,328656
1607412600,620.65,621.3,617.9,619.35,576293
1607413500,619.55,620.0,619.0,619.0,239553
1607414400,619.0,620.9,618.25,620.75,409505
1607415300,620.9,621.85,619.75,621.55,466248
1607416200,621.55,621.75,619.5,620.8,398895
1607417100,620.85,621.55,620.45,621.2,358582
1607418000,621.3,622.0,620.65,621.8,448707
1607418900,621.85,622.5,620.5,621.5,447588
1607419800,621.5,622.0,619.0,620.1,1098528
1607420700,620.15,621.4,619.5,620.05,1101183
1607485500,619.15,625.95,619.0,623.05,1869724
1607486400,623.0,624.45,622.25,622.55,572605
1607487300,622.55,623.75,622.3,623.15,342715
1607488200,623.35,624.45,621.6,624.1,476056
1607489100,624.3,627.45,624.1,625.0,1761945
1607490000,625.0,627.5,624.75,626.95,558425
1607490900,627.0,627.0,626.0,626.3,405776
1607491800,626.3,627.0,625.05,626.25,676299
1607492700,626.25,626.5,624.9,625.5,527434
1607493600,625.5,628.6,625.4,627.85,916336
1607494500,627.8,628.75,627.2,628.7,639023
1607495400,628.7,630.8,627.8,630.0,1403110
1607496300,629.95,630.5,629.4,629.7,523407
1607497200,629.6,629.6,628.15,628.7,496548
1607498100,628.7,628.9,627.7,628.1,422207
1607499000,628.1,629.25,627.7,627.85,351032
1607499900,627.85,629.9,627.85,629.7,426437
1607500800,629.7,630.6,629.0,629.9,784068
1607501700,629.9,630.8,629.15,630.0,497080
1607502600,629.9,634.5,629.5,634.25,1517778
1607503500,634.05,634.8,632.25,632.8,1430029
1607504400,632.7,635.0,632.15,633.65,1177347
1607505300,633.85,634.0,630.85,631.6,993518
1607506200,631.55,634.25,631.5,634.05,1354248
1607507100,634.05,636.7,631.7,634.0,1834624
1607571900,624.5,632.0,624.5,628.4,2061886
1607572800,628.4,632.45,628.25,628.85,1040922
1607573700,628.7,629.95,628.0,629.0,595122
1607574600,628.9,628.9,626.0,626.8,787457
1607575500,626.8,628.75,625.3,625.7,586178
1607576400,625.7,626.9,625.0,626.5,366218
1607577300,626.1,627.7,625.6,626.7,343164
1607578200,626.7,629.3,626.55,627.2,466422
1607579100,627.2,627.5,626.25,626.8,362630
1607580000,626.7,628.35,626.5,627.6,307407
1607580900,627.65,628.0,626.15,627.1,542706
1607581800,627.2,627.5,625.5,625.6,370039
1607582700,625.6,626.9,625.25,626.85,284835
1607583600,626.85,627.4,626.25,626.8,328475
1607584500,626.9,628.3,626.05,627.55,452492
1607585400,627.6,628.6,627.5,628.3,319520
1607586300,628.3,629.0,627.75,628.75,445843
1607587200,628.45,628.75,623.5,625.2,1326662
1607588100,625.25,626.4,623.75,624.6,507061
1607589000,624.6,625.55,621.0,621.4,744761
1607589900,621.4,623.9,620.35,623.6,630964
1607590800,623.6,625.65,623.25,624.55,699104
1607591700,624.65,628.4,624.1,626.4,970507
1607592600,626.55,627.95,625.15,625.2,799143
1607593500,625.3,628.2,625.3,625.9,731596
1607658300,626.35,628.35,623.55,627.2,1107182
1607659200,627.4,631.65,627.15,631.0,1123291
1607660100,630.95,630.95,627.0,627.9,573141
1607661000,627.9,628.15,626.15,626.3,540320
1607661900,626.25,628.5,625.45,628.2,415894
1607662800,628.2,628.2,626.0,626.1,275889
1607663700,626.15,626.2,624.55,626.0,454091
1607664600,625.95,626.9,625.5,626.0,248876
1607665500,625.9,626.2,622.4,623.4,622646
1607666400,623.4,624.2,621.65,624.15,434528
1607667300,624.15,626.0,623.95,625.4,359356
1607668200,625.1,626.5,624.55,626.05,253843
1607669100,626.35,627.5,625.65,626.65,254456
1607670000,626.75,627.45,626.2,626.85,274247
1607670900,626.85,627.5,625.5,625.9,469618
1607671800,625.9,626.0,624.45,624.9,253836
1607672700,624.9,625.6,621.4,622.2,572751
1607673600,622.2,622.75,620.55,621.7,635338
1607674500,621.8,622.4,615.1,616.0,1061506
1607675400,616.05,616.2,610.0,611.05,1683018
1607676300,611.3,612.2,608.35,611.95,1348878
1607677200,612.0,615.0,611.65,613.3,916999
1607678100,613.2,614.35,610.15,611.55,810644
1607679000,611.4,614.7,611.4,614.25,1268159
1607679900,614.3,615.9,611.05,612.0,1972658
1607917500,616.0,619.2,615.0,615.75,1654496
1607918400,615.8,617.5,614.4,616.4,563133
1607919300,616.4,616.9,613.5,613.95,518493
1607920200,613.95,614.95,613.0,614.15,453465
1607921100,614.15,615.75,613.6,615.45,359695
1607922000,615.45,615.45,612.4,613.65,334087
1607922900,613.6,615.3,613.0,614.75,239300
1607923800,614.7,614.85,613.2,614.0,246493
1607924700,614.0,614.3,612.7,613.85,218946
1607925600,613.85,615.0,613.55,613.9,308014
1607926500,613.9,615.45,613.6,615.0,252656
1607927400,614.95,621.9,614.6,621.55,1432039
1607928300,621.45,623.8,621.25,622.4,1486317
1607929200,622.35,623.55,621.0,621.95,567660
1607930100,622.0,622.0,618.05,618.85,567958
1607931000,618.85,623.0,618.7,622.95,393087
1607931900,622.95,623.35,621.75,622.8,369487
1607932800,622.85,622.85,620.45,621.65,388076
1607933700,621.65,622.5,619.0,619.7,455378
1607934600,619.65,620.5,619.05,619.25,375749
1607935500,619.05,620.25,618.05,620.0,400103
1607936400,620.0,620.45,618.6,620.0,296649
1607937300,619.95,620.9,616.55,618.25,536843
1607938200,618.3,618.3,615.15,615.7,1052671
1607939100,615.7,616.2,615.0,616.0,1068882
1608003900,615.75,615.75,602.3,607.1,4045759
1608004800,607.4,607.5,604.4,606.65,1226410
1608005700,606.4,607.95,604.5,605.5,758122
1608006600,605.45,605.45,602.8,603.9,903994
1608007500,603.6,605.0,603.35,604.9,372621
1608008400,604.9,605.7,603.9,605.1,727358
1608009300,605.1,606.0,603.9,605.3,736233
1608010200,605.35,608.5,605.2,607.4,876123
1608011100,607.4,610.45,606.3,610.1,1180065
1608012000,610.1,611.0,609.35,610.85,859929
1608012900,610.6,610.9,606.75,606.75,629527
1608013800,606.85,607.3,606.1,606.95,470698
1608014700,606.95,607.65,604.6,605.05,662121
1608015600,605.05,606.25,604.5,604.9,746845
1608016500,604.8,607.45,604.75,607.0,513481
1608017400,607.0,607.8,606.0,606.35,534607
1608018300,606.35,606.8,604.7,605.0,671363
1608019200,605.1,606.5,604.75,605.2,478873
1608020100,605.35,607.5,605.0,606.55,623745
1608021000,606.55,609.0,606.55,607.8,915168
1608021900,607.85,609.75,607.6,608.25,565534
1608022800,608.3,609.1,607.6,608.1,629370
1608023700,608.2,609.2,608.0,608.3,579974
1608024600,608.55,609.45,606.45,606.5,1381083
1608025500,606.65,607.2,605.5,607.2,1144958
1608090300,613.55,614.9,609.15,611.35,1994350
1608091200,611.5,612.3,610.0,611.85,977775
1608092100,612.0,613.4,611.05,612.55,851953
1608093000,612.55,613.3,610.45,611.8,795497
1608093900,611.9,612.7,611.5,611.55,273062
1608094800,611.6,612.4,610.9,612.1,300269
1608095700,612.15,612.4,610.8,611.2,290428
1608096600,611.1,611.85,610.2,610.95,271994
1608097500,610.85,611.1,609.25,609.7,370231
1608098400,609.65,610.5,609.65,610.0,250332
1608099300,610.0,610.8,609.8,610.2,148412
1608100200,610.1,611.45,609.85,611.15,422332
1608101100,611.0,611.25,610.0,610.3,173206
1608102000,610.3,610.55,607.0,607.45,855405
1608102900,607.45,608.2,604.8,606.85,771331
1608103800,606.8,607.95,606.4,606.7,390312
1608104700,606.7,607.95,606.55,606.85,311916
1608105600,606.85,608.5,606.25,608.0,413002
1608106500,608.2,609.5,608.2,609.05,497555
1608107400,609.1,610.2,608.05,609.7,518018
1608108300,609.65,609.85,606.8,608.15,468594
1608109200,608.1,608.2,607.05,607.8,358360
1608110100,607.8,608.1,606.45,607.0,536293
1608111000,607.0,607.8,605.35,605.85,1158520
1608111900,605.95,606.7,605.0,606.0,1408947
1608176700,607.25,608.15,603.2,604.2,1778377
1608177600,604.25,605.75,604.15,604.9,562890
1608178500,604.95,606.25,604.3,604.9,577086
1608179400,605.05,605.8,604.8,605.05,308360
1608180300,605.0,605.3,604.15,605.1,291427
1608181200,605.2,605.5,604.5,604.85,273158
1608182100,604.9,605.5,604.5,605.4,363923
1608183000,605.4,606.0,605.3,605.9,384051
1608183900,606.0,606.45,604.9,605.25,405297
1608184800,605.3,606.0,605.0,605.0,299824
1608185700,605.05,606.0,605.0,605.6,397197
1608186600,605.6,609.4,605.4,608.7,1106602
1608187500,608.7,611.0,608.65,610.8,1093407
1608188400,610.8,611.0,608.6,608.65,560995
1608189300,608.85,609.5,607.1,607.55,497325
1608190200,607.7,608.4,606.6,608.25,500962
1608191100,608.2,608.7,606.25,607.2,378802
1608192000,607.2,607.85,605.4,605.7,469291
1608192900,605.8,607.75,605.7,606.7,310646
1608193800,606.75,607.5,606.4,607.0,266702
1608194700,606.95,607.05,604.95,605.7,653116
1608195600,605.65,606.4,605.05,605.95,385919
1608196500,606.0,606.15,605.1,605.1,320643
1608197400,605.3,606.0,605.05,605.65,1038078
1608198300,605.6,606.0,604.0,605.5,1303370
1608263100,604.4,605.4,602.5,604.1,1484293
1608264000,604.2,604.25,597.55,600.4,1777815
1608264900,600.35,600.35,596.5,597.3,1036057
1608265800,597.4,600.95,597.0,600.55,693299
1608266700,600.55,603.65,599.75,601.7,749651
1608267600,601.6,602.9,600.7,601.8,264642
1608268500,601.9,603.5,601.9,602.7,425692
1608269400,602.9,604.0,602.55,603.95,309784
1608270300,603.95,605.8,603.65,604.85,627022
1608271200,604.85,605.0,602.65,603.5,315607
1608272100,603.35,603.55,601.5,603.05,262962
1608273000,603.05,604.5,603.05,604.0,229010
1608273900,604.05,606.65,603.35,605.2,443861
1608274800,605.1,606.0,603.4,603.8,590920
1608275700,603.8,604.6,602.7,603.2,312697
1608276600,603.2,604.0,602.5,603.65,238927
1608277500,603.55,605.5,602.9,605.1,364628
1608278400,605.1,605.9,603.55,604.9,416735
1608279300,604.9,605.5,603.85,605.05,345424
1608280200,605.05,607.9,603.65,607.2,823902
1608281100,607.2,607.85,606.35,607.0,856299
1608282000,606.85,609.9,606.1,609.3,1102872
1608282900,609.2,609.45,607.15,607.9,770760
1608283800,607.85,610.0,607.85,609.95,1513563
1608284700,609.95,611.0,608.4,608.6,1292074
1608522300,605.25,607.25,595.5,597.2,2287164
1608523200,597.2,600.3,596.7,600.2,1013604
1608524100,600.25,601.4,598.6,599.35,941593
1608525000,599.25,601.45,599.0,601.45,596615
1608525900,601.35,602.45,601.05,602.0,523082
1608526800,602.0,602.9,600.0,602.55,574030
1608527700,602.6,603.0,601.85,602.05,270091
1608528600,602.05,603.85,601.3,602.4,322586
1608529500,602.5,603.65,602.0,602.85,184014
1608530400,603.0,603.0,601.1,602.3,227070
1608531300,602.35,603.5,602.15,602.95,203538
1608532200,602.95,603.5,600.85,601.25,295979
1608533100,601.25,602.0,600.35,600.6,212086
1608534000,600.7,601.4,599.55,600.55,461558
1608534900,600.55,601.0,594.45,594.75,1111824
1608535800,594.65,597.2,593.4,595.0,938637
1608536700,594.9,596.7,593.55,596.2,415333
1608537600,596.4,596.7,593.0,595.75,731528
1608538500,595.8,596.45,594.0,594.2,460407
1608539400,594.0,597.35,593.7,596.25,518157
1608540300,596.5,596.5,590.0,590.45,877343
1608541200,590.4,592.35,573.4,587.5,1946461
1608542100,587.5,589.45,577.3,577.7,978953
1608543000,577.7,586.0,577.5,582.4,1446962
1608543900,582.75,583.65,578.0,578.55,1011822
1608608700,585.0,590.75,578.05,580.1,1924326
1608609600,580.3,583.05,575.2,577.4,1239223
1608610500,577.25,579.75,573.0,577.35,942723
1608611400,577.25,580.9,576.5,577.65,642365
1608612300,577.7,580.5,575.9,580.1,775366
1608613200,579.7,580.4,577.0,579.25,478872
1608614100,579.25,581.9,578.1,579.3,435960
1608615000,579.3,580.95,577.5,578.4,318406
1608615900,578.4,578.75,575.25,575.5,447759
1608616800,575.6,575.8,570.7,572.5,803275
1608617700,572.4,575.95,571.6,574.35,416142
1608618600,574.35,574.35,571.5,572.0,282149
1608619500,572.0,572.0,569.2,569.75,478208
1608620400,570.0,577.0,568.4,576.85,820336
1608621300,576.85,579.8,574.1,576.85,609500
1608622200,576.75,578.0,575.0,575.15,550708
1608623100,575.15,580.75,574.95,576.15,1079665
1608624000,576.2,582.0,574.35,580.1,859755
1608624900,580.1,580.5,576.25,580.4,899853
1608625800,580.3,582.25,578.85,581.2,574397
1608626700,581.15,584.8,580.4,582.9,939247
1608627600,583.1,587.0,582.15,586.3,891798
1608628500,586.25,587.0,580.75,582.85,711269
1608629400,582.85,591.35,582.5,590.35,1364692
1608630300,590.15,593.95,589.05,593.0,1373452
1608695100,589.0,590.4,585.95,587.7,1290309
1608696000,587.8,587.8,584.3,586.0,712553
1608696900,586.0,589.05,585.6,588.75,681673
1608697800,588.7,589.75,586.4,586.95,475516
1608698700,586.95,591.0,586.95,590.5,622328
1608699600,590.75,593.65,590.15,592.5,1083269
1608700500,592.7,593.2,590.65,591.0,313844
1608701400,591.0,592.5,590.2,591.6,321621
1608702300,591.3,591.9,589.1,589.15,348700
1608703200,589.15,590.9,589.0,589.95,241331
1608704100,590.0,591.7,589.8,590.35,270213
1608705000,590.3,590.8,590.0,590.05,206655
1608705900,590.3,591.9,590.05,591.0,334221
1608706800,590.95,594.4,590.75,593.45,547617
1608707700,593.45,594.5,592.45,593.0,541282
1608708600,593.25,593.65,589.0,591.2,673901
1608709500,591.25,592.85,590.5,592.0,238447
1608710400,592.05,593.65,591.05,592.6,231723
1608711300,592.8,593.55,591.6,591.75,195579
1608712200,591.75,592.4,590.8,591.9,291109
1608713100,591.8,593.0,591.3,591.35,283574
1608714000,591.35,592.0,590.1,591.45,296602
1608714900,591.45,591.8,590.1,590.55,303448
1608715800,590.55,593.0,590.5,592.25,833446
1608716700,592.2,594.5,591.35,594.0,862141
1608781500,595.0,602.9,594.15,602.7,1408746
1608782400,602.7,606.35,602.7,604.5,883498
1608783300,604.45,607.0,602.7,605.6,734303
1608784200,605.75,607.95,605.7,607.15,507033
1608785100,607.1,609.0,606.25,607.8,579688
1608786000,607.6,608.0,606.8,607.6,357677
1608786900,607.7,608.6,606.3,607.0,495722
1608787800,606.95,608.5,606.25,607.3,541951
1608788700,607.3,610.5,606.2,609.65,1013235
1608789600,609.65,611.45,608.55,610.25,783691
1608790500,610.5,610.75,609.0,609.8,466032
1608791400,609.95,610.5,608.7,609.15,335911
1608792300,609.1,610.1,608.8,609.65,219308
1608793200,609.6,610.9,609.3,610.15,245492
1608794100,610.45,611.0,608.75,609.7,362067
1608795000,609.65,609.9,608.9,609.4,151710
1608795900,609.4,612.5,608.0,612.15,891735
1608796800,612.15,614.0,610.6,613.05,738567
1608797700,613.05,613.85,612.0,612.35,478724
1608798600,612.3,612.95,611.2,612.7,380672
1608799500,612.6,612.95,610.25,610.25,513161
1608800400,610.25,611.5,610.0,610.4,748190
1608801300,610.5,610.7,608.15,609.05,571278
1608802200,609.1,610.95,608.5,610.3,863861
1608803100,610.05,611.5,609.25,609.25,1193589
1609127100,614.0,619.95,614.0,619.95,1051183
1609128000,619.95,620.8,616.0,617.5,1106099
1609128900,617.5,618.7,617.4,618.5,341532
1609129800,618.4,618.8,617.3,617.8,219081
1609130700,617.8,618.4,616.8,617.1,247040
1609131600,617.1,617.45,615.4,616.0,313860
1609132500,616.0,617.95,615.7,617.4,223506
1609133400,617.25,617.8,616.5,616.9,112573
1609134300,616.9,617.75,616.75,616.85,127243
1609135200,616.85,617.45,616.5,616.8,94315
1609136100,616.8,617.4,616.2,616.45,97969
1609137000,616.45,617.85,616.1,617.4,110040
1609137900,617.5,619.9,617.4,619.0,504236
1609138800,619.1,619.5,618.4,619.4,228896
1609139700,619.45,620.25,619.0,619.0,434075
1609140600,619.35,620.0,618.75,619.5,222278
1609141500,619.55,619.6,618.05,618.75,215688
1609142400,618.9,620.2,618.6,619.35,295091
1609143300,619.35,619.65,618.6,619.25,185889
1609144200,619.25,620.0,618.4,619.0,241769
1609145100,619.05,619.3,616.75,618.3,363802
1609146000,618.4,619.2,617.8,618.8,235779
1609146900,618.8,619.6,617.6,617.75,237699
1609147800,618.0,618.5,617.0,617.35,580540
1609148700,617.6,618.2,616.7,617.3,636451
1609213500,620.7,626.0,620.7,625.25,1131156
1609214400,625.2,627.4,624.4,626.0,871933
1609215300,626.0,626.3,623.65,623.95,431277
1609216200,623.95,625.95,623.9,625.7,321014
1609217100,625.5,626.9,625.05,625.05,451954
1609218000,625.05,625.1,622.85,623.0,545033
1609218900,623.25,623.25,618.6,621.2,895861
1609219800,621.15,623.95,620.25,623.6,284858
1609220700,623.6,624.5,622.5,622.85,230458
1609221600,622.9,624.0,622.5,623.9,165432
1609222500,623.9,625.6,623.55,624.95,304095
1609223400,624.9,626.5,624.65,624.95,418225
1609224300,624.75,627.0,624.75,625.8,360629
1609225200,625.8,626.3,625.05,625.9,216922
1609226100,625.9,626.5,625.3,625.85,154299
1609227000,625.85,628.0,625.3,627.8,561659
1609227900,627.8,629.4,627.6,628.35,580942
1609228800,628.35,628.75,627.05,627.3,280150
1609229700,627.3,629.75,627.3,629.6,563817
1609230600,629.5,630.5,629.3,629.65,831487
1609231500,629.9,630.75,629.05,629.8,649740
1609232400,629.9,632.4,629.55,632.0,910861
1609233300,631.8,632.1,630.4,630.8,575127
1609234200,630.95,631.6,629.15,629.9,1016812
1609235100,629.9,630.8,629.0,630.3,988570
1609299900,632.25,634.0,625.05,626.3,1193547
1609300800,626.2,628.1,625.5,626.45,425533
1609301700,626.3,627.95,625.05,625.75,357599
1609302600,625.9,626.15,624.05,626.15,417634
1609303500,626.15,627.0,623.1,623.8,404436
1609304400,623.55,625.0,623.45,624.95,192876
1609305300,624.95,627.2,624.6,626.25,326326
1609306200,626.25,626.5,623.5,624.75,257039
1609307100,624.75,625.85,624.0,624.25,237094
1609308000,624.25,624.95,623.2,623.95,307392
1609308900,623.65,624.5,621.0,621.6,493696
1609309800,621.65,623.4,621.5,623.3,240105
1609310700,623.4,623.4,621.55,622.2,169672
1609311600,622.2,623.8,618.2,620.0,690658
1609312500,620.2,621.3,619.2,620.7,234653
1609313400,620.9,622.4,620.65,621.25,248196
1609314300,621.25,621.5,619.5,619.95,260343
1609315200,619.95,624.5,619.9,623.4,536200
1609316100,623.05,624.1,622.5,623.55,305478
1609317000,623.35,625.0,623.35,623.55,467114
1609317900,623.55,624.95,623.2,624.65,238694
1609318800,624.65,625.0,623.65,624.45,222333
1609319700,624.25,625.0,623.95,624.15,326156
1609320600,624.2,626.1,624.15,625.05,820018
1609321500,625.05,625.45,623.35,624.0,864661
1609386300,622.4,625.95,616.6,625.0,1112005
1609387200,625.1,625.3,622.7,623.5,417526
1609388100,623.4,624.0,622.0,622.1,416383
1609389000,622.15,622.2,620.5,621.25,369685
1609389900,621.05,621.3,619.7,620.2,592463
1609390800,620.1,622.55,619.85,622.4,357261
1609391700,622.4,623.0,619.05,620.3,424474
1609392600,620.3,621.0,619.45,620.7,217908
1609393500,620.55,620.9,619.55,620.15,214805
1609394400,620.2,620.7,619.5,619.6,165715
1609395300,619.6,619.6,617.05,617.75,529786
1609396200,617.75,617.9,616.0,616.25,488104
1609397100,616.25,617.9,616.05,617.2,262870
1609398000,616.9,620.65,616.6,620.3,559203
1609398900,620.25,620.65,618.75,619.55,242998
1609399800,619.4,620.5,619.1,620.05,160902
1609400700,620.15,620.65,618.55,620.15,229428
1609401600,620.2,621.45,619.15,619.7,278674
1609402500,619.7,621.5,619.15,621.0,250228
1609403400,621.0,621.85,620.0,620.5,338698
1609404300,620.4,620.4,618.15,618.7,433461
1609405200,618.65,620.8,617.65,620.8,479239
1609406100,620.8,622.0,620.5,621.95,757260
1609407000,621.95,623.4,618.65,619.1,1646215
1609407900,619.1,619.95,618.0,619.4,1339372
1609472700,620.25,623.85,619.15,622.0,627252
1609473600,621.9,622.65,620.85,621.35,322825
1609474500,621.1,621.75,620.3,621.4,180699
1609475400,621.4,621.4,619.4,619.7,272846
1609476300,619.65,619.65,617.55,619.4,526015
1609477200,619.4,620.8,618.85,620.5,240154
1609478100,620.45,622.55,620.35,621.85,298321
1609479000,621.95,622.45,620.65,621.4,147444
1609479900,621.4,621.9,620.8,621.1,99051
1609480800,621.1,621.8,621.0,621.45,103003
1609481700,621.5,622.0,620.7,621.6,130932
1609482600,621.6,623.3,621.0,622.5,243643
1609483500,622.45,624.5,621.8,623.75,221212
1609484400,623.9,624.85,623.0,624.0,262585
1609485300,623.85,624.2,623.15,623.55,146636
1609486200,623.55,623.95,622.45,622.55,135687
1609487100,622.75,623.5,622.6,623.1,93459
1609488000,623.3,623.7,621.15,622.35,249954
1609488900,622.4,623.4,621.95,623.25,121210
1609489800,623.25,624.45,623.05,623.85,164566
1609490700,623.85,624.0,622.6,623.0,103992
1609491600,623.05,623.85,622.8,623.7,159480
1609492500,623.6,623.85,623.0,623.4,131560
1609493400,623.15,624.0,622.5,623.8,416783
1609494300,624.0,625.45,621.85,623.4,646648
1609495200,623.4,623.4,623.4,623.4,9
1609731900,627.8,628.95,625.3,627.4,701543
1609732800,627.35,631.0,626.55,631.0,1278206
1609733700,631.0,633.0,630.0,632.15,924982
1609734600,632.2,632.2,630.5,630.7,347808
1609735500,630.7,631.85,630.6,631.35,271686
1609736400,631.3,631.45,629.6,630.1,371099
1609737300,630.05,630.75,623.25,625.6,992841
1609738200,625.4,626.35,621.3,625.4,1233016
1609739100,625.0,625.85,623.15,624.95,448983
1609740000,625.0,626.8,624.75,626.05,376139
1609740900,626.0,626.45,624.0,624.1,302527
1609741800,624.05,625.25,623.5,624.75,330450
1609742700,625.0,625.65,624.3,625.05,295654
1609743600,625.0,626.7,624.95,626.3,542965
1609744500,626.35,627.25,625.25,626.2,359492
1609745400,625.85,626.6,624.15,625.25,369423
1609746300,625.2,627.0,624.65,626.85,351240
1609747200,626.85,627.9,625.6,626.3,405512
1609748100,626.45,627.25,625.55,626.6,314446
1609749000,626.65,626.65,623.1,624.55,660956
1609749900,624.7,624.8,622.1,624.65,731241
1609750800,624.6,626.15,624.2,625.6,480001
1609751700,625.3,625.55,623.25,624.1,360857
1609752600,624.1,625.75,624.0,624.0,664259
1609753500,624.0,627.0,623.0,625.75,928556
1609731900,627.8,628.95,625.3,627.4,701543
1609732800,627.35,631.0,626.55,631.0,1278206
1609733700,631.0,633.0,630.0,632.15,924982
1609734600,632.2,632.2,630.5,630.7,347808
1609735500,630.7,631.85,630.6,631.35,271686
1609736400,631.3,631.45,629.6,630.1,371099
1609737300,630.05,630.75,623.25,625.6,992841
1609738200,625.4,626.35,621.3,625.4,1233016
1609739100,625.0,625.85,623.15,624.95,448983
1609740000,625.0,626.8,624.75,626.05,376139
1609740900,626.0,626.45,624.0,624.1,302527
1609741800,624.05,625.25,623.5,624.75,330450
1609742700,625.0,625.65,624.3,625.05,295654
1609743600,625.0,626.7,624.95,626.3,542965
1609744500,626.35,627.25,625.25,626.2,359492
1609745400,625.85,626.6,624.15,625.25,369423
1609746300,625.2,627.0,624.65,626.85,351240
1609747200,626.85,627.9,625.6,626.3,405512
1609748100,626.45,627.25,625.55,626.6,314446
1609749000,626.65,626.65,623.1,624.55,660956
1609749900,624.7,624.8,622.1,624.65,731241
1609750800,624.6,626.15,624.2,625.6,480001
1609751700,625.3,625.55,623.25,624.1,360857
1609752600,624.1,625.75,624.0,624.0,664259
1609753500,624.0,627.0,623.0,625.75,928556
1609818300,618.0,632.9,618.0,631.7,1879027
1609819200,631.75,642.6,631.3,638.8,4037729
1609820100,639.0,639.95,637.6,638.2,1294534
1609821000,638.05,638.7,636.4,637.1,961146
1609821900,637.25,638.4,635.75,638.1,847695
1609822800,638.15,640.95,638.0,640.9,1016637
1609823700,640.95,644.85,640.75,643.2,1868262
1609824600,643.4,648.0,643.25,647.3,1683198
1609825500,647.3,647.4,645.05,647.2,907483
1609826400,647.2,648.8,646.0,647.8,1021698
1609827300,648.05,648.05,646.65,647.9,571451
1609828200,647.95,649.8,647.9,649.55,883342
1609829100,649.7,652.35,649.5,651.0,1716277
1609830000,651.05,654.0,651.05,652.4,1200452
1609830900,652.3,652.6,650.35,652.1,954510
1609831800,652.25,652.25,649.2,649.75,847865
1609832700,649.75,650.2,647.4,649.9,1350311
1609833600,649.9,654.0,649.55,653.25,1325197
1609834500,653.5,656.4,653.25,655.55,1441082
1609835400,655.65,663.0,655.5,661.55,2784228
1609836300,661.55,662.6,659.1,661.5,1471538
1609837200,661.4,662.0,660.4,661.5,867638
1609838100,661.6,664.5,661.2,662.0,1478343
1609839000,661.9,666.25,661.9,664.3,2650097
1609839900,664.2,667.9,662.05,664.5,2874939
1609904700,662.0,663.0,658.55,660.9,2581372
1609905600,660.7,665.5,660.1,664.0,2144254
1609906500,664.0,664.3,660.2,661.9,1045796
1609907400,662.0,662.15,659.0,660.35,752390
1609908300,660.35,661.8,660.0,660.05,392638
1609909200,660.0,661.5,659.25,661.5,373437
1609910100,661.45,662.0,660.1,660.75,299878
1609911000,660.8,662.0,660.35,661.3,186227
1609911900,661.3,661.35,660.0,660.7,274908
1609912800,660.7,661.4,658.7,659.55,417576
1609913700,659.5,661.0,656.9,660.6,733267
1609914600,660.5,663.6,660.1,662.8,578193
1609915500,662.75,667.15,661.9,664.65,1388801
1609916400,664.7,665.05,662.35,662.35,642436
1609917300,662.35,663.7,661.6,662.1,358105
1609918200,662.05,663.35,661.0,661.4,286194
1609919100,661.25,662.8,659.7,661.05,420788
1609920000,661.15,662.2,659.5,660.35,471822
1609920900,660.15,660.25,653.9,657.7,1211094
1609921800,657.6,658.5,649.4,650.25,2410152
1609922700,650.25,655.25,649.15,653.65,695039
1609923600,653.5,657.0,651.0,655.3,699281
1609924500,655.3,657.0,654.7,654.8,526257
1609925400,654.8,656.5,653.85,654.65,791937
1609926300,654.65,656.05,651.5,651.55,1030122
1609991100,659.0,670.95,659.0,666.05,2769301
1609992000,666.1,667.55,663.6,664.25,1153450
1609992900,664.25,665.2,662.65,663.95,525501
1609993800,663.95,666.2,663.9,665.0,535463
1609994700,664.95,668.6,662.35,662.95,1015883
1609995600,662.95,663.45,660.8,662.5,624889
1609996500,662.55,664.5,662.4,662.95,424995
1609997400,662.95,665.4,662.4,664.85,288315
1609998300,664.85,668.0,664.2,667.6,636935
1609999200,667.6,667.85,665.25,666.1,398982
1610000100,666.3,668.0,666.0,667.3,269455
1610001000,667.25,669.45,666.5,669.1,432282
1610001900,668.85,669.8,668.1,669.45,401341
1610002800,669.45,674.0,669.45,673.9,1354098
1610003700,673.9,674.55,670.75,671.9,799719
1610004600,671.9,673.35,669.4,672.6,609245
1610005500,672.7,674.35,672.5,674.1,371503
1610006400,674.1,674.1,668.55,671.15,704675
1610007300,671.15,673.75,670.1,673.1,419665
1610008200,673.1,675.85,671.6,675.7,656953
1610009100,676.0,676.5,674.05,675.0,566714
1610010000,675.0,676.4,673.1,674.75,513754
1610010900,674.75,675.5,673.65,674.5,335421
1610011800,674.6,674.6,670.0,671.35,1087093
1610012700,671.35,672.1,668.6,670.1,950999
1610077500,678.0,678.85,673.2,674.85,1556315
1610078400,674.9,675.8,673.55,674.3,562364
1610079300,674.3,675.4,674.0,675.05,393110
1610080200,675.05,676.45,674.35,675.4,348082
1610081100,675.4,677.2,674.7,676.05,596010
1610082000,676.0,677.0,674.75,676.2,346283
1610082900,676.2,676.25,675.1,675.2,188089
1610083800,675.3,675.3,672.2,673.35,586334
1610084700,673.35,673.75,671.6,673.4,512095
1610085600,673.5,675.0,672.95,672.95,376106
1610086500,672.9,673.35,670.5,671.5,421058
1610087400,671.65,671.75,668.85,670.15,562216
1610088300,670.15,671.0,669.6,670.95,320328
1610089200,670.95,671.9,670.0,671.7,293282
1610090100,671.65,672.65,671.0,671.7,326789
1610091000,671.7,672.25,670.6,672.0,211217
1610091900,672.1,672.6,671.1,672.55,384195
1610092800,672.45,672.6,668.5,670.45,431025
1610093700,670.4,673.4,670.4,673.0,399481
1610094600,672.95,673.45,671.25,671.75,328918
1610095500,671.65,671.7,668.85,670.45,467759
1610096400,670.55,672.0,669.2,671.85,398540
1610097300,671.85,674.0,671.85,672.7,434978
1610098200,672.5,673.35,671.85,672.85,784909
1610099100,673.0,673.8,670.25,672.95,1013863
1610336700,676.0,676.65,666.15,668.95,831384
1610337600,668.95,669.7,664.8,665.0,510374
1610338500,664.9,665.05,663.5,664.9,403430
1610339400,664.9,666.05,663.7,664.45,482016
1610340300,664.4,664.45,660.15,661.7,488485
1610341200,661.7,664.05,660.5,663.65,210037
1610342100,663.65,665.15,662.6,662.9,219488
1610343000,662.9,664.4,662.25,663.4,132471
1610343900,663.35,663.35,661.4,663.0,250867
1610344800,663.0,664.0,661.0,661.75,153781
1610345700,661.7,663.0,661.0,662.3,113254
1610346600,662.0,666.65,661.2,665.1,351889
1610347500,665.1,666.5,664.8,665.9,155419
1610348400,665.85,667.5,665.5,667.0,265563
1610349300,666.85,667.0,664.2,664.7,148705
1610350200,664.8,664.8,662.6,664.65,189918
1610351100,664.5,666.2,663.75,665.0,161496
1610352000,665.0,666.8,664.55,665.8,178104
1610352900,666.1,667.0,664.0,664.85,196943
1610353800,665.0,665.25,662.65,663.6,221325
1610354700,663.55,663.95,661.25,662.2,346743
1610355600,662.2,666.8,662.2,666.2,453437
1610356500,666.2,666.9,665.4,666.2,261572
1610357400,666.25,667.0,665.5,667.0,483066
1610358300,667.0,669.0,666.2,666.9,699835
1610423100,661.3,664.85,659.25,662.0,1344950
1610424000,662.1,669.55,661.85,668.45,1035295
1610424900,668.5,672.0,667.6,667.9,585873
1610425800,668.1,668.9,665.15,665.65,292326
1610426700,665.5,666.8,664.55,666.25,219170
1610427600,666.2,667.1,665.5,666.9,143259
1610428500,667.0,667.75,666.05,667.45,177883
1610429400,667.15,671.55,667.15,670.0,418577
1610430300,670.0,670.75,668.2,668.55,176624
1610431200,668.55,670.6,668.25,669.8,229474
1610432100,669.75,671.45,668.55,670.55,354163
1610433000,670.65,675.95,670.5,675.65,790997
1610433900,675.6,678.75,675.55,678.75,856974
1610434800,678.55,682.8,677.9,680.9,1145462
1610435700,680.9,683.5,678.85,682.8,928841
1610436600,682.75,684.65,681.75,684.35,664363
1610437500,684.3,685.0,681.8,682.05,439462
1610438400,682.0,682.5,680.55,681.65,271530
1610439300,681.65,682.45,678.65,679.35,407069
1610440200,679.65,679.65,677.2,678.15,322969
1610441100,678.3,678.5,675.75,676.8,497753
1610442000,676.85,677.65,674.2,676.45,445417
1610442900,676.5,677.75,675.8,675.8,263267
1610443800,675.85,677.35,675.75,676.45,570273
1610444700,676.5,676.6,672.75,676.0,699467
1610509500,676.0,680.7,669.05,676.75,1589325
1610510400,676.9,683.5,676.7,681.15,833423
1610511300,681.0,683.0,675.15,678.1,1187696
1610512200,678.1,682.0,678.1,681.75,561968
1610513100,681.9,681.9,678.6,679.4,355721
1610514000,679.4,682.4,678.05,681.85,473283
1610514900,682.0,685.0,681.05,682.45,531443
1610515800,682.55,683.45,680.5,681.4,248271
1610516700,681.45,682.5,680.1,681.7,333585
1610517600,681.65,682.3,677.3,678.8,591267
1610518500,678.7,681.0,678.15,680.2,349498
1610519400,680.15,684.0,678.2,683.75,481157
1610520300,683.75,688.0,683.7,686.4,1151201
1610521200,686.5,688.65,684.0,686.45,904230
1610522100,686.45,687.5,685.1,685.35,331841
1610523000,685.2,686.4,684.25,684.9,322658
1610523900,684.9,686.35,683.7,684.95,282873
1610524800,684.85,686.0,681.4,683.1,465911
1610525700,683.05,683.4,679.35,680.65,810784
1610526600,680.6,683.0,677.65,682.2,685718
1610527500,682.25,685.3,679.95,685.05,409472
1610528400,685.1,686.0,684.2,685.25,295613
1610529300,685.2,689.6,684.45,688.05,722013
1610530200,688.35,691.2,687.4,688.15,931933
1610531100,688.15,688.45,684.3,686.05,794109
1610532000,686.05,686.05,686.05,686.05,29
1610595900,678.5,687.8,678.5,683.35,1284894
1610596800,683.35,685.4,681.55,683.25,517133
1610597700,683.25,684.1,680.5,681.0,494294
1610598600,681.2,682.5,679.3,680.0,426654
1610599500,680.1,681.9,678.7,680.95,437094
1610600400,680.9,683.55,680.65,683.0,380926
1610601300,683.1,683.85,682.0,683.35,281021
1610602200,683.3,685.2,682.95,684.2,303970
1610603100,684.3,685.45,683.4,684.8,195708
1610604000,685.0,685.0,683.1,684.0,158236
1610604900,684.0,684.8,683.5,684.35,139047
1610605800,684.55,684.55,683.65,684.05,95746
1610606700,684.25,684.55,683.0,684.25,143195
1610607600,684.4,685.0,683.85,684.35,130872
1610608500,684.35,685.4,683.3,685.0,203436
1610609400,684.95,685.0,684.1,684.15,138234
1610610300,683.9,684.3,682.7,683.45,171894
1610611200,683.4,683.5,681.3,681.6,250389
1610612100,681.55,682.5,680.4,680.4,314711
1610613000,680.45,680.7,676.3,678.15,570657
1610613900,677.9,678.3,675.85,676.05,393963
1610614800,676.05,678.2,674.65,675.05,374894
1610615700,675.1,676.6,674.8,675.9,386761
1610616600,675.75,676.6,675.1,675.55,611932
1610617500,675.6,677.15,675.0,676.8,867421
1610618400,676.5,676.5,676.5,676.5,2
1610682300,677.6,680.9,676.0,676.7,1198348
1610683200,676.7,676.75,673.0,673.2,933413
1610684100,673.15,675.3,671.8,673.95,575905
1610685000,673.9,676.5,673.15,675.65,301913
1610685900,676.0,676.95,672.55,672.9,326274
1610686800,672.8,673.45,670.05,673.25,628411
1610687700,673.25,674.9,673.0,674.05,258889
1610688600,674.25,674.8,672.9,673.9,212920
1610689500,673.9,674.5,670.5,671.05,383865
1610690400,671.0,673.9,669.6,672.8,393367
1610691300,672.95,673.2,671.15,672.2,197073
1610692200,672.0,675.25,671.1,674.25,443742
1610693100,674.25,678.7,674.15,677.65,733900
1610694000,677.5,681.9,676.45,681.7,952125
1610694900,681.7,682.95,678.25,680.25,551321
1610695800,680.25,681.25,679.0,679.7,264704
1610696700,679.5,680.35,677.75,679.75,210456
1610697600,679.85,680.9,678.5,679.85,211863
1610698500,679.85,680.5,674.75,677.2,569541
1610699400,677.4,677.4,673.3,674.3,503235
1610700300,674.5,676.4,672.0,676.1,506230
1610701200,676.05,678.1,674.4,675.9,382342
1610702100,675.9,676.8,675.1,675.15,194424
1610703000,675.15,675.7,672.4,675.05,592193
1610703900,675.2,676.0,674.75,674.9,777098
1610941500,674.45,675.0,667.2,667.35,1419279
1610942400,667.35,669.35,662.7,667.25,989088
1610943300,667.25,669.6,666.0,669.4,430823
1610944200,669.25,671.0,668.0,669.85,460706
1610945100,669.9,673.0,669.5,671.45,619376
1610946000,671.5,672.6,670.1,672.45,450211
1610946900,672.5,674.35,668.6,668.9,583712
1610947800,668.9,671.55,667.15,669.05,570002
1610948700,669.4,670.0,666.4,666.9,429610
1610949600,666.5,668.75,664.2,664.45,425132
1610950500,664.75,665.85,661.5,662.05,491791
1610951400,661.9,664.95,660.8,663.45,329186
1610952300,663.15,665.0,661.05,661.95,284967
1610953200,662.0,663.3,658.55,663.0,497776
1610954100,663.25,665.0,660.65,663.7,372609
1610955000,663.7,663.7,657.7,659.85,697331
1610955900,659.85,662.5,659.4,660.5,397596
1610956800,660.65,666.3,658.5,663.85,515016
1610957700,663.85,666.25,663.5,664.7,274265
1610958600,664.7,667.5,664.05,666.3,333873
1610959500,666.7,667.0,662.55,663.15,321366
1610960400,663.3,664.0,660.55,661.6,318056
1610961300,661.9,661.9,658.5,660.4,535087
1610962200,660.3,661.7,657.25,657.55,749322
1610963100,657.6,657.6,651.15,652.0,944698
1611027900,663.55,667.85,659.75,667.45,1166510
1611028800,667.35,668.9,664.45,664.45,624356
1611029700,664.45,668.4,663.85,668.3,422805
1611030600,668.25,669.45,666.05,667.3,426006
1611031500,667.15,668.0,666.1,667.8,204006
1611032400,667.8,668.2,665.1,665.5,315247
1611033300,665.55,666.35,664.2,665.45,247528
1611034200,665.45,666.9,664.55,665.2,238811
1611035100,665.1,667.0,664.5,666.3,229231
1611036000,666.3,666.85,665.0,665.95,148220
1611036900,665.95,668.8,665.75,667.7,315157
1611037800,667.9,670.85,667.55,670.7,526997
1611038700,670.5,670.65,668.2,669.25,170823
1611039600,669.25,670.4,669.15,669.65,160102
1611040500,669.65,671.5,668.8,670.6,218658
1611041400,670.35,671.95,669.8,670.8,220974
1611042300,670.8,671.4,668.75,669.15,199511
1611043200,669.15,669.7,667.55,668.05,258783
1611044100,668.1,669.25,667.7,668.05,185359
1611045000,668.1,668.2,665.4,667.2,251928
1611045900,667.3,667.4,666.5,666.55,152217
1611046800,666.65,669.5,666.25,668.75,297011
1611047700,668.8,669.65,668.05,668.85,323588
1611048600,668.8,669.2,667.2,668.35,605737
1611049500,668.35,670.5,666.6,670.35,1075512
1611114300,664.0,672.2,664.0,670.1,711644
1611115200,670.15,675.25,667.6,674.45,1199888
1611116100,674.4,674.6,672.8,673.7,506024
1611117000,673.9,677.0,673.35,676.65,512249
1611117900,676.5,677.5,675.55,676.4,372800
1611118800,676.4,678.4,674.65,678.25,499911
1611119700,678.3,679.45,677.55,678.15,301190
1611120600,678.0,679.55,677.1,678.95,264931
1611121500,678.95,680.0,678.15,679.45,314395
1611122400,679.45,680.95,678.4,679.9,216239
1611123300,679.85,680.65,679.05,680.5,172393
1611124200,680.5,680.55,677.5,679.0,257997
1611125100,679.0,679.45,675.05,675.1,879859
1611126000,675.1,676.8,673.6,676.35,394497
1611126900,676.5,678.0,674.65,676.5,231769
1611127800,676.7,678.0,676.1,677.5,160210
1611128700,677.4,678.0,676.4,677.25,150782
1611129600,677.3,677.9,675.65,677.6,119381
1611130500,677.55,678.4,676.6,677.75,157242
1611131400,677.4,678.35,677.0,677.35,214117
1611132300,677.3,677.6,675.55,677.3,207007
1611133200,677.2,678.0,676.45,677.0,194215
1611134100,677.2,678.25,676.8,677.0,241857
1611135000,677.05,677.25,675.0,676.25,942679
1611135900,676.2,676.4,673.6,673.9,742948
1611200700,680.75,682.5,677.35,680.3,1374606
1611201600,680.3,685.4,680.0,683.45,917081
1611202500,683.4,688.4,683.4,687.6,945091
1611203400,687.65,690.8,686.65,688.8,792929
1611204300,688.7,690.0,688.0,689.35,335997
1611205200,689.45,690.0,688.35,688.85,262644
1611206100,688.8,690.0,686.8,689.9,467480
1611207000,689.95,695.0,689.95,694.7,1083358
1611207900,694.75,694.8,693.15,693.65,373523
1611208800,693.35,693.95,692.0,693.3,372063
1611209700,693.25,694.0,692.1,693.1,427400
1611210600,693.1,693.4,691.7,692.1,361713
1611211500,692.3,693.55,691.9,693.5,245950
1611212400,693.5,694.6,693.05,694.45,377084
1611213300,694.35,695.0,692.35,692.4,542812
1611214200,692.5,693.0,690.75,692.75,419500
1611215100,692.7,693.45,691.45,692.55,308870
1611216000,692.55,693.0,691.05,691.4,275987
1611216900,691.4,691.65,688.6,688.95,669306
1611217800,688.9,689.0,684.5,685.65,946074
1611218700,685.65,686.25,683.4,683.8,666578
1611219600,683.8,685.4,682.5,682.9,662579
1611220500,683.0,683.5,676.85,679.8,996177
1611221400,679.95,680.0,669.75,675.65,1101528
1611222300,675.6,680.0,674.25,680.0,868006
1611287100,670.0,673.9,664.05,664.8,1272665
1611288000,664.8,665.0,662.55,663.6,1031411
1611288900,663.55,665.2,662.15,663.05,732916
1611289800,663.05,663.1,660.1,661.7,557514
1611290700,661.7,662.5,657.1,659.6,809539
1611291600,659.85,661.5,658.75,660.75,473384
1611292500,660.7,661.2,656.4,656.75,535234
1611293400,656.85,658.35,656.5,657.95,470356
1611294300,657.9,657.9,654.5,656.45,755631
1611295200,656.45,656.65,654.0,654.4,477790
1611296100,654.4,655.55,653.5,655.4,352030
1611297000,655.4,655.4,650.65,652.2,550858
1611297900,652.25,653.85,651.1,652.6,319626
1611298800,652.55,652.9,650.0,650.05,490660
1611299700,650.05,650.9,647.8,649.1,801823
1611300600,649.0,649.0,643.65,643.65,886031
1611301500,643.8,647.8,643.5,645.65,595637
1611302400,645.65,645.65,639.45,639.95,940985
1611303300,639.75,643.5,639.6,641.4,859741
1611304200,641.3,645.0,639.2,640.9,1062420
1611305100,640.8,643.6,638.8,643.45,1181024
1611306000,643.4,646.65,639.55,640.7,1404918
1611306900,640.65,646.9,640.3,645.45,1071786
1611307800,645.4,647.2,641.0,643.05,1796367
1611308700,643.35,647.6,642.75,645.0,1928348
1611546300,654.0,662.1,651.65,655.2,2383717
1611547200,655.0,656.75,645.75,646.9,1357128
1611548100,646.6,654.65,639.35,654.25,1620113
1611549000,654.5,659.5,653.1,656.65,994586
1611549900,656.65,658.5,654.5,656.55,598188
1611550800,656.6,661.85,656.6,658.25,698885
1611551700,658.5,665.0,656.5,664.5,1090391
1611552600,664.8,667.45,663.2,667.2,1064750
1611553500,667.35,668.0,661.65,663.7,947763
1611554400,663.7,667.2,662.0,664.65,624949
1611555300,664.45,664.5,661.1,661.25,507490
1611556200,661.05,665.8,660.1,663.7,484199
1611557100,663.65,664.4,661.55,662.8,240479
1611558000,662.85,666.0,662.65,665.65,289971
1611558900,665.5,666.9,664.15,666.35,406214
1611559800,666.3,667.5,665.0,667.1,871762
1611560700,667.2,667.75,664.05,666.5,379414
1611561600,666.5,666.5,662.6,663.65,912034
1611562500,663.55,664.55,662.4,662.7,299629
1611563400,662.5,664.0,658.5,660.55,1059855
1611564300,660.6,660.6,657.1,658.05,573030
1611565200,658.0,662.95,656.25,662.6,742673
1611566100,662.6,663.75,657.0,657.4,519042
1611567000,657.35,660.65,656.5,660.1,959593
1611567900,659.75,661.25,656.6,658.0,1677921
1611719100,659.95,663.8,650.25,656.25,3548028
1611720000,656.4,657.1,652.0,653.1,1253632
1611720900,653.0,653.1,646.6,647.45,1062207
1611721800,647.35,650.55,646.0,649.05,747224
1611722700,649.15,652.95,646.5,647.7,624844
1611723600,647.6,650.9,647.5,648.7,309468
1611724500,648.7,649.7,646.3,647.7,355341
1611725400,647.9,653.1,647.5,652.05,483316
1611726300,652.1,653.3,650.0,650.95,408855
1611727200,651.0,651.05,637.25,639.6,1551822
1611728100,639.4,640.5,632.0,635.65,1763617
1611729000,635.65,637.7,634.5,636.35,602800
1611729900,636.25,640.3,636.0,639.95,662734
1611730800,640.0,640.8,636.85,637.25,722104
1611731700,637.25,638.0,636.25,637.55,470241
1611732600,637.3,638.0,635.0,635.1,538167
1611733500,635.1,636.45,633.45,634.05,575187
1611734400,634.0,634.1,629.7,631.55,1064006
1611735300,631.55,633.3,631.0,631.7,597481
1611736200,631.7,634.2,631.0,632.1,746652
1611737100,632.0,633.0,628.8,630.75,845709
1611738000,630.75,630.95,627.4,629.8,892288
1611738900,629.8,635.9,629.7,633.55,1124931
1611739800,633.45,633.45,630.0,630.45,1457453
1611740700,630.5,634.6,630.25,633.55,1865304
1611805500,622.0,632.5,616.0,628.75,7413258
1611806400,628.85,643.45,628.85,641.9,4343669
1611807300,641.6,643.9,636.0,640.95,2668071
1611808200,640.95,644.6,639.4,640.9,1989677
1611809100,640.8,646.5,640.55,643.55,2423212
1611810000,643.6,643.75,638.5,640.65,1466659
1611810900,640.6,647.0,640.3,644.95,1616627
1611811800,644.65,649.85,643.75,648.0,1522017
1611812700,647.95,655.35,647.25,653.95,2620407
1611813600,654.0,657.3,651.55,655.1,3075347
1611814500,655.15,659.75,655.0,657.45,1915774
1611815400,657.75,666.3,657.5,661.55,4180942
1611816300,661.4,664.15,657.5,657.9,2461395
1611817200,658.0,659.9,655.5,657.1,1798355
1611818100,657.1,657.1,650.3,654.85,2361986
1611819000,654.75,654.9,649.5,650.9,1443938
1611819900,650.7,659.4,650.7,658.7,2075594
1611820800,658.7,661.15,656.35,660.8,1258273
1611821700,660.75,662.45,656.65,656.8,1618072
1611822600,656.9,661.4,655.15,660.75,1139991
1611823500,660.75,662.65,657.75,658.8,1316243
1611824400,658.9,661.65,657.95,659.8,1320753
1611825300,659.75,663.0,659.4,662.9,1447688
1611826200,662.65,673.9,662.25,673.55,6308099
1611827100,673.2,674.7,665.7,668.0,4373986
1611891900,671.0,672.0,655.55,657.75,3284338
1611892800,657.75,661.35,655.05,659.5,1514574
1611893700,659.55,662.35,658.5,659.0,1207549
1611894600,659.0,663.9,657.4,662.25,1085425
1611895500,662.1,664.4,657.5,660.0,1285364
1611896400,660.05,662.7,657.5,658.05,1319004
1611897300,658.25,658.9,656.25,657.3,707360
1611898200,657.3,658.75,655.3,658.45,670491
1611899100,658.1,658.55,654.0,654.5,814050
1611900000,654.6,656.45,653.0,655.05,618200
1611900900,655.0,657.4,654.5,655.25,456727
1611901800,655.4,656.7,654.6,655.6,336809
1611902700,655.6,659.1,655.2,658.0,504896
1611903600,658.05,662.5,657.05,662.2,899736
1611904500,662.3,665.8,661.75,665.2,1435858
1611905400,665.2,665.25,661.35,664.35,1468266
1611906300,664.4,670.9,664.0,664.25,1543667
1611907200,664.2,665.8,660.7,662.45,1112857
1611908100,662.3,665.35,661.7,664.0,771619
1611909000,663.9,669.9,662.7,669.9,1234652
1611909900,669.75,673.25,668.0,669.05,1858931
1611910800,669.05,675.85,667.7,669.0,2023136
1611911700,668.9,670.0,664.35,665.25,1122708
1611912600,665.25,665.7,658.0,664.25,2359193
1611913500,664.25,667.65,662.65,666.0,1592291
1612150200,665.0,665.0,665.0,665.0,19687
1612151100,663.3,665.85,655.8,658.7,1928438
1612152000,658.35,659.9,656.1,657.65,945975
1612152900,657.8,658.0,654.35,656.35,839326
1612153800,656.3,659.8,656.3,659.8,749226
1612154700,659.75,661.65,658.05,660.15,503932
1612155600,660.0,661.0,657.1,658.0,275449
1612156500,658.0,659.9,655.7,659.9,370290
1612157400,660.5,666.95,660.4,662.3,862399
1612158300,662.3,672.0,661.2,670.7,902083
1612159200,670.9,671.8,667.4,671.0,1347283
1612160100,671.2,676.8,670.0,672.6,1039350
1612161000,672.6,676.4,671.6,671.75,747714
1612161900,671.45,677.3,670.15,674.95,1109180
1612162800,674.95,676.5,669.0,669.2,920759
1612163700,669.0,704.9,668.15,701.9,2701541
1612164600,702.35,706.9,696.6,699.95,2781652
1612165500,699.95,710.65,699.65,705.25,2368724
1612166400,705.05,706.6,699.55,705.15,1132346
1612167300,705.1,707.0,701.55,702.75,855546
1612168200,702.8,703.05,689.45,689.75,1828373
1612169100,689.85,701.0,688.6,699.05,1203501
1612170000,699.15,708.5,699.15,708.0,944148
1612170900,708.0,711.0,702.3,707.45,1270699
1612171800,707.5,709.0,704.15,708.8,1160360
1612172700,708.8,717.0,707.6,714.0,1494944
1612237500,719.25,733.9,719.25,732.0,3257603
1612238400,732.0,744.95,730.0,742.55,2624432
1612239300,742.65,743.7,739.0,740.35,1283833
1612240200,740.6,743.95,739.0,740.25,1332054
1612241100,740.2,740.45,723.9,725.1,2126302
1612242000,725.05,729.3,719.65,721.95,1696307
1612242900,721.75,724.95,718.75,724.25,874471
1612243800,724.55,727.5,723.4,726.1,568232
1612244700,725.95,727.4,722.2,722.25,451836
1612245600,722.6,723.55,716.75,718.95,847978
1612246500,719.0,719.1,712.4,713.85,779874
1612247400,714.0,721.5,711.35,720.5,884314
1612248300,720.85,721.0,714.5,715.0,563940
1612249200,715.05,716.2,711.55,711.55,479713
1612250100,711.5,712.5,707.4,710.75,930871
1612251000,710.85,722.0,710.05,717.3,1426985
1612251900,717.25,717.55,712.35,713.5,803939
1612252800,713.5,715.0,710.7,712.25,911975
1612253700,712.25,714.8,707.5,710.2,1097748
1612254600,710.3,714.3,709.25,713.4,653943
1612255500,713.4,715.3,712.55,714.9,956013
1612256400,714.9,716.4,711.3,711.9,542930
1612257300,711.95,713.0,704.2,712.7,1326149
1612258200,712.7,713.5,710.95,712.7,905397
1612259100,712.55,719.0,711.4,718.5,1316103
1612323900,720.0,728.5,715.55,724.2,2766069
1612324800,724.25,733.65,721.9,729.9,1808091
1612325700,729.55,729.9,725.7,727.0,980805
1612326600,727.05,728.6,722.1,724.85,1312445
1612327500,724.85,730.2,724.85,730.2,647874
1612328400,730.65,732.0,729.55,730.9,709732
1612329300,730.5,731.25,729.25,730.0,497264
1612330200,729.95,730.9,725.95,726.95,467267
1612331100,726.85,729.8,726.85,727.35,420682
1612332000,727.4,727.85,724.0,724.0,522431
1612332900,724.1,725.0,718.8,725.0,1046875
1612333800,725.0,726.95,724.5,726.2,453253
1612334700,726.0,729.0,726.0,727.3,590263
1612335600,727.3,729.15,726.45,728.85,443699
1612336500,728.6,731.9,728.4,730.0,729951
1612337400,730.05,735.9,729.0,732.85,1376451
1612338300,732.8,735.5,731.6,731.95,717011
1612339200,731.95,732.45,730.25,732.1,622159
1612340100,732.35,735.3,732.35,734.35,699985
1612341000,734.35,736.8,731.0,731.55,1084999
1612341900,731.55,736.5,730.35,735.8,930185
1612342800,735.8,736.75,733.55,734.6,803471
1612343700,734.6,735.6,731.15,735.0,988004
1612344600,734.9,735.5,731.85,734.55,1385043
1612345500,734.6,735.4,730.6,731.3,1498639
1612410300,730.0,730.95,722.35,722.45,1474187
1612411200,722.35,724.5,721.25,724.1,671035
1612412100,724.25,727.95,724.15,727.2,596081
1612413000,727.0,727.45,723.5,723.75,665552
1612413900,723.7,724.05,721.9,722.6,447827
1612414800,722.6,723.55,720.7,723.25,410300
1612415700,723.15,724.45,720.6,724.25,358877
1612416600,724.15,730.45,723.6,728.4,925631
1612417500,728.65,731.75,727.2,728.35,635199
1612418400,728.45,732.9,727.5,732.55,533244
1612419300,732.5,734.9,731.15,733.5,664166
1612420200,733.45,736.9,732.25,735.0,775845
1612421100,735.0,737.6,734.65,736.55,507975
1612422000,736.5,738.35,734.45,735.0,860422
1612422900,735.0,735.65,730.6,732.5,743735
1612423800,732.2,736.0,731.0,735.15,479572
1612424700,735.05,737.0,734.25,735.3,443562
1612425600,735.5,736.5,733.85,735.1,709477
1612426500,735.15,737.8,734.1,735.6,771757
1612427400,735.75,737.85,735.4,737.7,562014
1612428300,737.65,737.7,735.75,736.45,466170
1612429200,736.45,736.85,734.15,736.1,615512
1612430100,736.1,744.6,736.1,741.15,1503841
1612431000,741.25,745.45,741.15,743.95,2466409
1612431900,743.85,745.5,742.05,743.0,2164562
1612496700,749.0,754.0,742.25,750.75,3761732
1612497600,750.7,760.0,746.25,759.0,3057347
1612498500,759.05,761.5,755.5,759.2,1827125
1612499400,758.75,766.3,756.5,757.1,2086921
1612500300,755.95,758.8,749.1,751.5,1768384
1612501200,751.2,756.0,747.2,749.0,1188812
1612502100,749.35,750.5,736.05,740.25,1856509
1612503000,739.85,750.0,739.85,748.05,1164735
1612503900,748.0,749.9,744.0,745.7,543529
1612504800,746.1,748.0,743.0,745.0,471526
1612505700,744.95,748.3,743.75,747.2,430114
1612506600,747.2,747.55,745.2,747.05,235277
1612507500,747.4,747.5,738.1,741.45,785924
1612508400,741.0,742.45,738.0,738.75,470947
1612509300,738.5,742.2,738.0,739.2,474926
1612510200,739.25,739.9,732.3,732.7,852563
1612511100,732.75,736.1,729.3,735.5,916192
1612512000,735.5,735.95,730.5,733.5,626535
1612512900,733.45,739.4,731.4,732.3,1000196
1612513800,732.3,733.8,727.3,729.65,742580
1612514700,729.65,731.0,725.35,725.75,679217
1612515600,725.7,728.65,717.3,722.25,1552999
1612516500,721.8,723.85,718.9,719.2,1004012
1612517400,718.9,722.0,717.0,719.5,1631950
1612518300,719.5,724.4,718.7,722.0,1960969
1612755900,726.0,743.0,726.0,740.75,2289472
1612756800,741.65,745.4,738.05,739.1,1405657
1612757700,739.15,740.0,735.55,737.4,717895
1612758600,737.4,746.0,737.3,742.45,961697
1612759500,742.45,742.95,740.8,741.75,326208
1612760400,741.75,744.0,739.0,741.3,551186
1612761300,741.4,743.9,740.0,742.35,350217
1612762200,742.35,744.5,740.8,743.1,451201
1612763100,742.85,744.2,742.15,742.25,365694
1612764000,742.15,744.9,741.4,744.7,465883
1612764900,744.9,747.8,743.4,746.35,707579
1612765800,746.3,746.6,739.45,740.85,839129
1612766700,741.0,741.0,737.3,738.75,668286
1612767600,738.75,742.75,738.55,741.95,358035
1612768500,741.95,742.0,738.35,739.7,305249
1612769400,739.75,740.7,739.0,740.45,217121
1612770300,740.45,741.0,739.1,740.15,223734
1612771200,740.1,740.1,735.0,735.5,630655
1612772100,735.5,740.75,735.4,739.8,507786
1612773000,739.8,740.45,737.25,737.85,372854
1612773900,737.9,738.1,734.9,737.15,419438
1612774800,737.15,738.0,735.0,737.05,416973
1612775700,737.1,738.9,733.2,734.45,662743
1612776600,734.35,738.0,734.0,737.45,645601
1612777500,737.2,737.5,735.0,736.5,764947
1612842300,735.75,736.3,726.55,728.8,1427496
1612843200,728.95,731.2,726.2,728.2,576582
1612844100,728.3,730.0,727.4,729.3,548807
1612845000,729.3,730.85,728.5,728.7,311948
1612845900,728.3,732.95,727.7,732.7,440581
1612846800,732.6,736.7,732.4,735.25,861543
1612847700,735.25,738.75,734.2,735.8,3817793
1612848600,735.95,740.65,735.95,739.75,771380
1612849500,739.7,743.8,739.7,743.65,753270
1612850400,743.7,745.8,743.05,744.5,812955
1612851300,744.5,745.55,743.8,744.95,491156
1612852200,745.0,745.0,741.2,743.45,727436
1612853100,743.45,743.55,741.4,743.0,391901
1612854000,743.0,746.0,742.95,745.0,676275
1612854900,744.95,746.7,743.45,744.55,527308
1612855800,744.55,746.0,744.3,745.25,579725
1612856700,745.25,745.7,742.9,744.4,650448
1612857600,744.3,748.0,743.6,746.0,826364
1612858500,746.0,746.25,744.9,745.0,512764
1612859400,744.95,747.0,743.8,746.95,560501
1612860300,746.3,750.0,745.95,746.95,1044397
1612861200,747.0,749.5,744.15,746.15,1013368
1612862100,746.0,746.1,741.05,744.45,1121773
1612863000,744.2,744.85,739.35,743.25,1465573
1612863900,743.25,745.55,739.4,740.0,1363910
1612928700,741.55,746.4,733.7,734.55,1942306
1612929600,734.9,738.45,733.0,733.5,739241
1612930500,733.8,736.45,733.1,734.5,481799
1612931400,734.35,735.55,732.45,733.1,472092
1612932300,733.4,733.6,730.2,730.8,524491
1612933200,730.6,733.0,730.4,732.3,302301
1612934100,732.3,734.65,732.0,734.0,397328
1612935000,734.05,735.15,732.5,733.05,301822
1612935900,733.05,734.5,732.3,733.35,339573
1612936800,733.3,733.65,732.3,732.75,234659
1612937700,732.8,734.25,732.6,733.75,304629
1612938600,733.75,734.65,732.15,733.3,319015
1612939500,733.2,733.6,731.25,732.95,352616
1612940400,733.05,733.45,731.0,731.15,245598
1612941300,731.0,733.0,729.0,730.75,528758
1612942200,730.75,731.65,728.7,731.45,1399521
1612943100,731.45,732.25,729.65,730.4,316638
1612944000,730.15,730.6,727.05,728.05,514887
1612944900,728.05,729.5,726.55,729.3,507219
1612945800,729.3,730.25,726.6,729.7,742442
1612946700,729.7,731.6,728.6,730.8,448408
1612947600,730.75,733.1,730.75,732.75,749851
1612948500,732.75,732.95,726.1,730.35,687168
1612949400,730.25,734.4,730.25,734.4,1094973
1612950300,734.45,738.4,734.4,736.1,1164065
1613015100,731.0,738.35,731.0,736.4,1054040
1613016000,736.4,743.0,734.1,741.85,985489
1613016900,741.85,744.15,739.55,741.5,620612
1613017800,741.65,741.7,738.9,739.95,448768
1613018700,739.95,741.0,738.65,739.75,399963
1613019600,739.75,740.5,738.65,740.0,227346
1613020500,740.0,740.1,737.0,738.0,494356
1613021400,738.0,738.1,734.25,734.7,468447
1613022300,734.7,737.35,734.6,735.0,290521
1613023200,735.1,736.95,735.05,736.15,200922
1613024100,736.15,737.45,735.1,735.1,285888
1613025000,735.1,738.35,734.9,738.15,350481
1613025900,738.15,740.5,737.3,739.65,312686
1613026800,739.9,742.0,739.0,739.9,499000
1613027700,739.9,740.7,736.6,737.0,380754
1613028600,737.0,739.9,736.1,739.9,319123
1613029500,739.8,739.95,734.8,738.4,567453
1613030400,738.45,738.5,735.65,736.0,259298
1613031300,736.2,741.0,735.6,740.6,442423
1613032200,740.8,741.85,737.85,739.9,406972
1613033100,739.85,744.0,739.25,741.6,690373
1613034000,741.65,743.0,740.7,742.2,345768
1613034900,742.3,743.4,739.6,739.6,337617
1613035800,739.6,741.4,737.35,740.1,717324
1613036700,739.8,741.4,739.8,740.55,768583
1613101500,735.5,741.0,734.55,738.5,1686472
1613102400,738.35,741.9,737.7,741.5,934800
1613103300,741.5,743.2,740.25,741.25,525092
1613104200,740.8,745.5,740.0,744.65,842319
1613105100,744.7,744.95,743.7,744.3,368241
1613106000,744.1,748.5,744.0,747.9,873287
1613106900,747.7,750.95,747.25,750.55,979350
1613107800,750.65,751.35,749.25,750.5,728992
1613108700,750.5,754.7,750.5,752.7,1053764
1613109600,752.6,753.15,749.75,751.15,504689
1613110500,751.15,752.0,749.1,749.85,343240
1613111400,750.0,750.45,747.5,748.55,357452
1613112300,748.55,749.8,748.0,749.0,256318
1613113200,748.95,750.65,748.75,749.3,325235
1613114100,749.3,751.25,748.95,750.25,216935
1613115000,750.1,752.55,750.1,752.1,416170
1613115900,752.05,752.95,750.65,751.25,390578
1613116800,751.25,752.0,748.0,749.25,520007
1613117700,749.3,750.3,746.35,747.2,587828
1613118600,747.0,748.85,744.2,746.1,808660
1613119500,746.15,748.85,745.35,747.6,350843
1613120400,747.6,749.65,747.2,748.0,352452
1613121300,748.05,749.0,747.2,748.15,286054
1613122200,748.5,750.25,748.0,749.4,778819
1613123100,749.4,753.9,748.05,749.9,1161121
1613360700,759.9,762.3,753.9,761.7,1707677
1613361600,761.5,769.6,760.75,768.7,1698447
1613362500,769.0,769.0,766.0,766.85,672604
1613363400,766.6,772.0,766.0,771.8,1107944
1613364300,771.5,772.8,768.7,769.5,807806
1613365200,769.5,770.0,767.25,768.0,420515
1613366100,768.0,769.8,767.35,768.05,251342
1613367000,768.0,770.45,767.1,770.1,326466
1613367900,770.05,770.4,767.5,768.4,214697
1613368800,768.4,769.7,767.85,767.85,190308
1613369700,767.9,768.95,766.85,768.7,271029
1613370600,768.7,769.45,767.2,769.0,208532
1613371500,769.0,771.5,768.2,771.5,406170
1613372400,771.5,774.0,770.5,773.4,727487
1613373300,773.25,774.5,772.2,772.95,415817
1613374200,772.95,776.6,772.95,776.2,821321
1613375100,776.15,777.0,774.4,775.25,549068
1613376000,775.25,778.0,774.0,775.15,635848
1613376900,775.1,778.85,774.95,778.35,546294
1613377800,777.9,784.2,777.9,781.9,1282970
1613378700,781.85,782.65,779.5,780.45,838344
1613379600,780.4,784.7,779.7,784.4,701818
1613380500,784.35,789.15,782.5,787.3,1240923
1613381400,787.5,797.0,786.5,794.45,2578487
1613382300,794.4,799.0,792.6,797.0,1986790
1613447100,799.0,799.0,783.0,786.25,2947018
1613448000,786.05,789.3,785.3,787.55,1154263
1613448900,787.5,788.1,779.35,781.1,1278137
1613449800,781.0,783.9,779.55,781.3,777201
1613450700,781.3,783.2,781.15,782.9,445974
1613451600,782.9,788.0,782.85,786.3,870472
1613452500,786.15,787.5,781.4,783.45,724217
1613453400,783.2,785.25,782.5,782.65,2457009
1613454300,782.6,782.7,778.0,779.7,926286
1613455200,779.7,782.0,777.25,781.3,569128
1613456100,781.25,782.35,775.05,777.8,940928
1613457000,777.65,779.5,777.6,778.5,378251
1613457900,778.5,779.5,775.2,776.55,370885
1613458800,776.5,779.5,773.85,774.3,751908
1613459700,774.2,776.3,773.1,775.65,441743
1613460600,775.65,775.65,770.35,771.9,632607
1613461500,771.85,773.5,770.55,772.5,528423
1613462400,772.5,776.05,771.65,773.45,669150
1613463300,773.25,773.4,767.7,768.9,924631
1613464200,768.55,769.65,767.0,768.75,834482
1613465100,768.8,771.2,767.25,769.8,832620
1613466000,769.8,776.45,769.8,773.15,1199471
1613466900,773.15,775.5,771.0,775.2,711300
1613467800,774.9,776.0,772.0,773.5,1068462
1613468700,773.85,778.2,773.5,776.55,1486525
1613533500,774.0,774.0,764.3,773.3,1889130
1613534400,773.3,773.3,766.8,769.75,970274
1613535300,769.7,770.7,768.25,768.45,396686
1613536200,768.45,776.15,766.9,773.9,866660
1613537100,773.95,781.5,773.05,777.65,1233660
1613538000,777.7,779.2,774.1,779.2,797153
1613538900,779.2,780.3,776.6,778.9,524781
1613539800,779.0,784.4,779.0,782.1,1086462
1613540700,783.0,785.0,782.05,783.25,548180
1613541600,783.2,783.5,781.25,781.35,448424
1613542500,781.3,782.0,779.25,780.0,436634
1613543400,780.0,780.0,776.5,778.1,501080
1613544300,778.1,780.9,776.9,780.15,442665
1613545200,780.2,780.95,777.75,778.2,384555
1613546100,778.15,779.55,774.6,774.7,724723
1613547000,774.8,774.8,772.0,774.65,814711
1613547900,774.9,777.35,773.5,773.6,432613
1613548800,773.7,776.0,772.1,774.85,446362
1613549700,774.6,779.8,773.25,778.2,598906
1613550600,778.1,779.35,776.2,777.85,595504
1613551500,777.8,779.8,776.3,777.05,357101
1613552400,777.05,779.0,775.85,775.85,316919
1613553300,776.0,779.0,775.5,777.85,368213
1613554200,777.9,779.5,776.85,778.8,731989
1613555100,778.7,778.85,775.1,775.5,999687
1613619900,775.0,778.8,764.0,775.2,2621833
1613620800,775.25,780.75,773.35,779.9,1361424
1613621700,780.0,780.85,777.1,780.5,956773
1613622600,780.55,782.0,777.0,777.25,815463
1613623500,777.35,778.95,775.0,778.15,614428
1613624400,778.25,780.0,777.0,777.1,516925
1613625300,777.1,778.3,775.0,776.0,556389
1613626200,775.75,776.25,775.0,775.6,430928
1613627100,775.55,778.15,774.1,776.0,685524
1613628000,776.0,776.45,773.75,774.2,825201
1613628900,774.05,774.8,772.25,774.3,633298
1613629800,774.25,774.5,771.1,772.5,395454
1613630700,772.35,773.15,770.15,770.55,803462
1613631600,770.3,771.0,768.5,768.9,540031
1613632500,768.9,772.0,768.25,770.85,335754
1613633400,770.85,771.6,768.5,768.6,326062
1613634300,768.5,769.45,765.6,765.6,666181
1613635200,765.5,767.0,765.05,766.1,526482
1613636100,766.05,769.5,765.2,767.95,493589
1613637000,767.9,773.9,766.75,773.9,789749
1613637900,773.7,774.25,770.7,771.5,622700
1613638800,771.7,775.75,771.5,775.4,726607
1613639700,775.25,776.0,773.05,773.8,624902
1613640600,773.8,778.65,773.8,776.9,1494688
1613641500,776.9,778.5,774.2,775.9,1320360
1613706300,772.9,775.7,768.0,769.35,1162493
1613707200,769.35,771.5,768.5,768.85,512145
1613708100,768.8,769.35,765.45,768.6,754774
1613709000,768.6,774.55,767.2,772.85,650421
1613709900,773.0,774.9,772.0,773.7,434845
1613710800,773.7,777.2,773.6,774.55,657706
1613711700,774.75,774.75,771.5,771.5,476232
1613712600,771.35,771.95,769.35,770.8,471517
1613713500,771.2,773.9,769.7,773.8,309139
1613714400,773.55,773.7,770.2,770.4,237205
1613715300,770.4,773.5,770.4,771.3,213430
1613716200,771.3,772.25,770.5,770.55,168310
1613717100,770.6,770.7,768.1,768.15,362407
1613718000,768.15,768.25,765.55,766.8,678295
1613718900,766.85,768.5,763.5,765.0,820614
1613719800,765.0,765.4,761.5,762.85,593615
1613720700,762.5,762.6,759.35,760.6,517665
1613721600,760.5,762.3,758.55,760.75,332544
1613722500,760.6,761.5,756.25,756.25,482302
1613723400,756.3,757.35,741.35,742.55,1851649
1613724300,742.8,751.0,742.8,750.35,932194
1613725200,750.4,751.85,747.4,749.05,514090
1613726100,749.0,750.65,743.65,744.2,588641
1613727000,744.25,752.2,744.25,751.1,843514
1613727900,751.35,753.0,747.25,750.6,1021203
1613965500,749.65,749.85,739.65,747.4,1607670
1613966400,747.4,749.4,743.55,745.3,878674
1613967300,745.25,745.4,737.0,737.7,867399
1613968200,737.5,739.5,736.3,738.2,555917
1613969100,738.3,739.75,734.2,735.9,750902
1613970000,735.65,738.8,735.0,735.95,573918
1613970900,735.75,736.45,732.6,732.6,440247
1613971800,732.9,732.9,729.5,731.9,791720
1613972700,731.85,732.9,727.0,727.3,719101
1613973600,727.15,729.1,725.5,725.55,471976
1613974500,725.55,727.05,723.25,724.7,647860
1613975400,724.75,726.35,722.35,723.0,594942
1613976300,722.95,725.9,721.3,725.5,621011
1613977200,725.55,728.4,724.5,727.6,903932
1613978100,727.8,728.0,722.7,722.95,492981
1613979000,722.95,724.6,721.5,723.1,423075
1613979900,722.95,724.4,722.5,722.95,338626
1613980800,722.95,723.2,720.2,720.65,456573
1613981700,720.65,724.5,720.2,723.5,466732
1613982600,723.6,725.5,721.4,722.85,591570
1613983500,722.6,723.15,719.55,721.8,615342
1613984400,721.8,723.9,720.55,723.25,447278
1613985300,723.25,727.0,722.8,725.0,985061
1613986200,724.95,725.4,718.85,719.25,1225412
1613987100,719.25,720.3,715.0,720.0,1616175
1614051900,732.35,733.75,723.7,729.7,1631057
1614052800,729.7,731.35,722.55,723.2,838589
1614053700,723.45,728.2,722.0,725.55,696703
1614054600,725.55,729.4,725.45,727.9,453201
1614055500,727.7,731.55,727.0,729.8,664259
1614056400,730.0,734.95,729.5,731.35,1045515
1614057300,731.45,731.6,729.2,729.95,509236
1614058200,729.95,730.5,728.5,729.25,393510
1614059100,729.25,730.9,724.5,725.0,657114
1614060000,724.8,725.8,718.65,719.55,766448
1614060900,719.55,723.0,715.8,722.95,1031632
1614061800,723.0,723.0,719.15,720.0,560597
1614062700,719.95,723.0,719.5,721.5,400640
1614063600,721.5,722.05,718.3,720.7,444206
1614064500,720.5,721.8,718.05,721.75,281247
1614065400,721.75,725.45,720.9,724.9,718627
1614066300,724.8,725.4,721.25,722.85,386017
1614067200,722.5,724.0,719.6,721.35,526723
1614068100,721.35,722.85,718.55,719.45,442139
1614069000,719.5,721.15,717.0,719.8,558081
1614069900,719.8,721.2,718.8,721.15,479952
1614070800,721.15,722.95,717.8,718.5,547241
1614071700,718.5,719.4,714.05,714.7,575416
1614072600,714.55,717.8,712.6,717.3,1092065
1614073500,717.0,718.4,715.4,717.1,1062412
1614138300,722.0,728.0,717.05,726.5,1532719
1614139200,726.4,728.65,725.2,726.0,570132
1614140100,726.5,730.0,726.3,728.4,582123
1614141000,728.15,731.8,727.5,731.3,615353
1614141900,731.3,732.6,730.0,730.85,593480
1614142800,730.55,731.1,728.0,728.3,673667
1614143700,728.3,730.3,726.95,730.05,673348
1614144600,730.0,735.9,729.7,733.05,1243751
1614145500,733.15,734.4,731.25,731.9,401274
1614146400,731.9,732.0,728.55,729.45,459931
1614161700,727.05,730.0,723.6,728.0,321577
1614162600,728.0,737.0,727.25,735.85,496868
1614163500,736.0,747.9,735.0,747.35,1113208
1614164400,747.35,752.0,742.0,750.75,964734
1614165300,750.9,754.9,748.1,754.8,962614
1614166200,752.8,752.8,752.8,752.8,1200
1614224700,765.0,776.9,762.15,772.75,4246303
1614225600,772.75,779.0,771.2,777.0,2140972
1614226500,777.15,777.9,773.35,776.4,1517186
1614227400,776.65,777.55,774.35,775.2,957900
1614228300,774.8,777.0,774.5,775.9,907358
1614229200,775.75,780.0,775.2,778.9,1219462
1614230100,778.75,781.0,778.5,779.95,1094038
1614231000,780.0,781.75,779.25,781.3,680621
1614231900,781.6,783.5,780.2,781.3,869906
1614232800,781.3,781.6,775.05,775.9,1272239
1614233700,775.95,778.8,773.9,775.05,967846
1614234600,775.0,775.7,772.55,775.3,964892
1614235500,775.35,776.95,774.25,775.95,487664
1614236400,776.0,780.6,775.6,779.7,779293
1614237300,779.65,782.35,778.0,778.2,675127
1614238200,778.3,778.85,775.05,776.7,688684
1614239100,776.8,777.7,774.5,776.8,580009
1614240000,776.5,777.0,774.6,776.7,347742
1614240900,776.65,777.35,773.15,773.15,421049
1614241800,773.05,774.95,771.0,772.0,892775
1614242700,771.95,775.7,768.1,774.85,1108680
1614243600,774.9,775.0,771.5,771.5,488226
1614244500,771.35,772.25,768.75,769.3,738856
1614245400,768.95,772.9,768.3,772.1,1242559
1614246300,772.05,772.5,767.55,769.0,1210910
1614311100,746.0,758.7,725.1,750.65,3428000
1614312000,750.8,752.0,745.0,746.05,1187989
1614312900,746.05,750.05,745.3,749.65,700052
1614313800,749.65,750.75,747.35,750.0,455399
1614314700,750.0,750.0,741.45,745.0,1230458
1614315600,744.8,744.8,738.65,740.0,1297320
1614316500,740.0,744.0,739.95,740.0,929626
1614317400,740.2,741.0,737.1,740.6,871687
1614318300,740.4,740.6,735.0,737.2,980841
1614319200,737.2,739.35,731.95,737.7,1598185
1614320100,737.7,741.95,734.7,737.8,1088603
1614321000,737.95,738.05,733.35,733.55,1806565
1614321900,733.35,734.0,730.0,731.4,1066160
1614322800,731.1,732.5,725.8,727.0,924794
1614323700,726.75,734.75,726.1,734.75,857728
1614324600,734.7,734.75,729.1,729.5,718278
1614325500,729.55,733.75,727.6,731.0,711142
1614326400,731.2,733.6,729.1,732.45,713230
1614327300,732.3,735.5,730.65,734.45,892762
1614328200,734.75,737.2,732.85,737.0,719716
1614329100,737.25,738.5,734.55,738.0,732811
1614330000,738.1,739.85,737.0,738.25,687424
1614330900,738.35,739.45,736.5,737.25,544483
1614331800,737.5,737.5,724.2,725.75,3375323
1614332700,726.1,726.35,718.65,725.6,3693601
1614570300,738.0,739.05,730.85,735.05,2634488
1614571200,735.05,738.45,730.2,737.6,798851
1614572100,737.6,742.0,737.2,739.8,688226
1614573000,739.75,741.4,736.2,738.35,409831
1614573900,738.35,741.95,738.0,740.95,356501
1614574800,741.4,743.5,738.5,739.0,605840
1614575700,739.0,739.15,736.5,737.95,384605
1614576600,737.95,738.7,736.25,737.25,263204
1614577500,737.25,737.5,733.3,736.0,769561
1614578400,735.7,738.0,730.85,731.5,530850
1614579300,731.1,731.3,726.9,727.95,841570
1614580200,727.85,729.1,726.5,729.0,386533
1614581100,728.95,729.0,722.4,723.25,615588
1614582000,723.25,726.9,722.25,724.75,394780
1614582900,724.7,728.45,724.65,725.75,404617
1614583800,725.7,729.0,725.25,728.3,349689
1614584700,728.35,729.1,725.65,727.9,241873
1614585600,728.45,731.4,727.0,729.85,535986
1614586500,729.9,730.55,727.05,728.25,290609
1614587400,728.5,730.3,728.05,730.1,386662
1614588300,730.1,730.1,724.75,724.75,444819
1614589200,725.2,729.0,725.15,727.85,294032
1614590100,728.1,728.25,724.65,725.7,339393
1614591000,725.7,729.2,725.65,728.65,525213
1614591900,728.65,730.85,727.2,730.45,775011
1614656700,730.45,740.45,722.0,739.1,2829514
1614657600,739.4,740.5,734.05,735.3,654913
1614658500,735.1,738.15,732.95,736.4,395559
1614659400,736.55,739.2,736.35,737.9,249805
1614660300,737.65,738.3,735.4,735.6,428960
1614661200,735.6,735.75,729.3,731.15,700449
1614662100,731.25,731.25,727.05,731.0,557839
1614663000,730.7,731.4,725.35,725.75,438910
1614663900,725.3,725.95,722.6,725.3,600844
1614664800,725.3,728.3,723.5,726.4,346125
1614665700,726.35,727.95,726.35,727.35,256569
1614666600,727.35,727.4,724.45,727.05,313034
1614667500,727.05,729.2,726.45,727.15,341572
1614668400,727.15,728.4,725.0,725.25,330099
1614669300,725.2,726.5,724.0,726.3,355682
1614670200,726.35,727.5,724.95,725.5,270103
1614671100,725.45,726.4,725.0,725.25,267101
1614672000,725.15,728.5,723.5,727.65,573899
1614672900,727.6,729.0,724.8,725.55,535466
1614673800,725.25,727.0,724.5,726.9,225959
1614674700,726.9,727.5,725.45,725.9,301092
1614675600,725.9,727.2,725.35,727.0,260873
1614676500,727.0,728.5,725.5,727.8,386392
1614677400,727.7,734.35,727.35,734.0,1247166
1614678300,733.8,734.8,729.5,730.85,1588163
1614743100,740.5,743.1,735.1,741.0,1590970
1614744000,741.0,744.0,739.4,741.6,691150
1614744900,741.5,747.7,740.5,747.45,1170452
1614745800,747.65,748.6,745.0,746.75,619689
1614746700,746.9,749.5,746.5,748.6,512827
1614747600,748.6,749.65,748.0,748.45,402298
1614748500,748.45,749.15,747.0,747.3,267360
1614749400,747.35,750.0,746.0,747.95,502328
1614750300,748.0,748.0,746.2,746.95,239347
1614751200,747.0,748.45,745.8,746.25,218636
1614752100,746.05,747.5,745.65,746.7,148736
1614753000,746.7,749.0,746.65,748.9,180441
1614753900,748.8,749.9,748.35,749.8,317860
1614754800,749.75,753.0,748.7,752.9,683215
1614755700,752.9,754.8,752.6,754.7,520014
1614756600,754.8,755.0,753.0,753.8,375531
1614757500,753.75,758.5,753.75,757.95,609993
1614758400,757.85,760.75,757.3,759.7,725073
1614759300,759.9,760.8,756.2,758.15,615783
1614760200,758.2,759.75,754.05,754.85,500650
1614761100,754.55,758.75,754.55,758.15,373655
1614762000,758.05,758.45,756.0,756.6,248485
1614762900,756.85,756.9,754.5,754.95,371236
1614763800,754.95,755.55,752.4,754.7,715745
1614764700,754.4,755.0,751.3,751.9,951579
1614829500,731.1,740.95,731.1,737.85,2371321
1614830400,737.4,739.0,735.15,736.0,824865
1614831300,735.85,736.5,733.4,736.1,883792
1614832200,735.85,737.35,735.0,735.1,434497
1614833100,735.2,735.45,732.0,734.1,570009
1614834000,734.1,735.3,733.5,734.1,363878
1614834900,734.0,735.25,733.3,734.2,352102
1614835800,734.1,737.25,733.65,736.2,690299
1614836700,736.3,739.0,735.05,735.7,628857
1614837600,735.7,741.8,735.5,740.95,566918
1614838500,741.25,745.0,740.55,742.1,808783
1614839400,742.1,742.2,739.9,741.6,268345
1614840300,741.6,743.5,740.0,743.3,235652
1614841200,743.4,747.65,742.5,746.65,717528
1614842100,746.95,749.8,746.1,749.5,700093
1614843000,749.5,751.45,748.55,749.55,564106
1614843900,749.7,749.9,746.0,746.6,625764
1614844800,746.5,749.35,746.0,746.05,402064
1614845700,746.25,747.45,744.6,746.0,511761
1614846600,746.0,748.7,745.5,746.55,440359
1614847500,746.85,748.0,746.0,746.0,392097
1614848400,746.05,747.0,741.6,741.9,593089
1614849300,741.9,743.25,740.25,740.75,415628
1614850200,740.75,741.3,735.0,735.9,1437242
1614851100,736.05,737.5,735.0,736.85,1036086
1614915900,732.0,732.0,721.6,730.4,1819175
1614916800,730.35,733.9,726.5,733.75,963691
1614917700,733.9,737.25,732.15,737.25,922286
1614918600,737.05,744.1,735.65,743.65,1360508
1614919500,743.6,743.8,737.8,738.85,799326
1614920400,738.5,740.5,736.2,738.0,462129
1614921300,738.0,738.7,732.5,732.7,715290
1614922200,732.5,736.7,731.0,735.8,548686
1614923100,735.85,738.7,733.75,736.6,391160
1614924000,736.6,740.45,735.25,736.9,390678
1614924900,736.65,738.7,735.85,737.15,231942
1614925800,737.1,738.8,736.3,737.8,270302
1614926700,737.8,738.45,736.4,737.9,238840
1614927600,737.8,739.9,736.9,737.9,270875
1614928500,737.9,739.5,737.0,737.0,243101
1614929400,737.1,738.5,735.05,736.5,301065
1614930300,736.7,737.8,735.5,736.65,239294
1614931200,736.5,736.7,730.95,731.85,658479
1614932100,731.85,735.0,727.0,729.7,787168
1614933000,729.75,730.5,720.5,724.6,1271728
1614933900,724.7,729.5,723.65,727.9,535524
1614934800,727.85,730.4,725.0,726.6,472055
1614935700,726.55,728.25,725.0,726.3,407374
1614936600,726.3,732.8,726.0,730.45,992910
1614937500,730.75,735.3,728.9,734.35,1008217
1615175100,735.0,745.0,732.0,744.7,1217241
1615176000,744.7,748.95,744.7,746.45,735795
1615176900,746.65,751.0,745.5,750.25,655571
1615177800,750.35,752.5,750.25,751.75,521530
1615178700,751.75,751.95,749.2,750.45,400970
1615179600,750.3,750.8,739.15,739.75,1010130
1615180500,739.5,745.95,735.0,744.15,1082780
1615181400,744.4,745.8,740.0,745.5,446120
1615182300,745.25,748.0,744.0,744.75,411667
1615183200,744.9,747.5,744.45,744.45,257033
1615184100,744.5,745.5,743.6,744.0,269841
1615185000,744.0,744.35,740.8,741.9,409496
1615185900,741.95,743.95,741.7,743.5,264136
1615186800,743.5,745.9,741.5,741.75,339400
1615187700,741.55,742.8,739.6,741.7,483030
1615188600,741.7,744.4,741.1,743.7,291260
1615189500,743.7,744.5,741.75,742.4,248255
1615190400,742.4,743.9,739.35,740.85,525745
1615191300,740.9,743.3,739.65,742.8,550897
1615192200,742.6,744.5,741.9,743.45,343676
1615193100,743.4,750.0,742.65,747.75,660694
1615194000,747.75,749.3,746.15,747.6,370363
1615194900,747.6,748.4,742.75,745.0,503010
1615195800,745.0,745.0,738.65,743.95,956622
1615196700,743.65,747.0,743.6,744.65,917521
1615261500,758.7,758.7,750.55,750.7,1534021
1615262400,750.75,751.5,748.0,748.8,987773
1615263300,748.85,750.5,746.1,750.0,959522
1615264200,750.05,753.0,748.7,748.9,1374789
1615265100,748.9,749.3,743.65,744.3,1643132
1615266000,744.6,747.75,743.3,744.6,714149
1615266900,744.75,746.25,741.65,743.7,633676
1615267800,743.7,747.8,743.6,747.6,403732
1615268700,747.7,751.7,747.45,751.0,716413
1615269600,751.0,754.5,750.55,754.35,791729
1615270500,754.45,757.0,753.0,753.8,826060
1615271400,754.0,755.3,752.5,754.2,387249
1615272300,754.1,754.9,751.65,752.75,498843
1615273200,752.75,753.4,750.3,752.15,422181
1615274100,752.2,752.6,749.6,750.1,302537
1615275000,749.55,750.45,747.0,747.0,541014
1615275900,746.65,748.6,744.0,747.95,696301
1615276800,748.25,750.0,747.1,747.4,347734
1615277700,747.35,748.5,745.2,748.4,347263
1615278600,748.45,749.0,740.0,743.75,967723
1615279500,743.7,744.9,740.3,741.15,556356
1615280400,741.15,744.9,741.0,743.35,514701
1615281300,743.35,744.75,742.75,743.0,395091
1615282200,743.1,748.95,743.1,748.55,1014350
1615283100,748.6,749.0,743.35,744.6,1284893
1615347900,750.5,754.25,749.15,752.8,1006928
1615348800,752.8,753.2,750.15,752.85,385288
1615349700,752.85,754.95,751.55,752.0,384994
1615350600,752.0,752.4,750.2,752.0,294932
1615351500,752.05,752.9,751.1,751.5,203025
1615352400,751.55,753.45,750.5,752.2,276958
1615353300,752.05,754.15,751.95,752.5,220108
1615354200,752.45,755.9,752.0,754.15,428736
1615355100,754.15,755.65,753.2,755.4,248430
1615356000,755.4,756.7,754.1,754.9,356732
1615356900,755.0,756.35,754.85,755.1,222083
1615357800,755.1,756.0,750.5,751.95,560302
1615358700,751.95,754.8,750.3,754.15,342317
1615359600,754.05,756.0,753.3,755.75,355219
1615360500,755.75,757.0,753.7,756.3,523308
1615361400,756.3,760.0,756.0,759.65,739497
1615362300,759.65,762.0,759.0,760.0,875029
1615363200,760.0,761.75,758.7,761.6,444370
1615364100,761.7,763.0,760.6,761.0,529140
1615365000,761.1,764.5,761.0,763.95,712854
1615365900,763.9,765.7,762.2,764.9,770448
1615366800,764.9,765.45,762.2,763.65,529515
1615367700,763.75,764.0,760.1,761.7,764956
1615368600,761.75,763.1,760.35,760.6,994682
1615369500,760.6,761.4,758.55,759.2,1160515
1615520700,772.6,776.6,770.0,771.2,2564006
1615521600,771.25,772.0,767.0,768.3,659009
1615522500,768.2,768.4,765.3,768.2,511649
1615523400,768.05,769.2,765.0,766.0,473603
1615524300,765.95,765.95,762.25,763.85,590082
1615525200,763.85,766.35,763.0,764.5,500087
1615526100,764.5,766.4,763.5,764.0,420771
1615527000,763.95,764.0,761.2,762.3,477198
1615527900,762.2,764.75,762.15,762.25,275621
1615528800,762.3,765.75,762.15,765.45,415839
1615529700,765.45,767.3,763.55,764.4,366887
1615530600,764.3,765.95,762.3,762.65,234187
1615531500,762.3,763.5,760.75,761.5,536838
1615532400,761.3,763.15,761.1,761.2,280721
1615533300,761.2,762.5,760.6,762.2,346354
1615534200,762.2,764.0,760.15,762.45,360917
1615535100,762.45,763.35,761.0,761.25,282003
1615536000,761.25,761.85,747.65,752.2,1458279
1615536900,752.1,756.25,750.15,755.0,917499
1615537800,755.0,755.5,749.0,749.0,653201
1615538700,749.0,751.4,745.6,750.45,834570
1615539600,750.5,752.0,748.6,749.05,496082
1615540500,749.1,749.5,745.0,745.35,507180
1615541400,745.5,752.4,745.5,751.6,1076431
1615542300,751.6,751.95,748.4,749.1,1015681
1615779900,754.0,754.0,742.65,742.9,1369088
1615780800,743.2,743.2,734.0,735.0,1342446
1615781700,735.5,737.4,732.9,735.75,771805
1615782600,735.6,735.9,726.05,727.6,1396500
1615783500,727.7,731.7,725.0,730.6,1150207
1615784400,730.55,731.4,728.6,729.0,526093
1615785300,728.85,730.4,722.0,722.6,1001201
1615786200,722.55,723.6,719.25,720.8,1050496
1615787100,720.8,721.0,716.65,719.8,1054855
1615788000,719.7,722.0,719.5,721.95,351030
1615788900,721.9,722.9,718.0,722.7,613226
1615789800,722.9,724.65,721.05,721.45,687461
1615790700,721.45,722.5,720.0,722.3,330080
1615791600,722.25,722.5,719.35,720.1,349819
1615792500,720.1,721.5,719.5,719.8,346134
1615793400,719.75,720.0,717.8,719.8,546235
1615794300,719.8,723.1,719.8,721.2,441275
1615795200,721.15,724.0,719.85,724.0,696421
1615796100,724.0,726.5,722.05,724.35,931758
1615797000,724.35,725.0,721.1,723.65,625083
1615797900,723.6,726.85,723.45,725.4,877075
1615798800,725.35,738.3,725.35,736.4,1935005
1615799700,736.6,741.5,734.25,740.25,1297119
1615800600,740.1,744.85,739.85,744.45,1542758
1615801500,744.15,747.8,744.15,745.0,1230828
1615866300,751.0,752.0,737.2,740.95,1176550
1615867200,740.8,746.95,740.2,741.05,781767
1615868100,741.05,744.0,736.5,742.45,767121
1615869000,742.45,744.0,740.05,742.85,284876
1615869900,742.9,745.95,741.35,745.95,531063
1615870800,745.95,747.8,743.55,746.15,431814
1615871700,746.0,746.15,743.6,743.95,270498
1615872600,743.75,745.8,743.75,745.7,195010
1615873500,745.7,745.8,741.0,741.2,438060
1615874400,741.25,741.45,738.0,738.3,444953
1615875300,738.5,741.2,738.35,740.7,194192
1615876200,740.7,747.15,740.2,742.9,628341
1615877100,743.2,744.4,742.15,742.5,185854
1615878000,742.5,744.5,742.0,744.4,170534
1615878900,744.45,744.5,742.8,743.75,125577
1615879800,743.7,746.8,738.3,739.1,581186
1615880700,738.85,739.75,735.95,737.95,540137
1615881600,737.7,741.75,737.0,740.75,485876
1615882500,740.85,743.75,740.25,741.65,303041
1615883400,741.65,745.2,739.95,740.45,403404
1615884300,740.5,742.85,740.0,742.0,195582
1615885200,742.0,744.75,740.5,740.9,356679
1615886100,740.7,743.35,740.65,742.5,244589
1615887000,742.5,743.85,736.0,737.1,822509
1615887900,737.1,739.4,736.5,737.6,759606
1615952700,739.0,739.3,728.7,732.2,1019819
1615953600,732.25,734.5,730.5,731.05,554775
1615954500,731.0,731.5,729.3,730.65,378117
1615955400,730.65,733.5,730.0,730.65,313626
1615956300,730.6,732.3,729.4,732.05,283198
1615957200,732.0,735.35,731.5,733.65,972696
1615958100,733.65,734.0,732.15,733.4,209779
1615959000,733.2,733.65,731.6,733.2,275807
1615959900,733.3,739.5,732.95,739.35,709421
1615960800,739.35,742.0,737.25,738.55,694286
1615961700,738.55,739.95,736.3,736.8,345050
1615962600,736.8,738.4,735.2,736.75,352914
1615963500,736.75,738.5,735.6,737.8,271735
1615964400,737.9,739.0,736.0,737.95,279736
1615965300,737.95,738.95,735.4,736.05,370078
1615966200,736.05,737.45,733.3,736.3,464467
1615967100,736.2,738.0,735.1,735.7,277261
1615968000,735.5,739.3,735.15,737.6,375317
1615968900,737.6,738.55,735.45,736.3,547370
1615969800,736.1,737.2,733.0,733.6,399221
1615970700,733.6,735.7,732.45,734.15,438725
1615971600,734.25,735.0,732.8,733.35,265974
1615972500,733.35,734.45,732.6,733.4,365596
1615973400,733.4,733.8,725.85,727.3,1140290
1615974300,727.4,728.85,724.7,725.0,1054885
1616039100,736.0,743.1,734.0,738.1,1318553
1616040000,738.35,740.9,738.05,739.5,393946
1616040900,739.8,740.25,736.5,737.05,441107
1616041800,737.3,739.3,735.6,736.45,267960
1616042700,736.45,737.4,733.1,734.25,383646
1616043600,734.2,734.2,731.1,731.85,401804
1616044500,731.8,734.7,731.65,732.5,209511
1616045400,732.5,733.0,730.6,730.9,166563
1616046300,730.9,731.9,729.35,729.8,237542
1616047200,729.85,731.0,728.25,728.85,233093
1616048100,728.6,732.8,728.3,732.6,263272
1616049000,732.75,734.9,730.55,734.6,352044
1616049900,734.55,735.0,729.5,730.35,318978
1616050800,730.45,730.8,729.05,730.0,145629
1616051700,730.1,730.2,727.5,728.85,265226
1616052600,728.85,728.85,722.0,722.1,510025
1616053500,722.25,723.55,716.1,718.85,770438
1616054400,718.85,719.3,715.4,716.85,432417
1616055300,716.9,721.05,713.8,714.15,610371
1616056200,714.25,714.25,709.0,709.55,862155
1616057100,709.3,712.35,707.25,711.7,625477
1616058000,711.7,715.6,710.4,711.0,650084
1616058900,710.8,712.95,710.5,711.35,346740
1616059800,711.25,722.45,710.9,721.1,1081090
1616060700,721.1,723.0,718.05,718.35,944489
1616125500,709.0,714.15,704.35,704.75,1536875
1616126400,704.9,712.85,703.5,709.8,1291001
1616127300,709.65,718.75,708.05,717.4,1340614
1616128200,717.15,722.5,715.1,719.4,969235
1616129100,719.3,720.65,714.4,717.2,763401
1616130000,717.2,718.5,715.8,716.5,419562
1616130900,716.5,719.9,715.0,718.5,538605
1616131800,718.55,723.7,718.2,719.5,703896
1616132700,719.65,720.7,715.0,716.05,592099
1616133600,716.1,718.7,710.4,711.0,685940
1616134500,711.15,712.25,709.25,710.0,927028
1616135400,710.5,710.6,705.3,706.5,625264
1616136300,706.5,712.55,705.0,712.1,713613
1616137200,712.05,714.5,709.2,709.5,649466
1616138100,709.4,712.05,708.0,709.55,449165
1616139000,709.55,713.2,708.95,712.35,407569
1616139900,712.5,716.75,711.75,714.75,666817
1616140800,714.4,717.7,711.35,715.5,651070
1616141700,715.35,719.8,715.05,719.0,496152
1616142600,719.0,721.5,716.05,717.0,643285
1616143500,717.25,718.9,713.7,718.85,579446
1616144400,718.85,724.8,718.8,723.4,1054392
1616145300,723.45,725.5,720.6,724.15,653394
1616146200,724.05,729.35,724.0,728.7,1700403
1616147100,728.55,728.75,722.0,725.2,1296256
1616384700,719.0,722.8,716.85,722.0,1628903
1616385600,721.95,726.75,721.15,724.25,818160
1616386500,724.25,730.0,724.25,725.4,671673
1616387400,725.2,727.05,722.3,724.7,409605
1616388300,724.7,724.8,718.0,718.5,614153
1616389200,718.65,719.95,716.1,717.0,608396
1616390100,716.8,717.0,713.35,714.9,660246
1616391000,714.85,718.0,713.2,717.6,569121
1616391900,717.5,719.3,716.6,717.4,387685
1616392800,717.4,722.0,716.6,720.35,475089
1616393700,720.4,721.6,719.5,720.0,281061
1616394600,720.0,720.9,718.75,719.75,276092
1616395500,719.75,719.75,715.5,716.95,497742
1616396400,716.95,718.35,714.5,714.5,371950
1616397300,714.4,715.85,712.65,715.6,390114
1616398200,715.6,717.2,713.2,716.1,386569
1616399100,716.05,716.25,712.05,713.3,406905
1616400000,713.4,714.7,710.35,714.0,755554
1616400900,714.0,715.4,709.3,711.1,605698
1616401800,711.0,716.55,710.4,713.45,634942
1616402700,713.45,716.0,712.7,715.85,473233
1616403600,715.75,715.95,713.05,714.0,394858
1616404500,713.8,716.0,712.45,716.0,399443
1616405400,715.85,718.85,713.15,717.85,1017866
1616406300,718.1,718.45,714.9,717.4,999216
1616471100,718.0,727.4,717.05,726.25,1716560
1616472000,725.65,726.2,723.8,724.4,466686
1616472900,724.4,725.0,722.0,724.1,353114
1616473800,724.3,724.3,719.0,720.15,344059
1616474700,720.1,721.0,718.5,718.75,333255
1616475600,718.8,721.35,716.6,720.2,421065
1616476500,720.55,732.8,720.0,728.25,1134022
1616477400,728.3,731.85,725.15,725.55,724059
1616478300,725.5,727.35,722.65,723.0,532421
1616479200,722.8,723.0,714.1,718.7,1316480
1616480100,718.5,721.25,716.4,720.5,384258
1616481000,720.35,722.0,718.05,718.9,328114
1616481900,718.9,720.25,717.5,720.05,306639
1616482800,720.0,722.7,719.7,722.3,340066
1616483700,722.25,725.75,722.25,722.3,598153
1616484600,722.25,724.2,721.55,723.95,268081
1616485500,723.95,724.65,720.7,723.35,279909
1616486400,723.4,724.55,720.65,724.3,343201
1616487300,724.35,727.15,723.2,725.8,370729
1616488200,726.0,727.45,724.65,726.85,285514
1616489100,726.8,733.8,726.0,732.65,896818
1616490000,732.55,737.5,731.6,737.3,857617
1616490900,737.0,739.5,735.5,735.5,854297
1616491800,735.5,736.0,728.7,728.8,1377447
1616492700,728.95,731.55,727.6,731.0,1100333
1616557500,723.25,724.65,720.85,722.5,914283
1616558400,722.5,725.0,721.5,722.5,381534
1616559300,722.25,723.8,720.0,720.45,373270
1616560200,720.3,720.5,716.55,717.55,497818
1616561100,717.4,718.85,715.35,717.35,410672
1616562000,717.4,718.4,713.7,714.25,438737
1616562900,714.25,714.3,709.6,710.65,697359
1616563800,710.6,712.35,709.0,710.8,579957
1616564700,710.8,711.9,707.55,708.5,438674
1616565600,708.6,710.85,707.8,710.85,353124
1616566500,710.8,714.2,710.0,713.5,667996
1616567400,713.5,715.0,711.5,713.35,665314
1616568300,713.25,715.75,711.15,711.6,464179
1616569200,711.5,714.75,710.0,714.0,511802
1616570100,713.8,714.4,710.3,710.5,443652
1616571000,710.5,712.4,710.0,710.5,384359
1616571900,710.35,715.2,709.05,712.5,617295
1616572800,712.5,713.0,709.7,711.15,361471
1616573700,711.0,713.5,710.05,712.3,367866
1616574600,712.25,714.35,711.2,712.15,350046
1616575500,712.15,712.95,710.5,711.7,244196
1616576400,711.85,716.3,711.8,712.8,473238
1616577300,712.75,713.35,707.05,708.3,808896
1616578200,708.15,708.45,703.3,707.0,1449178
1616579100,707.0,709.85,705.15,709.05,1466831
1616643900,709.5,710.9,692.7,694.5,1722297
1616644800,694.7,699.9,693.25,698.25,827239
1616645700,698.45,701.5,697.1,697.5,953206
1616646600,697.75,700.3,697.3,698.6,393518
1616647500,698.35,699.65,694.75,697.0,847650
1616648400,696.95,697.7,694.8,695.4,373735
1616649300,695.65,697.0,694.5,695.0,380433
1616650200,695.0,695.35,691.3,692.0,506181
1616651100,691.9,692.55,690.3,691.5,461613
1616652000,691.5,692.85,690.15,691.5,276678
1616652900,691.5,691.55,686.4,686.75,590569
1616653800,686.75,686.9,681.0,684.6,715333
1616654700,684.6,686.15,682.5,685.0,453270
1616655600,685.0,685.1,683.4,684.0,362919
1616656500,683.95,684.7,682.1,683.45,369394
1616657400,683.4,683.6,680.0,683.25,590918
1616658300,683.25,691.35,682.25,690.15,754404
1616659200,690.0,702.75,687.4,700.7,1988899
1616660100,700.7,704.3,694.0,695.5,1346250
1616661000,695.2,702.55,695.05,698.6,1353721
1616661900,698.35,699.45,694.0,695.45,739543
1616662800,695.2,701.4,694.65,701.0,891323
1616663700,700.85,705.7,699.45,699.7,1777020
1616664600,699.7,699.7,691.6,694.7,1522318
1616665500,694.7,695.05,691.05,692.45,973147
1616730300,707.0,707.0,698.6,703.95,1445408
1616731200,703.85,705.65,696.5,697.2,679162
1616732100,697.2,700.05,694.3,695.9,646559
1616733000,696.0,698.9,693.3,696.7,612550
1616733900,696.7,700.0,696.7,698.1,534333
1616734800,698.2,699.9,696.5,699.3,399112
1616735700,699.3,701.8,697.45,698.2,547972
1616736600,698.2,700.5,697.0,697.65,198809
1616737500,697.3,699.1,695.3,697.8,356667
1616738400,697.75,701.4,697.0,699.7,362957
1616739300,699.8,703.25,699.4,701.8,377171
1616740200,701.7,703.9,701.0,702.75,304086
1616741100,702.75,703.25,700.0,700.85,279092
1616742000,700.6,702.5,699.4,700.1,254074
1616742900,699.9,700.4,696.6,699.85,390003
1616743800,699.85,701.0,697.1,697.85,301116
1616744700,697.55,700.8,695.3,700.35,436436
1616745600,700.35,702.4,699.8,700.05,453095
1616746500,700.0,702.4,699.85,701.85,246287
1616747400,701.65,703.25,700.6,701.85,466154
1616748300,701.9,704.55,699.7,702.0,736308
1616749200,702.0,702.65,697.9,698.05,402517
1616750100,697.9,700.8,696.05,698.4,436037
1616751000,698.5,700.75,696.25,696.4,939821
1616751900,696.2,703.15,693.15,701.75,1299302
1617075900,705.0,709.35,701.9,704.95,1040936
1617076800,705.05,707.25,702.45,706.1,575284
1617077700,705.95,709.0,705.95,708.95,406558
1617078600,709.0,710.0,707.05,709.75,381168
1617079500,709.65,712.7,709.35,712.0,734535
1617080400,711.9,712.45,707.5,707.8,494761
1617081300,707.8,710.5,707.8,708.4,337623
1617082200,708.4,710.25,708.0,710.25,258073
1617083100,710.25,713.3,710.0,710.9,519594
1617084000,710.8,712.05,710.0,711.1,188662
1617084900,711.15,711.9,709.55,709.6,171484
1617085800,709.6,710.0,706.0,707.0,460491
1617086700,707.0,707.0,704.3,704.85,491241
1617087600,705.0,705.7,703.0,704.65,343217
1617088500,704.55,705.9,703.95,704.65,209820
1617089400,704.7,704.8,700.75,703.95,772256
1617090300,704.0,705.5,702.05,704.45,295234
1617091200,704.45,705.0,703.25,704.3,196931
1617092100,704.05,708.2,702.15,704.8,679658
1617093000,704.55,706.0,703.3,704.95,642182
1617093900,704.55,706.1,702.3,703.0,713297
1617094800,703.0,703.7,701.55,701.75,557145
1617095700,701.8,703.2,701.1,703.0,719903
1617096600,702.95,704.5,691.0,692.1,8147815
1617097500,691.9,697.8,691.5,696.8,6489038
1617162300,696.0,701.15,694.1,698.35,1481383
1617163200,698.35,702.6,697.5,700.6,766319
1617164100,700.6,701.95,700.0,700.0,444371
1617165000,700.0,700.1,698.25,698.3,317421
1617165900,698.3,698.75,695.55,696.8,437539
1617166800,696.75,698.55,695.25,696.8,313534
1617167700,696.8,696.95,693.5,693.8,497749
1617168600,693.8,694.85,692.3,693.7,388536
1617169500,693.55,694.8,693.3,693.75,173538
1617170400,693.75,695.0,692.1,694.2,374998
1617171300,693.95,694.55,692.5,693.55,234018
1617172200,693.55,697.4,693.25,697.15,375536
1617173100,697.15,699.1,695.5,696.5,419398
1617174000,696.3,698.5,696.0,697.5,176587
1617174900,697.5,698.0,696.0,697.85,274685
1617175800,697.85,701.0,695.55,699.15,578802
1617176700,699.3,699.95,694.8,695.6,561517
1617177600,695.5,700.5,695.0,700.0,495087
1617178500,700.0,702.2,699.35,701.2,550052
1617179400,701.2,703.55,700.15,701.8,465075
1617180300,701.8,701.85,698.9,699.15,521090
1617181200,699.2,700.0,697.95,698.25,650932
1617182100,698.3,699.5,697.0,697.9,601478
1617183000,697.9,699.5,696.4,697.9,1936707
1617183900,697.95,699.5,696.0,698.25,1849984
1617248700,706.3,706.3,698.45,701.0,1145986
1617249600,701.0,701.6,695.55,696.85,608303
1617250500,696.85,700.0,696.6,698.8,534841
1617251400,698.8,700.9,697.7,700.0,283837
1617252300,700.2,703.55,700.0,702.0,628718
1617253200,702.0,702.0,699.9,701.0,314348
1617254100,701.0,701.3,699.1,700.2,337677
1617255000,700.2,701.95,699.3,701.65,199444
1617255900,701.55,702.7,700.0,700.55,180368
1617256800,700.5,701.4,700.0,700.0,111548
1617257700,700.0,702.3,699.9,702.0,201956
1617258600,702.0,702.2,700.1,700.7,140407
1617259500,700.7,701.6,699.1,701.1,268033
1617260400,701.05,701.15,699.8,700.65,140681
1617261300,700.6,701.7,698.2,700.2,406835
1617262200,700.2,705.35,700.1,703.75,602701
1617263100,703.7,708.9,703.7,705.9,870025
1617264000,705.7,709.5,705.3,708.9,571749
1617264900,708.75,708.95,706.55,707.1,277645
1617265800,707.1,712.9,707.0,712.75,455385
1617266700,712.9,717.0,712.25,715.0,959583
1617267600,715.0,715.5,711.75,712.25,735613
1617268500,712.25,713.6,710.6,712.5,939521
1617269400,712.65,715.5,711.0,713.85,1059489
1617270300,713.9,715.5,711.05,711.95,1050616
1617594300,707.2,708.45,697.0,697.4,1160287
1617595200,696.9,697.15,690.85,694.15,1180312
1617596100,694.3,695.9,688.0,688.25,948351
1617597000,688.1,688.1,682.2,686.95,1304664
1617597900,686.55,688.4,680.2,686.55,862400
1617598800,686.55,686.9,683.05,684.95,458997
1617599700,684.95,687.05,684.05,684.7,336401
1617600600,684.5,684.55,678.0,679.0,821742
1617601500,679.0,683.4,677.45,683.3,434234
1617602400,683.3,687.35,681.9,686.25,513272
1617603300,686.5,688.0,685.0,687.6,418139
1617604200,687.95,689.55,687.15,689.2,302914
1617605100,689.3,690.95,688.5,690.5,418993
1617606000,690.45,692.9,689.35,691.85,363769
1617606900,691.85,692.0,689.85,691.25,336529
1617607800,691.15,691.25,685.9,688.0,429755
1617608700,688.2,691.9,687.1,690.15,289030
1617609600,690.15,692.0,689.0,691.2,304716
1617610500,691.25,692.0,686.95,686.95,294246
1617611400,686.95,687.55,683.05,684.6,730585
1617612300,684.5,685.7,683.05,685.4,636251
1617613200,685.4,687.7,683.1,685.05,783723
1617614100,685.0,686.9,682.75,684.1,870465
1617615000,684.25,685.95,683.5,684.2,969926
1617615900,684.45,687.85,683.8,687.0,1022116
1617680700,690.1,690.95,678.3,688.8,1544514
1617681600,688.7,693.5,686.45,690.45,1016571
1617682500,690.45,690.8,687.3,687.7,609891
1617683400,687.65,691.45,685.3,685.65,521121
1617684300,685.8,686.0,681.7,684.95,602433
1617685200,684.95,688.9,684.35,688.65,330705
1617686100,688.3,688.9,686.05,687.2,173226
1617687000,687.2,690.25,686.2,688.65,338723
1617687900,688.65,690.6,688.65,689.55,303154
1617688800,689.5,690.25,686.1,686.4,274642
1617689700,686.35,687.8,685.0,686.85,229663
1617690600,686.85,687.7,686.0,687.25,122976
1617691500,687.15,688.35,682.85,684.0,383553
1617692400,684.0,685.5,679.0,679.4,672607
1617693300,679.25,684.6,678.0,683.65,600767
1617694200,683.65,686.0,681.1,684.95,458477
1617695100,684.9,685.55,682.0,682.2,320277
1617696000,682.15,684.35,680.45,680.75,349292
1617696900,680.95,682.9,679.8,680.8,321045
1617697800,680.85,683.0,680.4,680.85,249060
1617698700,680.75,682.0,679.1,680.35,277642
1617699600,680.1,680.35,678.15,679.05,336172
1617700500,679.1,680.0,676.85,677.1,376058
1617701400,677.3,679.25,675.5,678.25,745053
1617702300,678.25,679.35,676.95,678.5,885680
1617767100,680.5,681.05,668.4,679.5,1658764
1617768000,679.5,682.7,678.95,682.3,737552
1617768900,682.4,683.9,681.0,681.45,581875
1617769800,681.35,687.0,679.3,680.8,1335169
1617770700,680.85,681.3,675.5,678.0,854733
1617771600,678.0,678.9,674.0,674.15,645394
1617772500,674.15,680.9,673.25,680.5,601389
1617773400,680.8,684.8,680.0,684.45,968284
1617774300,684.35,686.05,681.7,683.9,614938
1617775200,683.85,685.0,683.0,683.8,287943
1617776100,683.8,684.2,682.15,683.4,285899
1617777000,683.4,688.5,682.9,687.15,610349
1617777900,687.15,687.9,685.65,687.3,276946
1617778800,687.4,689.2,686.45,688.2,317948
1617779700,688.2,690.8,686.65,689.3,452013
1617780600,689.35,691.9,689.0,691.45,456744
1617781500,691.5,691.5,685.55,686.75,778898
1617782400,686.8,688.55,684.7,685.0,346262
1617783300,685.05,688.5,685.05,688.4,221714
1617784200,688.2,689.75,686.45,689.3,303751
1617785100,689.3,689.4,687.2,688.25,170258
1617786000,688.25,691.5,687.5,688.85,328759
1617786900,688.35,688.75,687.1,687.5,281472
1617787800,687.4,689.95,686.8,689.0,615973
1617788700,689.0,689.0,686.15,686.95,659283
1617853500,691.5,695.5,690.0,693.7,821323
1617854400,694.0,695.0,691.2,692.15,338552
1617855300,692.15,692.5,688.1,692.4,465612
1617856200,692.4,693.75,691.55,692.9,292052
1617857100,693.0,693.3,690.15,690.75,247463
1617858000,690.75,691.5,690.0,690.4,156885
1617858900,690.25,691.4,689.3,689.95,266729
1617859800,689.8,691.9,689.8,690.25,168233
1617860700,690.2,691.55,689.7,691.3,163284
1617861600,691.3,692.35,688.65,689.15,277697
1617862500,689.05,690.15,686.6,690.1,355360
1617863400,690.1,690.1,686.0,686.15,264371
1617864300,686.45,689.15,686.0,688.1,312313
1617865200,688.05,690.0,688.05,689.1,188520
1617866100,689.1,689.45,687.3,687.9,166594
1617867000,687.9,689.45,687.25,688.7,295945
1617867900,688.4,692.5,688.4,691.0,574358
1617868800,690.95,693.75,690.3,692.85,409607
1617869700,692.55,693.0,690.5,690.9,216547
1617870600,691.2,691.45,687.9,688.95,385208
1617871500,689.05,689.55,686.05,686.05,224458
1617872400,686.3,686.3,681.1,684.3,694837
1617873300,684.0,684.4,681.0,681.0,295694
1617874200,681.0,683.5,679.35,680.85,671598
1617875100,681.0,683.0,680.25,682.45,737775
1617939900,679.3,679.65,672.1,676.05,1908590
1617940800,676.05,679.95,674.7,679.7,762171
1617941700,679.7,681.75,675.9,677.95,669966
1617942600,677.95,686.0,677.5,683.95,763780
1617943500,683.6,686.8,681.8,684.45,458338
1617944400,684.45,686.0,682.4,682.65,421792
1617945300,682.6,683.1,680.45,681.2,344435
1617946200,681.2,681.8,677.2,677.8,432298
1617947100,677.55,679.45,676.6,677.55,294714
1617948000,677.5,680.65,676.55,679.9,295416
1617948900,679.85,681.75,678.65,681.2,292824
1617949800,681.35,681.5,678.15,678.65,211129
1617950700,678.4,681.2,678.4,680.5,202105
1617951600,680.5,681.35,679.7,680.55,201617
1617952500,680.55,682.0,677.95,679.9,359989
1617953400,679.9,680.15,678.0,679.0,206893
1617954300,679.0,679.9,677.2,677.4,250845
1617955200,677.45,677.45,673.1,674.35,561508
1617956100,674.0,675.15,672.7,672.9,431919
1617957000,673.0,674.3,671.35,672.65,453633
1617957900,672.6,674.35,672.25,672.5,254238
1617958800,672.5,672.8,669.0,670.45,478535
1617959700,670.45,671.75,669.0,670.35,384438
1617960600,670.35,670.5,667.25,667.4,951838
1617961500,667.45,669.0,667.0,668.05,876955
1618199100,651.0,655.0,641.2,645.5,2045030
1618200000,645.35,645.35,640.2,644.0,1055268
1618200900,644.3,646.4,642.0,644.7,517119
1618201800,645.55,646.0,643.1,643.95,296421
1618202700,643.95,643.95,640.4,641.0,565069
1618203600,640.7,640.9,637.75,638.5,582674
1618204500,638.8,642.75,638.65,642.55,506477
1618205400,642.55,642.55,638.0,638.35,318800
1618206300,638.2,638.9,635.3,635.75,374200
1618207200,635.75,636.75,634.5,636.15,475005
1618208100,636.25,638.45,634.95,635.0,409019
1618209000,635.0,635.25,628.85,632.1,887245
1618209900,632.4,633.95,629.0,630.9,399594
1618210800,630.95,633.3,629.5,632.5,315472
1618211700,632.6,633.4,629.9,630.2,340744
1618212600,630.15,631.25,629.5,629.65,289048
1618213500,629.65,630.85,629.0,630.15,371935
1618214400,630.05,631.5,629.6,630.1,243707
1618215300,630.1,630.75,629.7,630.0,183367
1618216200,630.15,633.7,630.0,632.7,426366
1618217100,632.75,633.55,630.6,631.4,301589
1618218000,631.4,632.45,626.65,629.0,771002
1618218900,629.0,630.4,628.0,629.55,387557
1618219800,629.6,634.4,629.6,633.65,859869
1618220700,633.6,639.85,633.6,639.7,1638011
1618285500,635.6,646.3,630.0,643.55,1222182
1618286400,644.0,646.2,642.5,643.15,520105
1618287300,643.25,647.8,642.8,646.0,389474
1618288200,645.9,650.0,645.9,647.95,559469
1618289100,647.95,650.65,645.6,649.2,491765
1618290000,649.2,651.9,646.25,650.8,617791
1618290900,650.65,652.6,650.05,650.4,533828
1618291800,650.35,651.25,646.05,646.4,424637
1618292700,646.4,649.5,645.6,649.2,359340
1618293600,649.2,649.3,645.0,646.9,439256
1618294500,646.85,648.5,645.4,645.7,239410
1618295400,645.35,646.65,644.5,646.2,248994
1618296300,646.2,647.0,644.7,645.9,257818
1618297200,645.9,649.25,645.9,648.55,351722
1618298100,648.45,650.8,646.2,647.7,369446
1618299000,647.7,648.05,645.85,647.25,231994
1618299900,647.3,649.7,646.5,647.65,219203
1618300800,648.0,652.0,647.1,650.0,394600
1618301700,650.1,657.6,649.95,657.0,672371
1618302600,657.6,660.85,655.5,658.7,629013
1618303500,658.65,663.0,658.45,663.0,611992
1618304400,663.0,664.85,660.35,663.15,823615
1618305300,663.15,663.75,657.35,660.75,495344
1618306200,660.9,663.6,660.6,660.95,678885
1618307100,661.0,661.95,658.15,660.0,896220
1618458300,666.45,671.35,661.6,662.65,1598843
1618459200,662.6,662.65,653.9,658.0,1127993
1618460100,658.0,658.75,655.0,656.1,346226
1618461000,656.15,660.0,654.0,655.75,486560
1618461900,655.9,656.8,653.25,653.5,325456
1618462800,653.45,656.4,653.2,656.4,376405
1618463700,656.3,658.5,654.8,655.05,343921
1618464600,655.05,655.6,652.5,653.45,335252
1618465500,653.3,655.35,652.3,654.75,329267
1618466400,654.75,658.4,654.35,657.75,388984
1618467300,657.75,663.7,657.05,662.0,826407
1618468200,661.85,668.55,660.7,666.7,796632
1618469100,667.0,670.0,663.25,665.1,582204
1618470000,665.15,666.8,662.75,665.45,303478
1618470900,665.45,667.7,664.6,665.3,202421
1618471800,665.3,669.5,662.2,663.4,490675
1618472700,663.35,665.4,660.95,663.75,337848
1618473600,663.6,668.45,663.05,666.85,383653
1618474500,666.7,670.3,665.5,667.35,576250
1618475400,667.2,669.0,665.1,666.75,525854
1618476300,666.7,667.8,663.6,664.0,567725
1618477200,663.95,666.1,661.65,661.85,567034
1618478100,661.6,664.5,660.75,664.25,554960
1618479000,664.3,670.25,664.25,670.25,1263452
1618479900,670.1,670.65,668.25,668.85,1432042
1618544700,668.65,675.25,662.35,663.2,1504729
1618545600,663.15,666.65,663.15,664.4,532174
1618546500,664.4,670.5,664.35,667.6,679150
1618547400,667.55,668.75,664.5,665.8,357302
1618548300,665.8,668.55,665.6,667.75,261033
1618549200,667.7,668.5,665.25,665.65,254644
1618550100,665.65,667.75,664.7,666.3,265099
1618551000,666.45,667.5,665.8,666.7,162860
1618551900,666.6,668.0,665.6,667.3,188588
1618552800,667.3,667.9,666.7,666.85,105136
1618553700,666.75,669.15,665.0,666.05,360414
1618554600,666.05,666.3,663.2,665.5,382480
1618555500,665.5,665.5,663.5,664.2,238484
1618556400,664.15,666.35,664.15,665.1,228021
1618557300,665.1,667.85,665.0,667.25,287188
1618558200,667.3,668.2,665.5,667.8,244259
1618559100,667.85,668.05,666.0,667.4,149665
1618560000,667.4,669.05,666.2,668.35,232881
1618560900,668.45,668.5,666.6,667.55,275159
1618561800,667.55,668.05,665.2,667.5,325630
1618562700,667.45,672.9,667.2,672.2,810918
1618563600,672.45,673.0,670.1,672.55,435194
1618564500,672.6,674.0,669.3,669.8,692852
1618565400,669.85,670.0,667.75,668.85,1801270
1618566300,669.1,670.8,666.1,667.8,1449570
1618803900,650.0,655.3,638.5,640.4,1370935
1618804800,639.75,640.0,632.8,633.3,1009856
1618805700,633.2,635.8,632.6,635.35,578654
1618806600,635.35,637.1,633.7,636.55,648585
1618807500,636.4,639.0,633.05,638.05,1001519
1618808400,638.1,642.15,637.9,641.5,998090
1618809300,641.4,642.0,637.45,638.75,639317
1618810200,638.7,638.7,635.3,636.5,424718
1618811100,636.5,636.6,634.75,635.35,390695
1618812000,635.35,635.9,631.0,632.8,882058
1618812900,632.85,633.5,631.55,632.55,401484
1618813800,632.55,634.0,631.8,632.0,400259
1618814700,632.0,632.95,631.1,632.3,447592
1618815600,632.3,632.75,631.1,632.4,252993
1618816500,632.35,635.55,632.15,635.35,534483
1618817400,635.4,637.0,634.85,636.25,716045
1618818300,636.2,638.4,636.0,636.95,542044
1618819200,636.9,638.0,635.85,636.55,394173
1618820100,636.65,644.05,636.55,641.0,740993
1618821000,641.15,643.25,640.55,640.9,828232
1618821900,640.9,641.35,639.1,640.75,442375
1618822800,640.75,642.3,640.15,641.35,475497
1618823700,641.5,642.4,639.9,642.1,575327
1618824600,642.1,649.2,642.1,649.05,1408398
1618825500,649.05,651.05,647.15,647.85,1140815
1618890300,656.0,661.7,651.6,659.85,1546476
1618891200,659.9,661.45,657.0,661.15,840402
1618892100,661.95,662.0,658.55,660.4,636139
1618893000,660.5,661.9,659.0,660.05,532502
1618893900,660.05,660.1,657.35,659.0,405316
1618894800,659.0,659.5,657.2,659.0,419256
1618895700,659.05,659.1,655.0,655.7,489944
1618896600,655.7,656.4,653.8,656.4,465314
1618897500,656.35,657.25,653.2,654.55,344601
1618898400,654.55,656.35,653.65,655.75,180007
1618899300,655.9,656.5,654.05,655.5,138922
1618900200,655.35,656.0,655.0,655.85,109285
1618901100,655.95,656.45,651.3,653.8,425278
1618902000,653.9,654.15,650.2,650.55,299420
1618902900,650.7,653.6,649.0,651.5,452130
1618903800,651.25,654.0,650.7,652.95,191500
1618904700,653.3,655.45,652.6,653.85,313390
1618905600,653.85,654.5,652.3,654.35,164464
1618906500,654.4,654.9,652.65,653.2,172269
1618907400,653.2,654.9,652.7,653.35,168476
1618908300,653.2,654.35,646.85,648.15,668178
1618909200,648.05,648.9,646.1,648.15,418171
1618910100,648.15,648.2,643.0,643.95,539653
1618911000,643.95,654.05,643.95,653.95,1237249
1618911900,654.0,654.1,650.4,651.7,1104729
1619063100,641.0,645.0,634.4,640.05,2012621
1619064000,640.0,640.2,636.6,638.35,930527
1619064900,638.2,644.0,638.15,643.3,892467
1619065800,643.3,647.0,642.1,644.9,912838
1619066700,644.8,648.7,642.95,647.7,666816
1619067600,647.65,649.85,646.9,647.25,582063
1619068500,647.4,649.95,647.25,648.05,343726
1619069400,647.9,650.8,647.0,650.45,463289
1619070300,650.35,652.0,648.5,651.5,533750
1619071200,651.55,657.5,651.55,657.35,864731
1619072100,657.2,659.05,655.55,656.5,634386
1619073000,656.45,657.95,654.3,656.8,469923
1619073900,657.15,658.0,654.9,655.75,416733
1619074800,655.75,656.6,653.5,653.7,390584
1619075700,653.7,657.55,653.65,656.8,338910
1619076600,656.8,657.9,653.8,653.9,626180
1619077500,654.0,655.55,652.8,653.3,580380
1619078400,653.3,653.95,652.15,653.9,373384
1619079300,653.9,655.9,652.8,654.6,805216
1619080200,654.6,655.9,653.8,655.25,609178
1619081100,655.3,658.5,654.15,655.25,1049510
1619082000,655.25,657.5,655.0,655.55,822170
1619082900,655.55,657.2,655.35,655.55,574272
1619083800,655.55,660.95,655.55,659.2,1886670
1619084700,659.0,659.75,656.0,656.9,1473373
1619149500,656.0,664.8,650.9,656.5,1652846
1619150400,656.2,658.9,654.3,658.9,727365
1619151300,658.9,663.75,658.5,663.2,739152
1619152200,663.6,666.4,662.55,664.95,959236
1619153100,664.95,669.9,663.6,669.45,1024938
1619154000,669.45,671.9,667.75,668.55,960358
1619154900,668.4,671.5,667.3,669.6,529412
1619155800,669.65,673.8,669.55,672.65,986607
1619156700,672.65,675.5,671.0,674.15,1028057
1619157600,674.0,677.0,673.55,675.55,757044
1619158500,675.65,676.3,674.55,675.0,442950
1619159400,674.9,676.8,674.75,675.05,464635
1619160300,675.05,675.55,671.75,673.55,648548
1619161200,673.8,676.5,673.35,675.8,414332
1619162100,675.8,676.35,673.05,674.85,398457
1619163000,674.85,675.75,674.25,674.5,241133
1619163900,674.5,677.5,674.4,677.4,415409
1619164800,677.35,677.5,671.0,673.15,903138
1619165700,673.25,674.95,671.1,674.25,447176
1619166600,674.25,675.45,672.3,672.85,463828
1619167500,672.85,674.5,669.0,669.15,906794
1619168400,669.2,670.7,667.1,667.45,865308
1619169300,667.5,669.3,667.1,667.5,541813
1619170200,667.5,674.95,667.5,674.2,1183089
1619171100,674.3,674.65,665.0,665.0,1435152
1619408700,694.0,694.0,684.5,689.35,2213241
1619409600,689.4,691.3,685.8,688.15,1156127
1619410500,688.45,693.15,687.4,692.55,806449
1619411400,692.55,697.45,692.45,694.5,1524695
1619412300,694.5,695.95,693.5,694.25,670028
1619413200,694.3,695.4,690.6,692.75,694000
1619414100,693.0,694.15,692.7,693.3,394223
1619415000,693.3,700.0,693.1,699.3,1200889
1619415900,699.25,699.4,695.75,696.05,505259
1619416800,696.1,697.5,695.3,696.85,278751
1619417700,696.85,698.5,696.5,697.7,269497
1619418600,697.65,699.2,695.55,695.8,560183
1619419500,695.8,697.0,692.05,692.45,889857
1619420400,692.5,692.5,688.95,691.85,1203174
1619421300,691.85,697.6,691.8,697.6,651837
1619422200,697.8,698.2,695.8,696.6,482344
1619423100,696.6,697.25,694.7,696.25,353224
1619424000,696.3,697.0,694.7,695.3,425383
1619424900,695.45,698.95,695.0,696.9,643310
1619425800,696.85,697.2,695.0,695.6,367372
1619426700,695.7,695.9,692.3,695.05,622264
1619427600,695.15,698.2,694.55,697.15,1047549
1619428500,697.55,703.8,697.5,700.6,1985196
1619429400,700.7,702.95,699.3,699.55,1356339
1619430300,699.85,700.4,698.2,699.0,1257739
1619495100,691.1,698.0,688.0,688.3,8196473
1619496000,687.7,688.35,685.25,686.95,2364679
1619496900,686.95,687.45,685.05,685.75,2191980
1619497800,686.0,686.5,684.1,685.6,4674857
1619498700,685.45,686.25,685.05,686.0,960481
1619499600,686.0,689.6,685.8,689.45,4661851
1619500500,689.4,690.7,688.25,690.2,1091031
1619501400,690.2,691.85,689.05,690.35,1229499
1619502300,690.5,692.5,690.2,690.7,1994855
1619503200,690.75,695.65,689.6,694.5,2995291
1619504100,694.45,700.65,694.45,700.0,2170565
1619505000,700.0,702.45,699.6,700.9,1367510
1619505900,700.75,701.5,698.6,698.7,800592
1619506800,699.0,701.35,698.7,700.45,724937
1619507700,700.45,703.6,700.3,702.0,2072162
1619508600,701.8,702.0,699.0,700.8,697520
1619509500,700.8,702.45,700.0,700.85,537793
1619510400,700.85,701.95,700.5,700.75,302322
1619511300,700.7,702.0,700.7,701.95,460753
1619512200,701.95,703.05,701.35,701.7,813212
1619513100,701.7,701.75,700.25,701.65,503248
1619514000,701.6,703.9,701.35,701.9,988948
1619514900,701.9,702.3,698.55,698.8,967345
1619515800,698.9,701.4,696.75,701.25,1907736
1619516700,701.25,701.6,699.7,701.15,1784434
1619581500,708.0,710.45,696.3,702.2,9278248
1619582400,702.15,702.5,694.25,699.0,3686470
1619583300,699.0,699.15,694.0,694.3,1760519
1619584200,694.35,696.5,694.05,695.25,1068667
1619585100,695.25,695.4,688.15,689.75,2258843
1619586000,690.15,691.35,688.6,690.9,1536415
1619586900,691.1,694.5,691.1,693.2,1147956
1619587800,693.3,694.15,691.0,691.2,680618
1619588700,691.25,691.35,690.0,690.4,800329
1619589600,690.45,692.75,690.15,692.7,891816
1619590500,692.7,693.6,692.45,693.2,735455
1619591400,693.35,696.45,693.35,696.25,2074755
1619592300,696.3,700.5,695.7,700.15,2722083
1619593200,700.2,701.0,699.0,700.15,1840597
1619594100,700.1,703.55,699.75,702.8,1780030
1619595000,702.8,705.0,699.65,704.95,1858623
1619595900,705.0,706.9,704.05,704.65,2214400
1619596800,704.65,704.95,700.9,702.45,1937193
1619597700,702.45,706.4,701.95,706.05,1900957
1619598600,706.2,711.0,705.2,709.8,2938163
1619599500,710.0,710.5,708.3,710.0,2240048
1619600400,710.0,711.6,708.6,710.2,1852887
1619601300,710.3,712.5,709.65,710.35,1394201
1619602200,710.55,711.0,707.7,708.15,2301789
1619603100,708.25,709.25,704.1,706.0,2752391
1619667900,712.0,726.35,711.05,722.6,3897034
1619668800,722.55,726.9,722.25,723.65,1564955
1619669700,723.55,724.9,707.0,713.95,3360402
1619670600,713.7,716.75,709.05,713.85,1354392
1619671500,713.85,715.7,711.05,714.8,714341
1619672400,714.8,715.4,711.5,712.8,617901
1619673300,712.9,712.9,707.5,709.55,1150331
1619674200,709.9,710.75,707.2,709.4,665448
1619675100,709.4,714.9,708.65,712.6,1031163
1619676000,712.6,713.45,710.2,713.0,350113
1619676900,713.0,714.85,711.7,712.45,494648
1619677800,712.5,715.0,711.65,715.0,342356
1619678700,715.0,716.0,713.5,715.45,408613
1619679600,715.5,715.9,714.45,714.9,311339
1619680500,714.9,720.0,714.15,719.8,1097930
1619681400,719.85,721.0,715.35,717.55,992999
1619682300,717.55,721.0,717.55,719.75,567140
1619683200,719.8,720.7,718.65,719.35,385674
1619684100,718.7,719.85,716.0,716.25,740570
1619685000,716.3,718.95,714.85,718.35,966361
1619685900,718.55,720.7,717.35,719.7,768912
1619686800,720.0,721.0,718.6,720.05,608275
1619687700,720.15,720.5,717.75,719.9,627403
1619688600,719.6,721.5,719.0,719.3,1228462
1619689500,719.3,719.95,716.9,717.15,1646364
1619754300,705.0,719.8,705.0,718.4,2492013
1619755200,718.2,726.45,717.0,724.45,2018638
1619756100,724.7,726.45,721.35,723.7,992033
1619757000,724.15,724.35,717.85,720.3,907439
1619757900,720.3,723.75,719.55,723.55,753732
1619758800,723.55,725.5,721.7,724.25,874462
1619759700,724.35,729.85,723.9,728.45,981599
1619760600,728.5,728.8,726.0,726.5,545341
1619761500,726.75,726.8,724.0,724.4,500221
1619762400,724.55,726.0,721.1,722.4,599690
1619763300,722.4,725.2,722.4,724.35,339499
1619764200,724.3,726.3,722.7,722.8,384341
1619765100,722.85,725.35,722.5,724.35,293652
1619766000,724.35,726.85,724.0,726.3,389128
1619766900,726.35,727.7,725.55,726.95,492062
1619767800,726.95,727.2,721.25,722.35,807320
1619768700,722.3,723.9,720.0,720.2,600965
1619769600,720.1,721.5,716.55,717.0,989745
1619770500,717.0,718.35,714.3,716.0,893146
1619771400,716.15,716.15,711.3,713.75,936444
1619772300,713.75,717.5,711.0,716.3,1037314
1619773200,716.15,720.6,714.75,719.1,912798
1619774100,719.05,719.9,715.75,719.35,704509
1619775000,719.4,719.4,716.05,716.65,1481072
1619775900,716.65,717.1,710.9,711.5,2014350
1620013500,706.0,706.75,696.0,705.5,1609876
1620014400,705.55,706.85,701.1,704.75,692957
1620015300,704.85,705.75,702.45,703.35,430293
1620016200,703.4,703.8,701.4,703.2,386793
1620017100,703.05,703.3,698.95,700.75,559752
1620018000,700.75,705.5,699.7,704.85,448064
1620018900,704.85,708.0,704.5,705.5,542348
1620019800,705.5,705.9,703.15,704.6,323058
1620020700,704.1,705.9,702.0,702.25,349181
1620021600,702.0,702.15,698.4,700.35,671999
1620022500,700.35,700.35,697.55,699.1,404455
1620023400,699.1,699.9,698.0,698.5,276824
1620024300,698.7,698.7,694.65,695.5,574791
1620025200,695.75,697.0,694.0,695.4,398719
1620026100,695.35,698.5,694.8,698.2,361270
1620027000,698.2,699.0,695.4,698.2,355089
1620027900,698.2,699.6,692.1,694.25,722968
1620028800,694.45,695.25,693.0,693.6,321805
1620029700,693.9,697.7,692.7,696.55,508309
1620030600,696.55,696.9,695.0,695.95,284183
1620031500,695.95,699.75,695.65,699.6,567609
1620032400,699.8,705.45,699.75,704.6,1193378
1620033300,704.8,705.5,701.4,702.9,495291
1620034200,703.0,703.3,700.65,701.95,536082
1620035100,701.85,705.0,701.4,703.95,690154
1620099900,704.0,718.65,704.0,714.0,1654868
1620100800,713.9,715.75,711.75,712.1,574148
1620101700,711.95,714.9,708.4,714.75,615327
1620102600,714.6,715.5,712.05,712.8,357973
1620103500,712.55,713.9,711.1,712.0,298101
1620104400,711.95,716.0,711.95,715.4,473399
1620105300,715.4,715.5,714.4,714.85,226325
1620106200,714.95,718.15,714.8,716.7,438646
1620107100,716.7,716.9,715.05,715.8,170789
1620108000,715.8,718.3,715.5,717.6,264338
1620108900,717.5,717.8,715.85,717.35,169545
1620109800,717.35,717.9,714.65,715.5,243219
1620110700,715.5,717.0,714.05,716.8,274087
1620111600,716.65,717.15,715.05,715.65,145365
1620112500,715.7,716.25,714.7,715.55,138709
1620113400,715.55,715.7,709.0,709.0,832758
1620114300,708.25,710.5,705.7,710.3,836824
1620115200,710.15,712.0,708.9,710.1,404144
1620116100,710.1,712.3,709.4,710.8,262964
1620117000,710.8,712.5,707.95,709.5,349973
1620117900,709.6,710.7,708.2,709.7,269869
1620118800,709.55,711.1,701.0,701.55,1086429
1620119700,701.5,703.95,698.55,699.3,619695
1620120600,699.75,701.7,698.1,701.55,611520
1620121500,701.5,701.7,699.1,700.5,627733
1620186300,709.0,712.35,704.45,705.85,1425231
1620187200,705.65,708.1,705.65,706.5,335182
1620188100,706.85,709.0,704.5,708.55,494383
1620189000,708.55,711.0,700.0,708.55,926016
1620189900,708.55,710.1,705.2,709.15,378998
1620190800,709.45,713.2,709.1,710.4,582827
1620191700,710.8,713.95,710.7,712.45,613506
1620192600,712.5,714.0,709.5,710.2,366226
1620193500,710.2,710.45,707.2,708.75,384452
1620194400,708.65,710.0,706.5,708.1,236709
1620195300,708.1,709.4,707.2,709.0,159008
1620196200,708.9,710.95,706.95,709.8,210196
1620197100,709.9,710.4,707.65,709.0,150964
1620198000,709.0,709.1,706.45,706.85,159553
1620198900,707.0,712.95,705.75,712.1,513798
1620199800,712.25,715.0,711.55,713.7,634863
1620200700,713.7,715.35,712.25,713.65,313609
1620201600,713.65,715.65,712.25,714.5,345973
1620202500,714.45,714.5,712.8,713.5,155972
1620203400,713.5,714.1,710.4,711.6,317145
1620204300,711.1,715.5,711.0,714.9,340247
1620205200,714.75,715.35,713.3,715.0,233597
1620206100,714.8,715.35,713.05,714.25,311207
1620207000,714.25,718.0,714.0,717.85,586907
1620207900,717.6,719.05,716.6,718.05,926739
1620272700,718.0,722.85,711.55,713.0,1375430
1620273600,713.05,718.75,712.5,715.65,668005
1620274500,715.65,717.6,714.5,715.8,337876
1620275400,715.65,718.55,714.2,716.1,461665
1620276300,716.0,716.5,712.8,713.75,420348
1620277200,713.75,714.4,712.25,713.45,251738
1620278100,713.5,714.5,713.1,714.35,144986
1620279000,714.35,716.8,712.7,713.4,306476
1620279900,713.55,713.95,712.3,713.25,180406
1620280800,713.4,713.8,711.25,711.55,271848
1620281700,711.7,713.9,710.25,713.25,348505
1620282600,713.3,713.75,711.2,712.85,205253
1620283500,712.7,714.8,712.5,714.6,248602
1620284400,714.65,715.3,713.3,713.95,177628
1620285300,713.95,715.3,713.2,713.9,164858
1620286200,713.95,717.2,713.35,716.8,367033
1620287100,716.6,717.2,714.25,715.05,390481
1620288000,715.25,717.25,714.7,717.0,334548
1620288900,717.25,717.25,714.7,715.6,132662
1620289800,715.85,718.1,715.0,715.45,298887
1620290700,715.45,715.85,713.6,714.9,315947
1620291600,714.9,717.0,714.5,715.1,217238
1620292500,715.1,715.25,713.85,713.85,246563
1620293400,713.8,716.3,712.35,715.9,849664
1620294300,715.95,717.45,715.35,716.05,766739
1620359100,721.0,726.9,719.75,725.4,1260634
1620360000,725.4,726.0,721.4,723.65,611888
1620360900,723.7,724.8,722.2,722.65,248678
1620361800,722.5,724.0,722.5,723.65,249268
1620362700,723.6,723.9,721.55,721.85,184738
1620363600,721.5,722.5,720.0,720.2,326538
1620364500,720.15,721.35,718.85,720.9,317248
1620365400,720.85,722.1,719.7,719.95,211729
1620366300,719.9,722.1,719.7,721.55,146684
1620367200,721.5,722.7,721.0,721.1,138439
1620368100,721.05,721.6,719.8,720.8,177925
1620369000,720.65,721.2,716.25,717.4,367934
1620369900,717.1,717.9,714.25,717.85,454281
1620370800,717.8,718.25,716.2,718.0,180638
1620371700,718.0,718.9,717.0,717.9,121095
1620372600,717.7,718.25,716.05,716.35,104646
1620373500,716.4,717.8,715.4,717.1,130703
1620374400,717.0,718.7,716.55,717.9,110580
1620375300,717.9,718.85,717.7,718.05,103306
1620376200,718.1,718.85,716.8,718.25,137110
1620377100,718.2,718.4,716.75,717.15,93304
1620378000,716.9,717.85,715.9,717.6,126173
1620378900,717.6,718.5,717.0,717.85,232039
1620379800,717.85,718.2,717.35,717.4,369088
1620380700,717.4,717.75,714.0,715.3,707189
1620618300,723.5,725.0,718.25,720.55,858591
1620619200,720.65,720.65,717.6,719.4,351543
1620620100,719.05,720.35,716.2,717.05,407884
1620621000,717.05,719.5,716.7,719.3,301975
1620621900,719.5,723.8,719.15,722.15,771993
1620622800,722.1,723.15,721.1,721.6,213921
1620623700,721.5,723.4,720.55,721.3,267636
1620624600,721.55,722.15,719.1,721.95,298822
1620625500,721.95,722.45,719.2,720.05,293581
1620626400,720.05,721.0,718.6,719.0,323439
1620627300,718.85,720.0,717.4,720.0,250128
1620628200,719.95,720.85,717.55,718.0,234576
1620629100,718.0,719.9,717.6,719.65,225378
1620630000,719.65,721.0,719.2,720.55,168950
1620630900,720.55,720.7,719.25,719.8,100168
1620631800,719.8,720.7,717.0,717.5,250741
1620632700,717.5,718.0,715.5,717.7,299665
1620633600,717.7,718.4,717.1,717.9,141958
1620634500,717.9,718.25,716.55,717.65,129645
1620635400,717.9,718.75,717.05,717.05,120042
1620636300,717.15,719.0,715.6,716.4,195873
1620637200,716.4,717.35,716.05,717.1,124486
1620638100,717.1,717.1,714.75,714.9,261162
1620639000,715.0,715.3,714.0,714.8,541497
1620639900,714.65,716.6,714.35,716.25,830192
1620704700,704.8,711.8,703.35,709.85,1134241
1620705600,709.85,709.85,706.8,708.2,576624
1620706500,708.5,709.5,707.55,708.5,297124
1620707400,708.5,710.0,708.05,710.0,270493
1620708300,710.75,710.9,706.5,707.05,395034
1620709200,707.05,707.85,706.7,707.2,158905
1620710100,707.45,707.5,705.0,706.25,426437
1620711000,706.2,707.55,706.0,707.1,219017
1620711900,707.0,710.6,707.0,709.65,739287
1620712800,709.55,713.7,709.3,711.15,987867
1620713700,711.4,711.5,710.0,711.4,469792
1620714600,711.4,712.6,710.45,711.3,782441
1620715500,711.1,711.75,710.7,710.95,260511
1620716400,710.9,711.35,709.4,709.55,260191
1620717300,709.55,709.8,707.2,707.45,398666
1620718200,707.4,707.45,704.55,705.95,642094
1620719100,705.95,706.05,703.0,704.9,432148
1620720000,705.0,705.45,703.05,704.45,310014
1620720900,704.4,705.4,703.5,705.1,524620
1620721800,705.1,706.4,704.6,704.9,318066
1620722700,704.4,706.0,704.4,705.0,223013
1620723600,704.95,706.1,704.15,705.8,249572
1620724500,705.7,706.5,705.05,706.1,338759
1620725400,706.0,708.45,705.95,707.95,1130589
1620726300,707.95,708.3,706.15,706.85,1160219
1620791100,704.0,705.75,700.55,701.25,957031
1620792000,701.25,701.75,699.1,701.3,711950
1620792900,701.0,702.75,699.8,701.15,465620
1620793800,701.45,702.15,697.55,697.9,365194
1620794700,697.8,699.0,696.0,696.6,460085
1620795600,696.6,696.75,695.0,695.2,389231
1620796500,695.25,697.25,695.2,697.0,207745
1620797400,697.05,697.8,689.8,691.25,783819
1620798300,691.35,692.35,689.2,692.35,536476
1620799200,692.15,693.85,691.75,693.0,337620
1620800100,692.8,694.95,692.75,694.35,459129
1620801000,694.5,695.95,693.25,695.2,687344
1620801900,695.25,696.6,694.7,696.25,364013
1620802800,696.2,696.35,694.15,694.75,284417
1620803700,694.75,696.75,694.75,696.1,221308
1620804600,696.05,697.9,695.95,697.5,332581
1620805500,697.55,698.45,696.45,696.75,296752
1620806400,696.8,697.05,693.15,693.75,258399
1620807300,693.85,695.35,693.5,695.05,189562
1620808200,694.95,695.6,694.8,695.3,265498
1620809100,695.3,696.0,694.55,695.1,215996
1620810000,695.25,696.2,693.3,694.75,262306
1620810900,694.9,694.9,690.15,690.65,440541
1620811800,690.9,692.75,689.05,691.6,585210
1620812700,691.25,692.95,690.5,691.5,747910
1620963900,695.0,696.6,688.3,693.85,1236409
1620964800,693.85,698.0,691.6,695.4,991450
1620965700,695.15,697.5,694.2,695.65,560656
1620966600,695.65,697.4,694.25,694.45,266722
1620967500,694.4,697.0,693.75,695.05,229903
1620968400,695.05,698.6,695.0,696.3,364197
1620969300,696.4,697.0,693.6,693.75,271497
1620970200,693.6,694.2,691.8,692.15,333829
1620971100,692.3,693.4,691.35,692.45,176552
1620972000,692.3,692.45,687.3,688.65,441990
1620972900,688.4,689.75,686.5,686.5,353247
1620973800,686.35,687.9,685.4,686.75,304384
1620974700,686.55,688.5,686.0,686.9,188064
1620975600,686.9,687.45,685.5,687.45,208953
1620976500,687.6,687.65,685.7,686.1,240992
1620977400,686.2,688.0,685.0,686.5,267190
1620978300,686.5,686.95,685.2,686.9,150130
1620979200,686.8,687.6,683.2,683.2,369385
1620980100,683.4,685.25,682.2,682.45,278783
1620981000,682.4,684.05,681.4,683.35,262618
1620981900,683.15,684.45,682.1,682.8,201009
1620982800,682.8,685.5,682.75,684.1,341414
1620983700,684.35,686.95,684.2,684.9,285916
1620984600,685.35,685.95,684.0,685.55,489325
1620985500,685.5,686.0,684.1,685.3,536936
1621223100,691.5,692.1,684.4,689.2,1206191
1621224000,689.45,695.0,689.4,694.0,642332
1621224900,694.0,695.05,692.4,692.75,315703
1621225800,692.75,698.9,692.5,698.4,669664
1621226700,698.45,699.75,696.6,696.95,517128
1621227600,696.95,699.9,695.6,699.45,451335
1621228500,699.45,699.45,696.95,697.1,219884
1621229400,697.1,699.0,696.65,698.5,256627
1621230300,698.5,701.35,698.05,700.4,464640
1621231200,700.4,701.0,698.95,700.85,393783
1621232100,700.8,703.0,700.1,702.65,623593
1621233000,702.65,703.5,701.25,702.85,386140
1621233900,702.85,703.9,702.1,703.5,344099
1621234800,703.55,704.7,702.7,703.8,353686
1621235700,703.95,705.3,703.1,703.8,520748
1621236600,703.55,705.0,702.25,702.65,364169
1621237500,702.45,703.3,701.25,703.3,355501
1621238400,703.15,705.0,703.0,704.75,354559
1621239300,704.7,706.3,703.8,706.0,380315
1621240200,706.0,708.0,705.35,705.35,494565
1621241100,705.45,706.3,704.6,705.55,280039
1621242000,705.55,707.0,705.1,707.0,357342
1621242900,706.75,708.9,706.1,708.55,323031
1621243800,708.65,710.3,708.1,709.8,755367
1621244700,709.7,710.0,708.35,708.65,1053081
1621309500,720.0,726.0,719.2,726.0,1600179
1621310400,725.9,726.0,720.35,723.15,573959
1621311300,722.9,725.0,722.05,722.25,301214
1621312200,722.45,722.85,716.1,717.9,762062
1621313100,717.65,720.1,717.6,720.05,300622
1621314000,720.5,721.8,719.2,721.4,245819
1621314900,721.3,722.95,720.0,722.6,240683
1621315800,722.55,725.0,722.0,724.05,498285
1621316700,724.15,725.2,712.2,713.7,1134660
1621317600,713.45,716.5,710.25,713.0,1303012
1621318500,713.0,715.75,712.35,714.55,752131
1621319400,714.5,717.8,714.5,715.8,915414
1621320300,715.8,715.8,714.0,715.0,852734
1621321200,715.0,717.0,714.4,715.85,372712
1621322100,715.85,717.3,715.0,715.5,267626
1621323000,715.45,716.8,714.5,716.7,409274
1621323900,716.8,718.65,716.4,716.8,513025
1621324800,716.9,718.4,714.5,717.2,405530
1621325700,717.2,717.5,712.7,715.0,772752
1621326600,715.0,717.3,713.9,715.75,510504
1621327500,715.85,717.0,710.8,711.25,1040871
1621328400,711.1,714.2,708.9,713.65,1451957
1621329300,713.75,714.4,708.5,709.75,1205804
1621330200,709.8,712.7,709.8,710.95,1513559
1621331100,710.8,714.5,709.5,712.0,1499620
1621395900,704.0,712.95,702.2,712.6,2693473
1621396800,712.5,715.55,711.35,711.9,1167696
1621397700,711.85,713.0,710.3,711.55,565430
1621398600,711.55,712.5,710.7,710.7,223615
1621399500,710.65,711.1,708.15,708.9,696418
1621400400,708.85,709.95,707.0,709.6,569780
1621401300,709.45,711.0,708.95,709.0,348861
1621402200,708.85,711.0,708.3,710.75,446268
1621403100,711.0,711.0,709.6,710.2,225176
1621404000,710.15,711.85,707.65,711.7,655902
1621404900,711.9,715.0,711.6,714.7,712793
1621405800,714.8,716.65,713.5,716.35,580048
1621406700,716.5,716.5,713.5,714.85,392862
1621407600,714.85,715.5,713.7,715.4,262872
1621408500,715.45,715.5,714.2,714.75,216266
1621409400,714.75,715.8,714.05,715.05,458955
1621410300,715.05,716.25,714.55,715.25,487188
1621411200,715.25,716.05,713.85,715.0,1209972
1621412100,715.0,717.9,714.25,716.45,743595
1621413000,716.5,717.15,714.0,715.0,1158655
1621413900,714.9,715.55,714.45,715.05,573328
1621414800,715.05,721.65,714.6,721.3,1612172
1621415700,721.3,723.7,717.55,718.0,1402455
1621416600,717.85,718.45,716.05,716.2,1148769
1621417500,716.45,718.8,713.05,714.1,1176579
1621482300,708.6,712.8,707.5,709.4,3668968
1621483200,709.2,710.9,707.0,710.5,1382296
1621484100,710.3,710.9,709.5,709.9,770871
1621485000,709.8,711.65,708.5,710.9,457441
1621485900,710.9,711.7,710.15,710.45,361644
1621486800,710.3,711.25,710.2,711.2,756237
1621487700,711.25,711.8,711.0,711.8,719176
1621488600,711.85,713.45,711.7,713.3,889600
1621489500,713.3,713.45,711.7,713.3,535460
1621490400,713.3,714.4,713.05,713.6,505986
1621491300,713.6,714.0,713.2,713.45,260501
1621492200,713.45,714.4,713.4,714.3,353705
1621493100,714.25,714.4,711.3,711.75,495392
1621494000,711.7,712.5,711.25,711.8,320729
1621494900,711.8,712.5,711.75,712.2,433404
1621495800,712.05,712.45,710.1,710.9,332657
1621496700,710.55,711.0,709.8,710.65,699550
1621497600,710.65,710.75,709.8,710.4,318347
1621498500,710.4,710.85,710.0,710.6,340025
1621499400,710.7,711.9,710.0,710.95,433996
1621500300,710.95,710.95,707.45,707.45,869800
1621501200,707.35,707.65,705.2,706.95,792578
1621502100,706.95,707.95,704.55,705.4,820409
1621503000,705.4,706.55,704.6,706.05,1068549
1621503900,706.05,706.9,705.25,706.15,977468
1621568700,707.0,712.9,707.0,712.5,1050386
1621569600,712.45,716.7,712.45,716.2,1116359
1621570500,716.45,719.9,716.15,717.15,1154968
1621571400,717.1,718.5,716.0,717.0,466627
1621572300,716.95,719.9,716.6,719.75,531388
1621573200,719.85,721.6,718.25,721.0,922608
1621574100,721.0,721.5,719.5,720.85,510725
1621575000,720.85,721.05,719.05,720.0,287442
1621575900,719.95,720.15,718.55,718.8,332165
1621576800,718.95,720.0,718.5,719.35,197238
1621577700,719.4,719.75,717.6,718.7,234672
1621578600,718.7,719.55,717.75,717.8,152579
1621579500,717.65,719.45,717.4,718.35,222052
1621580400,718.35,718.35,716.15,716.15,295325
1621581300,716.05,717.25,715.9,716.75,218450
1621582200,716.85,717.2,716.15,716.8,145725
1621583100,716.8,718.5,716.2,718.1,254009
1621584000,718.25,719.4,717.0,718.5,195449
1621584900,718.45,718.5,715.4,716.25,409025
1621585800,716.2,717.1,714.0,714.8,467117
1621586700,714.9,722.0,714.85,722.0,966892
1621587600,722.0,726.25,721.45,725.65,1525602
1621588500,725.7,729.4,725.5,728.5,1522882
1621589400,728.6,732.5,727.5,732.25,1333817
1621590300,732.3,733.4,730.2,732.5,1339510
1621827900,730.4,739.0,730.4,736.4,2501221
1621828800,736.2,737.95,734.0,734.75,1119826
1621829700,734.7,735.35,731.7,732.2,803552
1621830600,732.1,734.5,726.75,734.3,1332598
1621831500,734.15,736.8,734.0,734.6,589693
1621832400,734.85,736.4,734.15,734.2,232038
1621833300,734.35,737.5,733.15,737.15,406815
1621834200,737.15,737.5,735.6,736.0,220878
1621835100,736.3,737.0,734.75,735.65,226742
1621836000,735.8,736.4,734.2,735.3,175481
1621836900,735.3,736.2,733.6,734.25,192537
1621837800,734.2,736.0,734.0,735.8,145761
1621838700,736.0,736.5,735.1,735.8,201586
1621839600,735.7,736.15,732.35,733.5,257386
1621840500,733.3,734.5,731.0,732.65,343159
1621841400,732.65,736.3,732.45,735.6,315961
1621842300,735.4,735.95,734.5,735.7,139315
1621843200,735.7,738.5,735.25,737.9,692515
1621844100,737.95,741.0,735.4,740.6,694538
1621845000,740.45,741.4,738.7,739.65,674836
1621845900,739.5,740.0,738.6,739.5,369402
1621846800,739.5,744.45,739.1,744.4,888101
1621847700,744.4,747.5,744.25,744.9,1220148
1621848600,745.0,745.5,740.95,741.85,857299
1621849500,741.8,742.0,737.2,738.8,1036140
1621914300,744.4,745.0,741.0,741.9,895566
1621915200,741.05,742.4,738.35,738.85,595446
1621916100,738.85,739.4,735.9,737.9,540316
1621917000,737.9,739.9,737.1,737.2,540358
1621917900,737.25,737.9,734.0,735.15,596479
1621918800,735.1,736.1,734.0,734.8,320004
1621919700,734.7,735.0,733.15,734.3,263907
1621920600,734.3,734.6,731.8,732.5,344982
1621921500,732.35,733.55,730.2,733.0,731038
1621922400,732.9,734.0,731.05,733.8,281486
1621923300,733.9,734.45,732.6,732.95,180635
1621924200,733.0,733.25,731.5,732.75,278638
1621925100,732.75,733.45,732.2,733.0,175458
1621926000,733.0,734.2,732.75,733.85,213859
1621926900,733.85,733.9,732.15,732.2,147372
1621927800,732.2,733.5,731.75,733.25,174466
1621928700,733.05,733.45,731.7,732.9,366618
1621929600,733.0,733.2,730.2,730.55,342078
1621930500,730.7,730.7,727.5,729.35,614021
1621931400,729.5,730.0,727.55,728.25,300409
1621932300,728.3,728.3,725.85,727.95,377579
1621933200,727.8,733.5,727.45,732.5,824723
1621934100,732.5,733.45,728.7,730.2,552086
1621935000,730.3,732.45,730.0,731.6,575233
1621935900,731.7,733.25,730.2,732.7,1075813
1622000700,738.0,738.45,732.1,734.2,1475168
1622001600,734.1,734.8,729.5,731.05,600447
1622002500,731.05,734.6,730.95,734.25,327596
1622003400,734.5,735.85,733.55,733.9,353822
1622004300,733.8,735.75,732.5,735.35,362309
1622005200,735.3,739.4,734.5,738.25,623318
1622006100,738.35,739.8,737.4,739.2,366445
1622007000,739.2,739.55,737.6,739.15,223302
1622007900,739.05,739.15,737.0,737.65,170457
1622008800,737.65,739.3,737.0,738.55,176108
1622009700,738.6,738.75,736.5,737.6,181701
1622010600,737.6,739.4,737.55,739.35,153731
1622011500,739.4,740.0,738.35,739.9,162679
1622012400,740.0,741.4,739.25,739.8,454329
1622013300,739.8,740.2,738.6,739.2,264197
1622014200,739.2,740.65,739.0,739.9,220929
1622015100,739.9,741.0,739.5,740.85,255781
1622016000,740.85,741.35,738.25,738.7,366830
1622016900,738.3,740.0,738.05,739.2,222856
1622017800,739.2,740.0,738.35,738.55,236649
1622018700,738.5,739.8,738.0,738.5,210578
1622019600,738.5,740.0,738.0,739.55,235951
1622020500,739.75,739.75,737.0,737.1,352516
1622021400,737.3,737.3,733.4,734.7,544365
1622022300,734.6,736.5,734.0,734.65,504211
1622087100,737.2,738.65,732.0,732.25,821828
1622088000,732.05,734.4,731.15,732.15,352652
1622088900,732.15,734.25,731.0,733.5,254602
1622089800,733.5,737.0,733.5,733.9,303004
1622090700,733.9,735.65,733.75,735.25,142108
1622091600,735.1,735.1,732.3,733.35,232887
1622092500,733.3,735.0,733.0,734.9,118076
1622093400,734.95,736.2,734.1,735.1,200388
1622094300,735.25,738.8,734.75,738.0,334879
1622095200,738.1,739.6,737.5,739.35,377211
1622096100,739.6,741.25,738.65,740.45,518479
1622097000,740.4,743.1,739.5,741.9,554481
1622097900,742.0,742.45,741.25,741.75,263877
1622098800,741.8,742.9,741.25,741.55,307252
1622099700,741.55,744.8,741.05,744.2,630448
1622100600,744.25,746.4,743.5,744.45,777669
1622101500,744.5,747.25,744.05,747.2,629722
1622102400,747.25,747.95,745.15,746.4,604761
1622103300,746.45,747.0,745.25,746.35,557271
1622104200,746.25,747.15,742.65,743.4,788733
1622105100,743.4,746.0,742.65,743.4,659442
1622106000,743.25,746.0,741.95,745.5,808915
1622106900,745.65,747.1,744.0,744.8,863829
1622107800,744.75,750.2,744.7,750.0,5609987
1622108700,750.0,753.85,749.0,749.25,6307781
1622173500,752.6,753.15,748.2,752.3,1171110
1622174400,752.3,757.5,752.15,756.05,1110375
1622175300,756.15,759.7,753.0,753.05,1176018
1622176200,753.05,754.3,750.0,750.4,875316
1622177100,750.65,753.0,749.15,752.45,582953
1622178000,752.55,752.7,750.3,751.0,192246
1622178900,750.95,751.7,749.6,750.15,303697
1622179800,749.9,750.05,747.5,747.7,401102
1622180700,747.95,749.3,746.55,748.15,283446
1622181600,748.35,751.6,747.4,749.5,304355
1622182500,749.7,750.75,749.0,750.3,217599
1622183400,750.3,751.2,749.5,750.7,190150
1622184300,750.8,751.0,749.6,749.95,181459
1622185200,749.9,749.95,747.0,748.35,382789
1622186100,748.35,748.6,745.3,747.2,471479
1622187000,747.2,749.3,747.1,748.95,210839
1622187900,748.85,750.0,747.1,748.95,177723
1622188800,748.95,750.5,748.1,748.9,206604
1622189700,748.55,750.15,747.3,749.85,168461
1622190600,749.85,749.95,746.55,747.15,224373
1622191500,747.0,747.45,745.65,746.8,175624
1622192400,746.95,747.15,742.7,743.8,471718
1622193300,743.7,745.45,740.5,740.5,450597
1622194200,740.6,742.4,738.6,739.25,3515756
1622195100,739.35,745.35,738.5,744.3,3667326
1622432700,737.9,741.5,734.6,735.85,924005
1622433600,736.0,741.45,734.0,738.95,591704
1622434500,739.0,740.35,737.0,739.25,602251
1622435400,739.2,743.0,738.45,743.0,402558
1622436300,743.0,743.9,741.65,743.75,368546
1622437200,743.8,744.5,743.5,744.25,262245
1622438100,744.45,745.4,743.0,744.15,317696
1622439000,744.25,744.8,742.15,742.9,215848
1622439900,742.75,744.95,742.65,744.05,210459
1622440800,744.05,746.5,743.95,745.85,345310
1622441700,745.85,746.35,745.25,746.0,286624
1622442600,745.95,748.1,745.8,747.8,365507
1622443500,747.8,748.45,746.7,748.35,235545
1622444400,748.35,750.0,748.05,748.8,300914
1622445300,748.8,749.7,748.4,749.2,197228
1622446200,749.4,749.95,748.0,748.1,182202
1622447100,748.0,748.25,746.1,746.75,194402
1622448000,746.75,746.9,745.2,746.3,184057
1622448900,746.2,747.0,744.15,746.3,187682
1622449800,746.1,749.5,746.1,749.45,301381
1622450700,749.3,749.9,748.05,748.9,207929
1622451600,748.9,749.4,745.45,747.0,218853
1622452500,747.0,748.7,746.4,748.5,239585
1622453400,748.5,752.0,747.7,752.0,798302
1622454300,751.75,753.0,747.35,748.75,1109406
1622519100,753.55,754.0,746.5,750.65,723328
1622520000,750.65,752.4,749.2,751.8,290050
1622520900,751.6,752.1,745.2,745.45,457225
1622521800,745.25,747.2,742.0,742.55,464609
1622522700,742.55,744.8,741.15,744.3,298759
1622523600,744.35,745.4,742.0,742.75,217593
1622524500,742.75,745.35,741.65,744.1,324346
1622525400,744.2,744.75,741.75,742.45,203599
1622526300,742.35,744.4,741.75,743.7,201782
1622527200,743.7,744.7,742.4,742.85,142372
1622528100,742.6,743.95,741.5,743.1,157510
1622529000,743.3,746.5,743.1,746.0,235876
1622529900,745.85,747.2,744.05,744.25,247039
1622530800,744.4,746.9,744.0,745.5,149633
1622531700,745.55,746.8,745.05,745.3,111206
1622532600,745.35,746.0,744.35,745.8,110173
1622533500,745.85,748.8,745.6,747.95,243443
1622534400,747.95,748.35,746.25,746.95,209524
1622535300,746.95,748.45,746.1,746.3,128545
1622536200,746.35,746.35,743.5,744.35,309057
1622537100,744.2,746.35,744.1,745.85,132845
1622538000,745.85,746.95,745.25,745.4,178434
1622538900,745.45,745.5,744.5,744.5,176287
1622539800,744.5,745.75,744.0,745.05,404031
1622540700,745.05,746.3,744.8,745.3,522759
1622605500,744.8,745.3,739.15,739.25,1074433
1622606400,739.15,740.0,738.5,738.5,772061
1622607300,738.45,738.55,734.45,735.05,718119
1622608200,735.05,736.5,734.2,736.3,342617
1622609100,736.3,736.9,735.05,736.9,675525
1622610000,736.8,736.95,735.5,736.35,245636
1622610900,736.3,736.6,735.85,736.0,119588
1622611800,736.05,739.15,735.9,736.15,372370
1622612700,736.2,737.7,736.0,736.45,158455
1622613600,736.35,737.1,735.7,736.45,121674
1622614500,736.45,737.55,735.6,736.15,136596
1622615400,736.1,736.4,735.6,735.95,102036
1622616300,735.85,738.45,735.6,738.3,245176
1622617200,738.2,738.4,737.0,737.35,282118
1622618100,737.5,738.4,735.4,735.65,368391
1622619000,735.65,737.2,735.65,736.1,146966
1622619900,736.1,737.4,735.8,736.9,173576
1622620800,736.9,737.65,735.8,736.25,245271
1622621700,736.25,736.95,735.85,736.95,433519
1622622600,737.0,737.9,735.2,735.8,414138
1622623500,735.8,736.55,735.5,736.1,249271
1622624400,736.1,736.35,735.0,735.5,329111
1622625300,735.5,737.75,735.25,737.25,445312
1622626200,737.0,738.0,736.15,736.65,828604
1622627100,736.9,738.0,736.45,737.7,921793
1622691900,743.0,745.65,741.5,742.1,902338
1622692800,742.0,743.3,741.0,742.1,277735
1622693700,742.0,742.4,739.35,739.75,229634
1622694600,739.75,741.75,739.0,741.35,252334
1622695500,741.5,743.75,741.3,743.2,230206
1622696400,743.1,744.65,741.8,741.95,219565
1622697300,741.85,743.1,741.0,742.45,138393
1622698200,742.65,743.75,742.5,742.95,163713
1622699100,742.95,744.95,742.7,744.05,210559
1622700000,744.15,747.0,743.75,746.25,489466
1622700900,746.15,750.0,746.0,748.6,550540
1622701800,748.3,750.7,747.35,748.0,828725
1622702700,747.8,748.7,746.9,746.95,256756
1622703600,747.0,748.55,746.9,747.05,101906
1622704500,747.2,751.0,747.0,749.8,277327
1622705400,749.8,750.0,747.1,747.35,366774
1622706300,747.35,748.2,746.15,747.65,201411
1622707200,747.7,749.0,747.55,748.85,120611
1622708100,748.85,749.95,748.05,749.25,173156
1622709000,749.25,750.7,748.2,749.85,206780
1622709900,749.8,750.25,747.65,749.3,242737
1622710800,749.5,750.0,748.7,749.0,134819
1622711700,748.95,749.3,747.0,748.5,238446
1622712600,748.7,751.0,748.5,750.95,512841
1622713500,751.0,752.25,749.2,752.25,821592
1622778300,751.0,752.65,747.55,751.65,866780
1622779200,751.45,759.9,751.1,756.15,1660111
1622780100,756.3,756.7,754.3,754.95,574791
1622781000,754.95,758.15,754.45,754.9,432027
1622781900,754.8,755.2,752.0,754.0,401371
1622782800,754.2,754.2,750.0,753.5,514215
1622783700,753.5,753.7,750.0,751.35,301068
1622784600,751.35,752.25,747.0,747.4,414500
1622785500,747.4,747.4,743.1,745.25,549082
1622786400,745.25,746.5,744.25,745.35,240461
1622787300,745.6,746.5,745.0,746.25,124648
1622788200,745.85,746.5,744.0,744.7,224538
1622789100,744.7,745.75,744.55,745.1,129247
1622790000,745.1,748.65,744.5,747.9,346438
1622790900,747.75,749.45,746.75,748.05,282646
1622791800,747.85,748.9,743.0,743.7,490909
1622792700,743.85,744.45,742.0,742.55,318086
1622793600,742.6,744.0,741.0,741.5,250343
1622794500,741.4,742.6,740.1,742.35,243207
1622795400,742.2,742.55,741.0,741.9,139917
1622796300,741.95,742.5,741.0,741.1,159305
1622797200,741.1,742.0,741.0,741.5,186773
1622798100,741.5,743.45,741.0,741.15,265420
1622799000,741.2,742.95,740.7,742.0,433199
1622799900,741.95,743.5,741.25,742.8,741789
1623037500,743.1,746.8,741.5,746.65,739411
1623038400,746.65,746.85,742.8,745.0,273460
1623039300,745.0,749.5,743.75,749.5,357730
1623040200,749.5,750.95,748.0,748.3,388118
1623041100,748.35,749.1,747.25,748.75,183979
1623042000,748.75,750.45,748.5,749.25,166533
1623042900,749.25,750.65,749.0,750.05,202913
1623043800,750.1,751.9,750.0,750.65,213060
1623044700,750.8,751.35,750.0,750.0,130063
1623045600,750.0,750.85,749.65,750.3,133114
1623046500,750.55,751.1,750.0,750.05,192191
1623047400,750.05,751.5,750.0,751.1,427734
1623048300,751.35,751.5,750.0,750.6,91911
1623049200,750.7,751.4,749.7,750.05,254399
1623050100,750.05,751.0,748.3,750.95,403727
1623051000,750.95,752.5,750.15,752.5,284565
1623051900,752.5,752.75,751.65,752.2,145082
1623052800,752.2,753.2,752.0,752.75,248291
1623053700,752.5,753.5,751.5,752.0,246697
1623054600,752.2,752.6,752.0,752.0,96348
1623055500,752.0,753.95,751.35,752.35,237635
1623056400,752.35,752.9,751.5,751.95,132948
1623057300,751.95,752.05,750.85,750.85,230132
1623058200,750.95,753.4,750.1,750.8,661415
1623059100,750.8,751.9,749.2,749.9,507802
1623123900,751.0,751.1,745.85,746.4,576535
1623124800,746.3,747.8,743.1,743.4,375119
1623125700,743.35,745.55,742.5,742.6,247779
1623126600,742.55,745.95,742.0,745.3,319191
1623127500,745.2,745.75,744.4,745.55,205616
1623128400,745.7,746.55,743.35,744.7,192052
1623129300,744.7,745.15,743.25,744.85,131245
1623130200,744.95,745.5,744.5,744.65,111327
1623131100,744.8,745.45,743.5,744.3,95084
1623132000,744.3,745.15,744.0,744.1,113115
1623132900,744.1,744.5,741.5,741.65,413530
1623133800,741.65,742.0,739.5,741.35,394389
1623134700,741.3,742.85,741.1,742.85,146376
1623135600,742.75,743.8,742.0,743.5,124260
1623136500,743.5,743.9,743.0,743.45,93642
1623137400,743.2,745.2,743.2,744.45,172513
1623138300,744.4,746.65,743.4,746.4,188597
1623139200,746.3,746.5,744.3,745.35,173185
1623140100,745.3,745.5,744.15,744.6,112463
1623141000,744.6,744.6,743.2,744.15,112918
1623141900,744.15,745.4,743.2,745.05,109232
1623142800,745.05,745.25,744.7,745.2,119875
1623143700,745.2,747.0,745.2,746.7,397045
1623144600,746.75,747.4,744.5,745.25,652390
1623145500,745.25,747.35,744.7,745.45,837139
1623210300,746.0,746.65,742.0,746.45,633445
1623211200,746.45,749.5,746.45,748.95,428479
1623212100,748.95,750.75,748.8,750.0,375440
1623213000,750.05,751.25,749.0,749.5,250374
1623213900,749.7,749.9,747.5,749.0,201187
1623214800,749.0,749.0,748.3,748.6,90949
1623215700,748.65,748.65,746.5,746.55,204433
1623216600,746.55,748.85,746.3,748.55,121319
1623217500,748.5,749.25,748.0,748.85,103963
1623218400,748.85,748.85,747.8,748.2,75030
1623219300,748.2,748.2,744.45,745.4,355756
1623220200,745.7,746.4,745.4,746.15,167902
1623221100,746.05,747.35,745.95,746.55,121357
1623222000,746.5,746.65,745.0,745.35,130380
1623222900,745.35,745.9,743.55,744.55,153266
1623223800,744.4,745.8,735.65,735.75,443516
1623224700,735.85,737.6,730.15,734.9,573864
1623225600,734.9,738.75,733.45,738.3,348147
1623226500,738.3,739.8,737.15,739.35,269905
1623227400,739.35,739.6,737.8,738.55,244939
1623228300,738.3,739.35,735.5,736.0,337451
1623229200,736.3,736.8,732.0,732.4,567755
1623230100,732.0,736.0,731.5,734.85,409094
1623231000,735.0,737.0,734.7,735.95,474522
1623231900,736.05,738.0,736.0,737.0,903373
1623296700,739.45,739.45,732.9,734.75,774692
1623297600,734.75,738.0,734.75,735.65,425335
1623298500,735.65,737.45,735.5,736.1,166588
1623299400,736.05,736.7,734.0,735.95,180404
1623300300,735.8,738.2,735.2,737.4,223795
1623301200,737.5,737.85,736.05,737.25,144717
1623302100,737.35,737.35,735.55,736.6,100521
1623303000,736.6,737.5,733.0,734.3,287150
1623303900,734.1,735.7,734.0,735.3,160882
1623304800,735.3,737.0,735.1,737.0,109121
1623305700,736.85,737.35,736.15,736.15,122453
1623306600,736.15,737.65,736.15,737.25,121759
1623307500,737.25,737.5,736.1,736.25,102610
1623308400,736.3,738.2,735.2,735.35,238906
1623309300,735.35,738.95,735.0,738.8,263542
1623310200,738.8,740.45,738.5,739.9,446985
1623311100,739.6,743.7,739.55,742.9,538413
1623312000,742.9,743.5,741.6,741.6,294414
1623312900,741.6,743.2,741.6,742.05,181231
1623313800,742.05,742.65,740.55,742.3,191594
1623314700,742.35,743.8,741.35,742.4,396437
1623315600,742.4,745.35,741.7,743.2,493916
1623316500,743.25,744.45,741.3,742.75,289350
1623317400,742.75,745.0,742.65,744.25,688314
1623318300,744.55,745.1,742.5,742.65,841803
1623383100,746.25,746.25,740.2,744.3,660284
1623384000,744.0,745.9,744.0,744.55,213736
1623384900,744.65,744.65,743.0,743.6,209442
1623385800,743.6,744.25,741.6,741.6,205178
1623386700,741.55,743.4,741.55,742.85,155896
1623387600,742.7,743.4,742.05,742.55,141118
1623388500,742.6,743.45,742.3,742.8,125574
1623389400,742.8,745.6,742.3,742.4,277031
1623390300,742.4,742.4,739.0,739.2,344432
1623391200,739.3,740.2,738.2,739.8,180833
1623392100,739.85,741.35,738.6,740.55,161212
1623393000,740.7,741.2,737.0,737.8,292577
1623393900,737.8,739.15,737.15,737.9,127171
1623394800,738.0,738.4,737.55,738.4,92003
1623395700,738.4,739.5,738.2,739.25,71412
1623396600,739.2,739.3,737.5,739.1,73050
1623397500,739.15,739.6,737.0,737.15,107716
1623398400,737.1,738.9,737.05,738.2,99962
1623399300,738.0,739.0,738.0,738.35,72639
1623400200,738.35,740.0,738.0,739.9,111035
1623401100,739.9,740.6,739.0,740.1,130305
1623402000,739.85,740.2,738.6,739.6,77902
1623402900,739.4,740.1,739.0,739.9,113136
1623403800,739.9,740.1,738.35,738.95,278280
1623404700,738.8,739.2,737.15,737.5,504219
1623642300,735.9,735.9,728.2,728.25,574901
1623643200,728.5,731.35,725.0,731.0,487144
1623644100,730.9,732.6,729.5,732.0,260682
1623645000,732.05,733.5,731.0,733.0,304115
1623645900,732.95,733.9,732.45,733.0,226470
1623646800,733.0,733.75,732.75,732.8,113300
1623647700,732.8,733.25,731.4,732.55,148730
1623648600,732.45,734.65,731.35,734.35,176069
1623649500,734.35,734.6,732.7,733.95,115162
1623650400,733.9,734.5,733.1,733.95,89516
1623651300,733.8,735.75,733.55,734.7,199378
1623652200,734.75,734.8,732.7,733.0,104843
1623653100,733.05,734.65,732.55,734.3,126904
1623654000,734.3,735.0,733.7,734.05,82919
1623654900,734.05,735.0,733.8,734.95,82655
1623655800,734.95,735.0,733.4,733.5,76198
1623656700,733.55,741.4,732.6,736.95,453592
1623657600,736.95,737.5,735.8,736.8,164813
1623658500,736.9,737.45,735.25,736.0,97246
1623659400,736.25,736.9,735.9,736.1,174320
1623660300,736.1,736.35,735.0,735.4,165032
1623661200,735.45,737.95,733.65,737.25,250996
1623662100,737.25,737.9,736.0,737.0,162038
1623663000,737.05,737.2,735.1,736.0,243574
1623663900,736.05,736.9,735.5,735.5,299872
1623728700,736.0,741.9,732.0,741.6,639325
1623729600,741.55,742.65,739.5,742.45,499692
1623730500,742.25,744.5,741.15,744.25,579873
1623731400,744.45,744.9,743.0,744.5,291274
1623732300,744.5,744.75,742.15,743.35,352253
1623733200,743.35,743.5,742.0,742.75,156922
1623734100,742.6,744.8,742.3,744.75,191721
1623735000,744.75,747.7,744.75,746.15,635084
1623735900,746.1,746.5,745.35,746.2,196765
1623736800,746.2,746.5,745.2,745.95,179189
1623737700,745.95,747.9,745.25,746.75,299645
1623738600,746.75,747.5,745.65,746.7,215501
1623739500,746.65,749.8,745.45,749.2,710220
1623740400,749.2,750.0,748.3,749.55,447228
1623741300,749.6,750.75,749.0,750.05,378820
1623742200,750.0,751.2,749.1,749.1,369020
1623743100,749.1,750.0,747.65,748.65,657076
1623744000,748.7,748.85,746.35,747.6,451820
1623744900,747.55,748.5,747.5,748.25,192041
1623745800,748.25,749.55,747.7,748.45,157903
1623746700,748.45,749.4,748.05,748.2,110028
1623747600,748.2,749.15,747.75,748.25,218603
1623748500,748.35,750.45,748.35,749.55,336069
1623749400,749.6,752.0,749.6,751.5,692745
1623750300,751.5,751.85,748.2,748.5,719074
1623815100,748.8,754.95,746.3,754.05,926561
1623816000,754.05,756.85,754.0,755.55,931361
1623816900,755.55,756.05,753.4,753.7,456579
1623817800,753.55,754.0,752.0,753.45,298356
1623818700,753.4,755.8,752.8,753.1,444644
1623819600,753.0,754.8,752.8,754.4,235885
1623820500,754.35,754.4,750.65,752.15,380002
1623821400,752.2,753.0,751.85,752.45,164138
1623822300,752.45,752.6,748.7,750.85,356877
1623823200,750.85,751.9,750.8,751.1,119872
1623824100,751.05,751.9,750.85,751.2,120683
1623825000,751.2,753.25,749.35,750.0,245339
1623825900,750.0,750.85,749.0,749.4,165519
1623826800,749.4,751.0,747.0,748.05,324544
1623827700,748.05,748.55,746.25,746.75,352926
1623828600,746.75,748.25,746.25,748.15,175355
1623829500,748.0,750.0,748.0,748.85,168520
1623830400,748.8,749.05,747.3,747.65,108284
1623831300,747.6,749.3,747.6,748.3,127858
1623832200,748.2,750.0,748.0,749.65,176812
1623833100,749.95,752.0,749.05,752.0,298050
1623834000,752.0,752.0,750.0,751.5,311845
1623834900,751.7,752.0,750.0,751.35,347430
1623835800,751.3,751.8,749.2,750.2,638249
1623836700,750.1,750.85,747.0,747.0,720843
1623901500,741.95,743.6,739.25,743.5,799306
1623902400,743.5,745.3,742.6,745.15,283137
1623903300,745.1,745.4,742.1,742.35,258987
1623904200,742.35,744.8,742.35,744.2,501512
1623905100,744.35,744.5,742.5,744.2,122830
1623906000,744.2,745.0,743.7,744.6,185930
1623906900,744.8,744.8,743.2,743.85,97935
1623907800,743.85,744.0,743.45,743.85,131956
1623908700,743.75,743.85,741.55,742.7,198282
1623909600,742.65,743.0,741.0,742.7,104808
1623910500,742.65,743.25,741.5,742.25,193387
1623911400,742.25,742.25,738.15,739.75,307533
1623912300,739.75,741.0,738.5,740.15,184330
1623913200,740.15,743.6,739.9,743.0,285297
1623914100,742.95,743.4,741.0,741.6,159779
1623915000,741.0,742.7,740.55,741.4,175847
1623915900,741.45,741.85,740.65,741.15,114356
1623916800,741.1,742.7,741.1,742.55,141094
1623917700,742.6,743.0,740.6,740.8,199825
1623918600,740.7,740.75,737.35,737.35,196248
1623919500,737.5,739.3,736.0,739.1,379859
1623920400,739.2,739.5,736.0,737.3,376465
1623921300,737.4,740.15,736.8,740.0,400557
1623922200,740.0,741.0,738.35,738.65,417957
1623923100,738.65,738.8,736.0,737.0,438887
1623987900,742.15,743.2,737.0,737.4,795887
1623988800,737.1,738.9,733.5,733.8,262868
1623989700,733.85,735.3,727.5,728.65,435460
1623990600,728.65,733.3,727.35,732.4,348683
1623991500,732.3,733.0,728.0,728.5,249430
1623992400,728.4,730.0,727.55,728.45,151568
1623993300,728.35,729.05,722.25,723.65,414641
1623994200,724.0,728.4,723.55,727.75,200860
1623995100,727.75,728.6,727.0,727.8,142340
1623996000,727.8,728.1,726.05,727.3,269057
1623996900,727.2,728.0,726.6,727.7,127822
1623997800,727.7,729.8,726.6,727.45,228815
1623998700,727.45,728.9,727.0,727.75,117957
1623999600,727.3,730.0,726.75,728.65,191923
1624000500,728.65,728.9,727.0,727.5,87562
1624001400,727.5,727.9,725.0,726.35,123693
1624002300,726.2,727.6,725.5,726.2,79055
1624003200,726.0,727.45,725.05,727.4,135088
1624004100,727.2,728.15,726.0,727.5,223391
1624005000,727.85,729.4,727.4,729.0,220659
1624005900,729.0,732.85,728.0,732.85,383842
1624006800,732.65,734.95,731.45,732.65,363017
1624007700,732.95,735.4,732.85,733.7,250349
1624008600,733.7,737.3,731.55,736.6,1209857
1624009500,736.6,738.4,736.05,738.0,1112754
1624247100,725.0,728.75,720.5,728.15,596408
1624248000,728.2,731.85,727.65,730.25,631687
1624248900,730.25,731.5,729.15,731.05,528623
1624249800,731.0,732.8,730.55,730.7,223404
1624250700,730.7,732.0,730.35,731.0,121907
1624251600,731.2,732.6,730.55,731.7,90203
1624252500,731.35,732.25,731.0,731.2,66015
1624253400,731.2,733.5,730.6,731.0,165705
1624254300,730.9,731.65,729.25,729.4,119446
1624255200,729.3,731.1,729.3,730.4,88377
1624256100,730.4,732.35,730.35,731.05,97244
1624257000,731.0,731.5,730.6,731.05,76031
1624257900,731.0,732.85,730.85,731.05,93700
1624258800,731.05,734.1,731.0,733.05,216813
1624259700,733.0,734.0,733.0,733.6,73289
1624260600,733.75,736.55,733.0,735.75,252831
1624261500,736.0,737.3,734.05,737.25,189120
1624262400,737.35,739.2,736.25,737.6,364057
1624263300,737.55,737.75,734.6,736.4,151508
1624264200,736.4,738.4,735.95,738.15,107499
1624265100,738.0,738.55,736.4,737.7,116614
1624266000,737.7,739.6,736.65,738.6,225143
1624266900,738.8,739.95,737.95,738.35,177791
1624267800,738.45,740.8,738.2,740.2,719136
1624268700,739.95,740.9,737.2,737.9,945155
1624333500,743.2,744.65,739.55,743.3,583235
1624334400,743.3,747.3,741.55,746.8,432614
1624335300,746.8,748.9,746.45,746.5,530686
1624336200,746.5,748.35,746.15,748.0,243638
1624337100,748.1,749.0,747.6,748.0,149511
1624338000,748.05,748.05,746.4,747.65,263448
1624338900,747.65,747.95,746.85,747.1,104197
1624339800,747.2,747.35,744.75,745.25,404248
1624340700,745.45,746.05,743.15,743.5,580389
1624341600,743.5,745.0,743.5,744.65,78543
1624342500,744.85,746.4,744.6,746.2,89585
1624343400,746.3,746.85,745.1,745.25,91808
1624344300,745.2,746.0,743.55,745.0,347903
1624345200,745.05,745.5,744.0,745.1,117325
1624346100,745.1,745.7,743.75,745.4,213815
1624347000,745.35,746.5,744.2,745.9,135589
1624347900,745.9,746.45,744.3,746.3,306081
1624348800,746.2,747.0,745.85,745.95,116625
1624349700,745.95,746.95,744.4,744.6,177071
1624350600,744.75,744.75,742.5,743.15,233732
1624351500,743.15,746.25,742.1,746.05,171718
1624352400,746.1,746.5,745.05,745.75,150827
1624353300,745.8,746.0,743.0,744.15,223045
1624354200,744.15,744.15,739.0,739.35,494550
1624355100,739.35,739.35,737.05,738.9,460851
1624419900,743.2,743.75,738.1,741.85,809894
1624420800,741.75,741.95,738.6,739.9,421738
1624421700,739.9,739.9,738.1,739.55,243798
1624422600,739.55,740.35,736.6,736.8,241097
1624423500,736.85,738.0,735.65,737.2,214294
1624424400,737.5,738.95,737.2,738.3,117898
1624425300,738.2,741.65,738.1,740.45,166836
1624426200,740.4,741.5,739.7,740.95,399977
1624427100,740.95,741.8,739.7,741.75,140552
1624428000,741.5,742.35,739.4,739.4,166650
1624428900,739.4,739.9,737.35,737.65,168602
1624429800,737.45,739.85,737.45,738.6,130113
1624430700,738.5,739.95,738.1,738.15,180257
1624431600,738.1,739.1,737.0,737.5,183672
1624432500,737.45,739.5,737.1,738.9,193570
1624433400,738.8,739.2,736.7,737.95,138828
1624434300,737.7,738.35,736.0,738.0,147296
1624435200,737.75,739.35,736.6,738.15,160150
1624436100,738.15,739.8,737.55,739.0,196451
1624437000,739.0,740.5,737.5,737.6,215094
1624437900,737.7,738.65,736.45,736.75,165681
1624438800,736.75,737.15,733.0,734.05,297382
1624439700,734.35,734.35,732.0,732.3,257310
1624440600,732.3,733.8,730.8,731.65,383759
1624441500,731.8,733.8,731.5,732.4,411728
1624506300,735.9,737.95,731.1,737.25,441966
1624507200,737.1,739.75,736.5,738.7,197593
1624508100,738.55,740.35,738.0,739.35,200315
1624509000,739.25,739.85,736.55,737.15,255720
1624509900,736.85,740.05,736.85,739.75,243441
1624510800,739.75,739.95,737.25,738.35,119586
1624511700,738.3,738.75,737.8,738.25,59281
1624512600,738.15,739.45,738.0,739.2,89495
1624513500,739.2,739.4,738.05,738.85,78196
1624514400,738.75,738.8,736.8,737.2,119522
1624515300,737.3,737.55,735.7,736.0,119504
1624516200,736.1,738.8,735.95,738.25,139246
1624517100,738.25,739.5,737.65,738.35,119897
1624518000,738.35,740.85,738.1,739.9,241294
1624518900,739.9,740.25,739.3,739.35,109384
1624519800,739.4,741.0,739.35,740.0,151843
1624520700,739.9,740.9,738.6,739.3,312072
1624521600,739.35,741.85,738.9,741.45,272312
1624522500,741.55,742.25,740.35,741.35,245702
1624523400,741.35,742.95,741.05,742.5,178247
1624524300,742.5,742.5,738.3,739.7,276214
1624525200,739.55,741.8,739.55,741.1,185284
1624526100,741.1,741.85,739.8,740.8,168168
1624527000,740.3,740.5,738.45,739.2,489244
1624527900,739.1,740.25,737.7,738.5,490627
1624592700,737.55,744.5,737.55,743.95,492782
1624593600,743.6,748.8,743.2,746.85,532340
1624594500,746.9,748.0,745.55,745.95,231976
1624595400,746.0,747.85,745.0,745.85,302445
1624596300,745.85,746.55,745.0,745.1,149687
1624597200,745.15,746.0,742.7,743.0,226741
1624598100,742.7,744.0,742.55,743.45,122830
1624599000,743.2,744.75,742.5,743.5,208490
1624599900,743.45,745.6,742.25,745.4,264692
1624600800,745.2,749.95,745.05,749.5,339854
1624601700,749.55,754.55,748.9,753.5,691690
1624602600,753.5,754.35,751.55,753.0,359424
1624603500,752.75,756.0,752.55,755.45,444607
1624604400,755.45,757.75,755.0,757.35,412924
1624605300,757.35,757.75,755.7,756.75,278409
1624606200,756.8,758.0,756.1,757.7,295846
1624607100,757.7,758.5,756.7,758.3,278415
1624608000,758.4,762.0,758.1,762.0,685532
1624608900,761.95,764.75,761.0,764.1,801120
1624609800,764.2,765.95,763.25,764.6,842297
1624610700,764.35,765.65,762.55,764.9,661106
1624611600,764.65,765.4,763.5,764.7,447862
1624612500,764.85,765.3,763.2,763.2,434603
1624613400,763.05,763.2,760.3,762.2,856441
1624614300,762.2,762.8,759.8,761.0,777252
1624851900,764.55,767.4,761.4,766.4,1181567
1624852800,766.3,769.6,760.5,762.2,930047
1624853700,761.85,761.85,758.65,760.3,427681
1624854600,760.3,762.35,758.0,761.75,273802
1624855500,761.7,764.45,761.2,763.95,238837
1624856400,763.8,764.1,760.5,760.7,191199
1624857300,760.75,763.0,759.15,762.6,196987
1624858200,762.6,764.0,762.1,763.15,218120
1624859100,763.45,766.0,763.25,765.1,321037
1624860000,765.1,765.75,764.0,765.7,216515
1624860900,765.5,765.8,763.35,764.0,222722
1624861800,764.0,764.5,762.3,764.4,207913
1624862700,764.15,764.15,762.55,762.65,109904
1624863600,762.65,764.4,762.05,763.85,130812
1624864500,763.85,764.85,763.0,764.7,97253
1624865400,764.45,765.5,763.8,765.15,123830
1624866300,765.2,766.45,763.4,763.45,225573
1624867200,763.4,764.3,762.5,763.4,154158
1624868100,763.45,764.45,763.0,764.0,127688
1624869000,764.1,765.25,763.0,764.9,157679
1624869900,764.85,766.3,764.1,765.7,212314
1624870800,765.7,766.4,761.35,762.95,325224
1624871700,763.2,764.3,762.7,763.8,185084
1624872600,763.65,763.75,757.75,763.0,608566
1624873500,762.9,764.9,762.3,763.1,543863
1624938300,761.0,762.0,758.3,761.4,308164
1624939200,761.45,763.55,760.65,761.6,215874
1624940100,761.7,761.7,758.1,758.75,218402
1624941000,758.65,761.5,758.05,760.6,171696
1624941900,760.5,762.35,760.0,760.5,143084
1624942800,760.5,761.5,759.5,760.75,126714
1624943700,760.8,761.2,759.85,760.0,76070
1624944600,759.9,762.0,758.8,761.75,141505
1624945500,761.9,762.2,760.9,761.75,72917
1624946400,761.75,763.4,761.0,763.0,160390
1624947300,763.0,763.4,760.6,760.8,137108
1624948200,760.8,762.9,760.65,761.45,689324
1624949100,761.45,762.1,760.9,761.5,105321
1624950000,761.55,762.6,761.5,762.0,78742
1624950900,762.05,762.55,760.55,760.8,98652
1624951800,760.85,760.85,757.65,757.8,245466
1624952700,758.0,760.5,757.9,760.5,177604
1624953600,760.5,762.45,760.5,760.65,165719
1624954500,760.65,761.25,758.0,758.25,150609
1624955400,758.25,758.25,754.0,757.35,308021
1624956300,757.2,757.5,756.3,757.0,99546
1624957200,757.05,757.05,752.8,754.55,201813
1624958100,754.5,754.75,752.05,753.85,273898
1624959000,753.9,754.0,750.25,751.6,1577239
1624959900,751.6,754.3,750.05,753.0,1547963
1625024700,752.5,758.5,752.0,753.05,604946
1625025600,752.75,754.9,751.0,751.6,291674
1625026500,751.6,754.95,751.2,754.9,139813
1625027400,754.9,757.45,754.9,756.8,183459
1625028300,757.0,757.45,755.1,756.3,112346
1625029200,756.3,757.5,756.1,757.0,125788
1625030100,756.95,759.35,756.8,759.05,242018
1625031000,759.05,760.5,759.0,759.5,221440
1625031900,759.5,759.5,757.2,757.95,172451
1625032800,758.0,758.0,755.75,756.1,153447
1625033700,756.05,758.7,755.7,757.75,121695
1625034600,757.75,758.35,756.2,756.55,86604
1625035500,756.5,757.4,755.6,756.4,80135
1625036400,756.4,758.0,756.4,757.6,80208
1625037300,757.6,758.4,757.0,758.2,109467
1625038200,758.2,758.25,756.0,756.25,135646
1625039100,756.35,757.0,754.5,754.85,138461
1625040000,754.85,755.9,752.55,753.05,144425
1625040900,753.25,754.35,752.5,754.15,116146
1625041800,754.15,754.15,751.8,752.7,133322
1625042700,752.7,754.25,750.0,750.6,180403
1625043600,750.7,751.5,749.35,750.05,210982
1625044500,750.05,751.65,749.5,750.4,175286
1625045400,750.75,750.75,747.05,747.2,660040
1625046300,747.25,751.3,746.55,748.5,823725
1625111100,750.0,752.2,747.35,747.5,1398440
1625112000,747.65,749.95,747.05,749.5,260056
1625112900,749.5,751.65,748.85,750.4,214708
1625113800,750.45,751.3,746.4,747.2,228328
1625114700,747.15,747.45,745.0,745.85,189507
1625115600,745.85,746.3,745.1,746.0,101011
1625116500,746.0,746.55,744.5,746.35,142023
1625117400,746.35,749.85,746.15,749.2,237818
1625118300,749.05,749.95,747.0,747.65,145854
1625119200,747.65,749.95,747.4,749.1,63914
1625120100,749.05,750.5,749.0,749.1,130193
1625121000,748.95,750.15,748.95,749.4,68491
1625121900,749.6,749.7,748.6,748.7,46822
1625122800,748.75,750.75,747.0,749.45,218018
1625123700,749.5,751.7,749.0,750.65,157685
1625124600,750.75,753.9,750.0,752.7,175288
1625125500,752.7,754.4,752.0,752.45,156236
1625126400,752.45,753.1,751.25,752.55,119150
1625127300,752.55,752.7,750.1,750.9,159116
1625128200,750.9,751.2,748.65,750.3,178373
1625129100,750.65,751.05,749.65,750.25,109753
1625130000,750.3,750.6,747.2,749.05,203038
1625130900,748.95,749.4,746.5,746.7,452339
1625131800,746.95,747.35,745.05,745.9,254903
1625132700,745.95,747.9,745.5,746.9,273053
1625197500,747.6,749.65,745.25,747.05,351687
1625198400,747.0,748.8,746.25,746.85,135053
1625199300,746.85,748.45,745.75,746.65,175382
1625200200,746.55,748.5,746.25,747.75,72983
1625201100,747.8,748.9,746.35,748.8,93642
1625202000,748.8,748.8,746.0,746.3,85506
1625202900,746.3,746.3,744.0,745.7,164292
1625203800,745.65,747.0,745.55,745.95,83758
1625204700,745.7,747.95,745.55,747.1,102243
1625205600,747.1,748.25,746.5,747.6,101190
1625206500,747.6,748.2,746.4,747.25,76450
1625207400,747.2,747.9,746.5,747.15,58391
1625208300,747.2,750.0,747.2,749.35,184882
1625209200,749.2,751.25,748.85,751.05,253012
1625210100,751.1,752.4,750.0,752.4,203115
1625211000,752.05,752.85,748.55,749.05,174141
1625211900,749.05,749.3,747.5,748.7,125011
1625212800,748.65,749.0,747.25,748.45,78005
1625213700,748.45,748.55,746.1,746.6,91890
1625214600,746.6,747.95,745.7,747.4,92946
1625215500,747.55,749.45,746.65,749.15,106187
1625216400,749.15,749.9,747.2,747.75,100265
1625217300,747.75,749.05,747.0,747.45,73965
1625218200,747.35,750.75,747.3,750.0,239092
1625219100,750.0,752.25,750.0,751.0,325639
1625456700,757.1,759.5,754.7,759.45,761126
1625457600,759.45,760.65,758.2,759.5,326284
1625458500,759.5,759.6,758.2,759.1,129362
1625459400,759.1,759.1,756.05,756.95,194929
1625460300,757.0,757.6,756.2,756.75,186228
1625461200,756.9,758.4,756.2,756.75,104807
1625462100,756.9,757.25,755.05,756.4,84440
1625463000,756.3,757.4,755.6,756.25,83612
1625463900,756.25,756.85,756.0,756.05,67096
1625464800,756.05,756.7,755.65,756.7,50876
1625465700,756.7,756.8,755.35,756.5,54379
1625466600,756.5,757.45,756.0,756.7,59766
1625467500,756.7,756.9,753.4,754.65,235813
1625468400,754.65,755.5,754.15,754.4,85072
1625469300,754.4,755.0,753.65,754.35,89869
1625470200,754.35,756.0,753.9,755.95,80263
1625471100,755.95,756.5,754.5,754.95,86827
1625472000,754.95,756.55,754.15,756.4,94453
1625472900,756.4,756.8,756.05,756.45,67117
1625473800,756.5,757.85,756.15,756.95,124408
1625474700,756.9,757.2,755.7,755.7,109878
1625475600,755.7,758.3,755.7,758.0,184662
1625476500,758.0,758.6,757.6,758.2,169049
1625477400,757.95,761.6,757.8,761.2,585265
1625478300,761.35,762.0,760.0,760.45,651687
1625543100,757.0,760.0,756.65,758.85,326409
1625544000,758.9,762.65,758.55,762.55,298172
1625544900,762.65,763.0,761.25,762.2,189200
1625545800,762.15,762.3,761.0,761.65,148261
1625546700,761.65,761.8,759.6,760.55,119725
1625547600,760.55,761.8,760.25,761.7,71472
1625548500,761.8,762.3,761.05,762.1,131827
1625549400,761.95,763.8,761.05,763.45,197107
1625550300,763.4,763.45,761.6,761.9,152345
1625551200,761.9,762.0,760.6,761.2,105181
1625552100,761.35,761.7,760.4,761.0,94514
1625553000,761.0,762.4,760.65,761.5,108786
1625553900,761.5,762.0,760.65,761.8,84725
1625554800,761.8,762.0,760.65,760.95,97873
1625555700,760.95,760.95,759.0,760.0,243272
1625556600,760.0,761.7,759.5,760.25,162478
1625557500,760.3,760.55,759.45,760.5,128460
1625558400,760.45,761.7,760.15,761.7,127879
1625559300,761.7,764.9,761.0,764.75,385961
1625560200,764.55,767.0,764.55,765.65,527406
1625561100,765.65,766.0,762.25,763.85,337693
1625562000,763.9,764.0,762.0,763.4,271293
1625562900,763.45,764.0,762.7,763.8,250239
1625563800,763.9,763.9,757.35,758.0,535098
1625564700,758.25,758.45,755.2,757.0,422746
1625629500,755.9,759.45,752.25,758.0,406438
1625630400,758.0,760.25,758.0,758.5,164225
1625631300,758.25,758.5,755.65,758.15,160192
1625632200,758.15,758.8,757.0,758.3,62819
1625633100,758.3,759.65,758.15,759.5,73429
1625634000,759.5,759.5,756.8,757.0,55957
1625634900,757.15,757.65,755.5,756.45,88787
1625635800,756.1,759.0,756.0,758.55,90695
1625636700,758.15,761.25,758.15,761.25,166479
1625637600,761.2,762.6,760.75,761.45,210807
1625638500,761.45,763.5,761.05,762.4,139869
1625639400,762.4,763.15,761.55,762.9,112169
1625640300,763.0,763.45,762.5,762.9,112207
1625641200,762.9,763.4,762.7,763.2,95259
1625642100,763.2,764.0,762.0,762.4,139313
1625643000,762.4,762.4,760.4,761.25,91733
1625643900,761.25,761.7,760.5,761.05,59535
1625644800,760.7,761.25,760.0,761.15,70251
1625645700,761.25,762.15,760.6,761.6,75220
1625646600,761.6,762.2,760.7,761.75,61476
1625647500,761.75,761.95,760.1,761.0,57002
1625648400,761.0,762.0,760.5,761.0,81588
1625649300,761.0,761.8,759.5,760.55,98493
1625650200,760.65,763.25,760.65,763.25,300226
1625651100,762.9,763.7,762.0,763.0,587593
1625715900,760.0,767.15,759.55,766.0,745169
1625716800,766.3,766.45,765.0,765.3,185960
1625717700,765.3,765.4,763.2,763.9,133762
1625718600,763.7,764.95,763.5,764.25,84970
1625719500,764.25,764.3,762.6,763.0,102573
1625720400,762.8,764.35,762.1,762.7,135774
1625721300,762.7,763.4,762.55,763.1,92270
1625722200,763.1,763.95,762.8,762.85,73058
1625723100,762.85,764.0,762.65,762.85,70535
1625724000,762.85,763.75,761.2,761.35,91919
1625724900,761.35,762.45,760.2,760.2,136404
1625725800,760.35,761.4,758.4,759.0,219303
1625726700,759.0,760.35,758.65,759.35,134440
1625727600,759.25,759.45,758.0,758.75,84380
1625728500,758.95,759.5,757.15,757.3,132821
1625729400,757.4,759.55,757.15,758.75,74777
1625730300,758.75,759.0,757.15,758.65,69661
1625731200,758.4,758.6,757.3,757.7,62404
1625732100,757.9,758.2,753.8,754.25,181159
1625733000,754.3,755.7,753.0,754.55,140302
1625733900,754.55,755.7,753.2,753.75,121939
1625734800,753.75,754.0,751.7,753.55,183114
1625735700,753.5,755.0,752.2,753.05,203204
1625736600,752.9,756.0,752.9,755.05,335059
1625737500,755.05,755.9,753.5,753.95,376673
1625802300,752.0,752.9,743.0,744.2,822152
1625803200,744.0,745.8,743.2,743.5,330178
1625804100,743.45,744.7,740.25,744.5,541639
1625805000,744.5,746.0,743.5,744.1,223564
1625805900,744.2,747.8,743.65,747.45,243621
1625806800,747.35,749.9,746.2,749.0,303777
1625807700,749.0,749.55,746.35,746.4,153413
1625808600,746.45,747.5,745.1,745.8,141631
1625809500,745.85,745.95,744.95,745.55,127182
1625810400,745.5,746.85,745.0,745.85,113393
1625811300,745.65,746.5,745.0,745.15,142550
1625812200,745.15,745.95,744.6,745.45,118692
1625813100,745.45,745.7,745.0,745.2,155708
1625814000,745.2,747.0,745.0,745.1,118342
1625814900,745.1,747.45,745.05,745.15,152857
1625815800,745.15,746.15,745.0,745.15,182228
1625816700,745.1,745.7,745.0,745.1,233921
1625817600,745.1,746.3,745.0,745.15,112746
1625818500,745.15,746.6,745.0,746.35,169193
1625819400,746.35,748.9,746.1,748.9,215986
1625820300,748.95,749.0,747.15,747.25,132908
1625821200,747.25,749.5,745.0,748.55,295624
1625822100,748.4,749.5,747.0,747.4,185759
1625823000,747.4,748.7,746.5,747.1,237794
1625823900,746.85,748.5,746.05,747.45,318735
1626061500,752.5,755.9,750.5,754.5,432616
1626062400,753.95,755.25,750.8,752.35,278713
1626063300,752.65,753.3,751.55,752.65,108737
1626064200,752.65,755.0,752.65,754.35,340850
1626065100,754.7,756.65,754.2,756.45,280131
1626066000,756.45,757.8,755.75,756.5,203249
1626066900,756.5,756.65,753.9,754.25,290421
1626067800,754.25,755.4,753.25,753.5,138868
1626068700,753.5,754.0,753.0,753.15,77445
1626069600,753.15,754.0,753.15,753.65,56929
1626070500,753.65,753.9,752.35,752.95,134006
1626071400,752.9,754.0,752.85,753.0,103579
1626072300,753.0,753.75,752.85,753.7,75223
1626073200,753.7,754.0,753.1,753.65,65285
1626074100,753.5,754.5,753.4,754.1,81776
1626075000,754.1,754.5,748.35,751.3,413423
1626075900,751.0,751.3,748.3,750.6,226475
1626076800,750.6,752.8,750.6,752.6,111310
1626077700,752.45,752.75,750.7,751.6,86368
1626078600,751.1,753.2,751.1,752.45,134288
1626079500,752.2,753.0,751.45,752.55,61280
1626080400,752.35,752.55,749.55,750.05,146783
1626081300,749.9,753.0,749.8,753.0,164664
1626082200,752.9,754.0,752.9,753.55,210604
1626083100,753.6,753.95,752.6,753.0,230269
1626147900,759.0,759.55,755.0,758.9,547258
1626148800,759.0,761.2,758.75,760.8,281276
1626149700,760.8,763.35,759.75,762.95,376891
1626150600,763.15,764.1,759.6,759.9,469855
1626151500,759.9,760.45,759.4,759.9,199994
1626152400,759.9,760.2,759.0,760.0,102487
1626153300,760.0,760.7,759.0,760.0,70522
1626154200,760.1,762.3,759.6,760.0,183560
1626155100,760.0,763.0,759.75,762.5,185822
1626156000,762.45,764.5,762.35,764.4,415099
1626156900,764.35,765.5,764.0,765.45,350469
1626157800,765.45,771.0,765.15,770.95,1569723
1626158700,770.95,771.8,770.15,770.9,469017
1626159600,771.0,772.0,769.05,770.75,429129
1626160500,770.75,773.0,769.1,769.7,454119
1626161400,769.7,770.95,769.0,769.95,238290
1626162300,769.9,770.0,769.0,769.6,122362
1626163200,769.5,771.3,769.2,771.2,181991
1626164100,771.2,772.5,770.25,770.5,380752
1626165000,770.55,770.6,767.85,769.4,527954
1626165900,769.55,770.4,768.65,769.4,244190
1626166800,769.4,770.25,769.1,769.8,242456
1626167700,769.7,770.8,769.2,770.05,254670
1626168600,770.0,771.25,769.7,770.8,558173
1626169500,770.8,771.65,770.3,771.0,939655
1626234300,770.95,770.95,764.0,765.0,726484
1626235200,765.0,768.15,764.9,766.3,307189
1626236100,766.3,766.3,765.0,765.8,158722
1626237000,765.8,767.15,765.2,766.8,143962
1626237900,766.75,767.45,765.75,767.3,156531
1626238800,767.35,770.8,767.0,770.3,359045
1626239700,770.2,771.95,769.65,771.4,222273
1626240600,771.35,771.65,770.3,770.95,165339
1626241500,770.95,771.3,770.8,771.25,124811
1626242400,771.25,771.25,770.0,770.25,224779
1626243300,770.2,770.55,769.75,770.1,143493
1626244200,770.05,770.55,769.3,770.15,164086
1626245100,770.1,770.55,769.1,770.0,126950
1626246000,770.05,771.8,769.75,771.6,177547
1626246900,771.55,773.45,771.5,772.7,232602
1626247800,772.6,773.25,771.9,772.8,108939
1626248700,772.85,772.95,771.0,771.85,107828
1626249600,771.85,772.2,770.45,771.1,157854
1626250500,771.1,771.15,768.1,770.4,253234
1626251400,770.4,770.9,769.7,770.6,76649
1626252300,770.6,770.9,769.35,770.0,124075
1626253200,770.05,771.3,769.65,770.25,119887
1626254100,770.35,771.45,769.8,770.6,116966
1626255000,770.6,770.6,769.1,770.05,360996
1626255900,770.0,770.85,769.05,770.25,746710
1626320700,770.5,771.0,766.5,769.2,418247
1626321600,769.1,772.5,769.1,771.55,222733
1626322500,771.25,773.25,771.0,772.3,148330
1626323400,772.2,772.4,770.75,771.2,85432
1626324300,771.3,774.9,770.55,773.25,310456
1626325200,773.25,777.55,773.05,776.65,376227
1626326100,776.45,778.0,775.45,776.75,273158
1626327000,776.75,776.9,775.6,776.7,83735
1626327900,776.7,778.25,776.35,777.15,301596
1626328800,777.15,777.15,774.75,776.75,177074
1626329700,776.8,777.0,775.45,775.9,63923
1626330600,775.95,776.8,775.5,776.4,58351
1626331500,776.4,776.45,775.5,775.95,72070
1626332400,775.95,776.55,775.05,775.05,68967
1626333300,775.1,775.3,773.7,774.25,143167
1626334200,774.3,775.7,773.55,774.8,81831
1626335100,774.8,775.3,773.55,773.9,77508
1626336000,774.0,775.3,773.0,774.1,114563
1626336900,774.25,775.85,774.0,774.2,76599
1626337800,774.2,775.0,773.4,774.9,69292
1626338700,774.9,774.95,774.15,774.85,62798
1626339600,774.85,774.85,773.5,774.0,86496
1626340500,773.9,774.3,772.65,773.15,170380
1626341400,773.15,775.8,773.15,774.6,312400
1626342300,774.6,775.0,771.85,773.3,372272
1626407100,776.0,776.0,769.45,772.55,363891
1626408000,772.9,773.7,771.0,772.45,129974
1626408900,772.4,773.65,771.55,772.25,100728
1626409800,772.25,772.65,769.1,770.35,238748
1626410700,770.5,770.5,769.0,769.45,89593
1626411600,769.45,771.1,769.45,770.1,112138
1626412500,770.1,770.3,768.45,768.95,67335
1626413400,768.95,770.5,768.6,770.2,46821
1626414300,770.15,770.9,769.15,769.65,57895
1626415200,769.65,769.95,768.0,769.1,69175
1626416100,769.2,769.5,768.0,768.55,60021
1626417000,768.55,768.55,766.8,768.4,75420
1626417900,768.45,768.55,767.0,768.3,44287
1626418800,768.3,769.0,767.7,768.4,55085
1626419700,768.6,769.0,767.7,768.3,47512
1626420600,768.0,769.6,767.5,769.25,46553
1626421500,769.25,769.55,768.2,768.95,46462
1626422400,769.2,769.4,767.6,767.9,44909
1626423300,767.9,768.65,766.55,768.15,73450
1626424200,768.15,769.65,767.5,768.8,64710
1626425100,769.0,770.5,768.35,770.0,183196
1626426000,770.1,770.45,768.9,769.75,110927
1626426900,769.55,770.95,769.05,770.25,121052
1626427800,770.2,771.8,769.9,771.1,320414
1626428700,771.05,772.0,771.0,771.15,336380
1626666300,752.3,766.6,752.3,763.4,755173
1626667200,763.3,766.65,761.35,764.2,248980
1626668100,764.0,766.0,764.0,764.9,112131
1626669000,765.15,766.45,763.6,763.6,104970
1626669900,763.3,764.85,763.3,764.2,59885
1626670800,764.2,765.4,763.6,765.2,71221
1626671700,765.2,766.0,763.7,764.2,69685
1626672600,763.95,764.6,763.5,763.8,48086
1626673500,763.8,764.0,762.1,762.85,102413
1626674400,762.65,763.85,762.3,763.05,85490
1626675300,762.75,763.2,760.5,761.1,166780
1626676200,761.1,762.3,760.6,761.95,97292
1626677100,761.95,762.05,759.3,759.8,173976
1626678000,759.8,759.95,756.9,757.8,276665
1626678900,757.75,758.1,754.0,754.3,340428
1626679800,754.3,755.5,753.85,755.1,334172
1626680700,755.15,756.3,754.35,756.0,194194
1626681600,756.0,756.95,755.75,756.2,188715
1626682500,756.2,756.8,755.2,755.4,175353
1626683400,755.4,757.0,753.75,753.85,170976
1626684300,753.75,754.1,752.0,752.7,288601
1626685200,752.7,752.85,749.6,749.85,298514
1626686100,749.9,752.6,749.8,752.45,220409
1626687000,752.35,756.5,752.35,755.9,463983
1626687900,755.9,756.65,754.0,754.5,462735
1626752700,755.0,755.2,747.15,749.3,700581
1626753600,749.5,749.5,744.2,748.4,553158
1626754500,748.3,749.25,746.35,747.65,201203
1626755400,747.65,750.45,747.35,750.0,159228
1626756300,749.95,750.0,745.35,746.45,173387
1626757200,746.15,747.85,745.25,745.75,139784
1626758100,745.75,748.25,745.0,747.3,224981
1626759000,747.25,748.85,746.05,747.5,240423
1626759900,747.1,748.7,746.5,747.65,129025
1626760800,747.6,749.4,747.55,748.35,134356
1626761700,748.3,749.05,747.05,747.85,170964
1626762600,747.9,748.1,746.05,747.25,148266
1626763500,747.25,749.4,746.75,748.7,128307
1626764400,748.7,749.7,747.6,747.8,191879
1626765300,747.7,749.85,747.5,749.4,124910
1626766200,749.35,751.2,748.9,750.0,228668
1626767100,750.0,750.95,748.5,749.1,622265
1626768000,749.3,750.0,747.85,749.9,104159
1626768900,749.85,750.0,748.6,749.5,85212
1626769800,749.6,750.05,748.65,749.2,91954
1626770700,749.15,749.3,746.1,747.25,187175
1626771600,747.2,747.75,746.15,746.9,103640
1626772500,746.9,747.75,745.55,746.7,453007
1626773400,746.7,747.4,745.25,745.25,178745
1626774300,745.2,746.75,744.55,745.95,319643
1626925500,750.1,755.1,745.1,752.15,1207421
1626926400,752.1,753.5,751.3,751.55,444150
1626927300,751.5,756.65,751.0,756.05,452292
1626928200,756.1,758.0,754.2,755.6,411846
1626929100,755.55,756.45,753.9,754.25,193067
1626930000,754.25,758.0,753.85,757.25,194860
1626930900,757.5,758.5,756.85,757.6,200178
1626931800,757.6,758.5,757.0,758.1,203054
1626932700,758.1,758.3,756.7,757.0,132496
1626933600,757.0,757.3,755.6,756.45,175008
1626934500,756.45,757.75,756.15,756.15,104041
1626935400,756.15,756.55,755.5,755.85,152343
1626936300,755.8,755.9,753.1,753.35,214378
1626937200,753.35,755.3,753.2,754.25,134391
1626938100,754.25,754.35,750.8,751.15,275790
1626939000,751.25,751.5,749.1,750.05,230521
1626939900,750.0,751.45,749.5,750.55,143480
1626940800,750.55,751.2,749.05,749.4,127796
1626941700,749.3,750.2,748.35,749.0,145120
1626942600,749.0,749.4,747.5,747.75,164768
1626943500,747.8,747.8,742.75,743.65,404978
1626944400,743.65,744.95,741.0,741.15,252327
1626945300,741.15,744.4,741.15,744.3,718346
1626946200,744.1,747.65,744.1,746.35,562513
1626947100,746.4,747.85,746.15,747.15,589275
1627011900,749.0,750.9,746.0,746.55,447673
1627012800,746.75,746.75,740.1,741.8,351353
1627013700,741.95,749.95,740.25,749.45,299192
1627014600,749.7,751.8,747.95,751.8,186882
1627015500,751.75,753.9,751.3,752.45,214744
1627016400,752.45,752.45,748.1,748.85,109220
1627017300,748.55,752.5,748.35,752.0,170257
1627018200,752.15,752.7,751.3,752.6,116642
1627019100,752.6,753.15,751.25,752.2,144214
1627020000,752.2,753.0,751.2,753.0,79963
1627020900,752.9,757.85,752.55,755.95,300375
1627021800,756.0,756.5,754.75,755.05,188522
1627022700,755.05,756.45,754.25,755.65,163057
1627023600,755.5,761.5,755.1,760.5,437882
1627024500,760.65,762.5,760.3,761.5,294787
1627025400,761.5,764.0,761.5,763.0,310967
1627026300,763.2,763.2,759.9,760.8,385513
1627027200,760.6,762.2,758.75,761.3,336819
1627028100,761.4,761.8,759.1,759.65,194409
1627029000,759.9,761.0,759.15,760.6,109228
1627029900,760.6,760.8,755.35,756.3,273335
1627030800,756.6,757.75,754.5,755.25,324215
1627031700,755.35,758.0,754.7,757.15,361412
1627032600,756.85,757.25,754.6,755.7,365751
1627033500,755.7,756.0,754.05,755.3,425691
1627011900,749.0,750.9,746.0,746.55,447673
1627012800,746.75,746.75,740.1,741.8,351353
1627013700,741.95,749.95,740.25,749.45,299192
1627014600,749.7,751.8,747.95,751.8,186882
1627015500,751.75,753.9,751.3,752.45,214744
1627016400,752.45,752.45,748.1,748.85,109220
1627017300,748.55,752.5,748.35,752.0,170257
1627018200,752.15,752.7,751.3,752.6,116642
1627019100,752.6,753.15,751.25,752.2,144214
1627020000,752.2,753.0,751.2,753.0,79963
1627020900,752.9,757.85,752.55,755.95,300375
1627021800,756.0,756.5,754.75,755.05,188522
1627022700,755.05,756.45,754.25,755.65,163057
1627023600,755.5,761.5,755.1,760.5,437882
1627024500,760.65,762.5,760.3,761.5,294787
1627025400,761.5,764.0,761.5,763.0,310967
1627026300,763.2,763.2,759.9,760.8,385513
1627027200,760.6,762.2,758.75,761.3,336819
1627028100,761.4,761.8,759.1,759.65,194409
1627029000,759.9,761.0,759.15,760.6,109228
1627029900,760.6,760.8,755.35,756.3,273335
1627030800,756.6,757.75,754.5,755.25,324215
1627031700,755.35,758.0,754.7,757.15,361412
1627032600,756.85,757.25,754.6,755.7,365751
1627033500,755.7,756.0,754.05,755.3,425691
1627271100,754.0,754.0,745.0,752.0,1103673
1627272000,752.0,752.8,745.25,750.35,494126
1627272900,750.35,751.0,746.8,747.2,225685
1627273800,747.0,750.0,746.4,750.0,257837
1627274700,750.3,750.95,748.2,749.65,348051
1627275600,749.65,756.0,749.65,753.95,451696
1627276500,754.0,756.35,753.5,755.95,198382
1627277400,755.85,758.45,755.8,756.25,415767
1627278300,756.05,757.2,755.5,755.9,147468
1627279200,755.95,756.0,752.6,753.45,191776
1627280100,753.45,753.5,751.4,751.65,139114
1627281000,751.5,755.25,751.0,753.9,152823
1627281900,753.6,755.9,753.0,755.5,167235
1627282800,755.5,756.75,755.05,755.85,186513
1627283700,755.85,756.0,754.0,754.75,140462
1627284600,754.75,756.0,754.4,754.9,175780
1627285500,754.9,757.15,754.05,757.0,256498
1627286400,757.05,757.5,755.5,756.9,270834
1627287300,756.9,758.5,756.4,756.8,318570
1627288200,756.85,757.7,756.4,757.2,197516
1627289100,757.2,760.0,756.2,758.5,283526
1627290000,758.5,758.75,754.45,755.0,490293
1627290900,755.0,756.0,754.8,755.6,245634
1627291800,755.85,758.15,754.65,758.1,459408
1627292700,758.35,758.45,754.25,754.95,523076
1627357500,750.5,756.0,747.55,749.95,1992238
1627358400,749.95,750.8,745.7,747.65,721296
1627359300,747.65,748.55,744.3,747.85,922146
1627360200,747.9,749.05,746.75,747.3,459920
1627361100,747.25,749.6,747.25,748.8,660955
1627362000,748.75,750.5,746.85,747.1,734462
1627362900,747.1,748.6,746.0,748.25,440142
1627363800,748.25,748.35,746.2,746.6,430324
1627364700,746.5,746.5,743.25,744.1,476871
1627365600,744.1,744.85,740.0,741.45,640062
1627366500,741.5,742.55,738.7,740.3,528320
1627367400,740.3,741.0,738.25,740.0,293691
1627368300,739.95,741.0,736.0,738.4,778965
1627369200,738.4,738.45,736.1,736.9,466679
1627370100,736.9,738.5,735.05,735.05,476621
1627371000,735.15,736.0,731.15,732.55,620015
1627371900,732.55,737.0,732.25,736.35,524764
1627372800,736.55,737.4,734.65,735.85,401528
1627373700,735.6,736.05,732.25,732.85,296658
1627374600,732.8,734.0,730.9,731.1,341285
1627375500,731.0,731.7,729.6,730.35,467702
1627376400,730.4,731.8,729.1,731.6,444756
1627377300,731.6,732.6,730.35,731.4,393393
1627378200,731.35,732.5,731.0,732.1,718747
1627379100,732.1,732.5,730.05,731.65,1110758
1627443900,734.8,734.8,723.1,726.5,1263680
1627444800,726.75,727.65,724.0,724.15,544321
1627445700,724.15,725.05,720.4,723.1,611208
1627446600,723.0,724.6,722.5,723.0,454777
1627447500,723.05,724.05,719.15,719.55,601111
1627448400,719.5,720.0,713.5,713.55,833180
1627449300,713.7,715.4,712.1,713.35,609987
1627450200,713.35,715.1,712.5,715.1,275250
1627451100,715.2,716.4,713.2,715.0,341196
1627452000,715.1,715.15,714.0,715.0,159630
1627452900,715.0,715.0,712.5,713.45,278078
1627453800,713.4,715.05,713.1,714.6,242956
1627454700,714.75,715.75,714.25,715.25,220844
1627455600,715.25,717.45,714.85,715.95,231484
1627456500,715.9,717.75,715.75,716.05,238198
1627457400,716.1,721.0,715.45,720.0,417677
1627458300,719.95,725.0,719.5,723.65,671165
1627459200,723.5,725.3,722.3,723.65,457028
1627460100,723.7,724.65,721.9,723.5,364252
1627461000,723.5,724.5,719.7,722.15,368599
1627461900,722.15,722.4,718.85,718.85,294313
1627462800,718.9,719.8,717.8,719.15,262451
1627463700,719.15,722.8,719.1,722.65,272079
1627464600,722.9,724.75,721.7,723.15,479622
1627465500,723.2,723.7,721.55,722.5,586701
1627530300,720.0,728.5,720.0,724.55,829482
1627531200,724.55,725.9,723.2,725.05,338996
1627532100,725.05,726.6,725.0,726.15,286290
1627533000,726.3,727.85,726.0,726.0,211022
1627533900,726.2,727.0,722.2,723.6,306987
1627534800,723.5,725.45,723.35,724.0,184066
1627535700,724.0,726.25,723.35,725.0,229715
1627536600,724.9,725.45,723.8,724.1,169973
1627537500,724.15,724.25,722.1,722.7,243380
1627538400,722.7,723.75,722.1,722.5,283333
1627539300,722.1,722.9,721.4,722.5,328928
1627540200,722.5,724.6,721.35,722.0,257392
1627541100,722.0,722.7,720.0,720.2,254132
1627542000,720.15,722.85,719.25,719.95,266648
1627542900,719.95,720.85,719.0,720.6,260911
1627543800,720.75,721.75,718.6,719.35,182194
1627544700,719.3,721.15,717.8,721.15,241077
1627545600,721.15,722.8,720.4,721.45,211264
1627546500,721.45,723.75,720.05,723.4,187256
1627547400,723.6,723.7,720.6,721.4,176026
1627548300,721.4,721.8,719.3,721.3,197816
1627549200,721.0,721.65,719.0,719.6,184705
1627550100,719.8,720.35,717.85,718.75,167281
1627551000,718.75,719.95,716.7,717.05,403602
1627551900,717.05,717.5,716.0,717.1,422724
1627616700,718.05,718.65,709.55,714.2,940408
1627617600,714.0,715.5,712.65,713.85,257634
1627618500,713.85,715.2,712.8,714.55,233270
1627619400,714.55,714.55,712.7,713.6,270296
1627620300,713.6,715.15,713.5,714.25,240396
1627621200,714.25,715.15,713.8,715.0,245047
1627622100,715.0,715.1,713.25,713.65,228463
1627623000,713.65,714.5,712.65,714.2,218422
1627623900,714.0,714.8,713.25,714.05,212561
1627624800,714.05,717.0,713.65,716.0,372944
1627625700,715.95,716.7,715.5,716.05,273817
1627626600,716.05,717.3,715.55,715.6,189115
1627627500,715.65,716.45,713.65,713.75,237990
1627628400,713.75,715.5,713.0,715.45,252216
1627629300,715.45,716.1,713.85,714.15,229986
1627630200,714.15,714.5,713.6,714.05,197476
1627631100,713.95,715.2,713.65,714.75,221757
1627632000,714.9,715.25,713.0,714.5,372738
1627632900,714.5,715.75,713.55,715.5,516374
1627633800,715.5,716.8,715.2,716.0,335268
1627634700,716.0,717.2,715.05,715.75,1196338
1627635600,715.65,716.0,713.8,714.35,261695
1627636500,714.3,714.35,710.35,710.6,518311
1627637400,710.7,710.7,707.15,709.2,1186538
1627638300,709.15,710.15,707.75,709.3,1120452
1627875900,715.0,719.75,712.0,718.9,978832
1627876800,718.9,722.5,718.9,721.7,562149
1627877700,721.95,721.95,720.65,721.15,195661
1627878600,721.15,723.8,720.05,723.0,264466
1627879500,723.0,724.5,722.6,722.8,226190
1627880400,722.8,724.8,721.2,724.4,282351
1627881300,724.35,725.55,723.7,724.5,374033
1627882200,724.5,725.25,724.0,725.0,150867
1627883100,725.05,725.15,723.4,723.55,146635
1627884000,723.6,723.65,722.0,722.1,145147
1627884900,722.1,722.5,720.65,720.8,215127
1627885800,721.1,722.45,720.8,721.3,130406
1627886700,721.3,721.75,721.0,721.7,101020
1627887600,721.7,722.85,721.0,722.05,119011
1627888500,722.05,723.0,721.85,722.4,100425
1627889400,722.45,722.95,721.9,722.1,117208
1627890300,722.1,722.9,719.2,720.8,156484
1627891200,720.85,721.8,720.15,721.3,124713
1627892100,721.4,722.8,721.25,722.3,122238
1627893000,722.4,722.95,722.05,722.75,185155
1627893900,722.75,723.2,720.65,721.85,196205
1627894800,721.85,721.85,718.8,719.85,407307
1627895700,719.85,721.8,719.4,721.45,182193
1627896600,721.45,722.95,720.55,721.35,444386
1627897500,721.4,721.7,719.1,720.35,877039
1627962300,724.0,724.0,719.3,722.75,735973
1627963200,722.75,723.0,719.6,721.0,366758
1627964100,720.85,723.3,720.6,723.1,286939
1627965000,723.2,725.5,722.95,724.95,360890
1627965900,725.1,726.35,724.3,725.0,360165
1627966800,725.0,726.7,724.35,725.35,238781
1627967700,725.3,726.5,725.1,726.25,192857
1627968600,726.25,726.45,725.0,725.8,153036
1627969500,725.8,727.25,725.55,726.05,161004
1627970400,726.0,727.0,725.2,726.45,208667
1627971300,726.7,727.7,726.0,726.7,278878
1627972200,726.5,728.4,726.25,728.15,248218
1627973100,728.0,730.0,727.75,729.6,467798
1627974000,729.65,731.2,729.0,730.0,442097
1627974900,730.0,730.8,729.75,730.4,229424
1627975800,730.3,731.85,730.25,731.35,377218
1627976700,731.35,732.45,730.8,732.0,397650
1627977600,732.0,732.8,731.85,732.25,207502
1627978500,732.25,732.35,730.7,732.15,244494
1627979400,732.1,732.85,731.8,732.1,179457
1627980300,732.1,733.4,732.05,733.15,247830
1627981200,733.15,736.7,733.0,736.7,485284
1627982100,736.65,738.9,736.0,738.4,590560
1627983000,738.4,740.85,736.8,737.3,884128
1627983900,737.3,739.5,736.5,737.95,879600
1628048700,740.5,743.0,738.65,742.0,798239
1628049600,741.9,744.75,741.0,744.7,389293
1628050500,744.8,745.25,742.5,744.85,363376
1628051400,744.8,749.8,744.7,748.15,811964
1628052300,748.1,750.3,747.5,750.0,424163
1628053200,750.0,753.8,749.5,752.7,716319
1628054100,752.7,752.7,750.2,752.25,377871
1628055000,752.25,755.5,752.0,755.15,580563
1628055900,755.15,755.45,751.55,752.4,386733
1628056800,752.25,752.9,750.0,750.2,363760
1628057700,750.5,752.5,749.95,751.0,411692
1628058600,750.95,753.5,750.7,752.85,230598
1628059500,752.95,753.0,751.1,752.2,114611
1628060400,752.2,753.0,751.0,752.7,211203
1628061300,752.65,752.8,751.05,751.65,174628
1628062200,751.65,752.95,751.0,752.5,289790
1628063100,752.45,754.65,751.5,751.7,317984
1628064000,751.7,753.5,750.75,752.75,286529
1628064900,752.7,753.0,751.5,752.15,237818
1628065800,752.25,753.0,751.75,752.8,138655
1628066700,752.8,757.0,752.5,754.6,517918
1628067600,754.75,755.0,753.0,753.4,250503
1628068500,753.35,754.5,753.0,753.7,236376
1628069400,753.65,755.95,753.65,755.9,476781
1628070300,755.95,756.0,750.85,752.0,625483
1628135100,753.0,754.95,748.55,748.85,901331
1628136000,748.9,753.0,747.1,749.3,608334
1628136900,749.5,750.8,748.8,749.35,229814
1628137800,749.55,749.6,745.6,747.0,380585
1628138700,746.95,747.7,744.15,745.5,273154
1628139600,745.5,746.0,743.5,744.2,263389
1628140500,744.2,746.7,743.7,746.7,170000
1628141400,746.65,747.4,744.5,744.65,146783
1628142300,744.65,745.8,744.5,745.45,101536
1628143200,745.45,748.1,745.0,747.8,156637
1628144100,747.8,749.8,746.9,748.9,238665
1628145000,748.9,751.7,747.5,751.35,529025
1628145900,751.55,751.55,750.15,750.35,222292
1628146800,750.4,753.45,750.35,752.65,278687
1628147700,752.9,755.0,752.0,753.05,296831
1628148600,753.15,754.0,752.55,754.0,157355
1628149500,754.0,754.0,752.4,752.5,124098
1628150400,752.5,753.5,751.5,752.7,139279
1628151300,752.7,752.85,750.6,751.15,234098
1628152200,751.1,753.2,750.75,752.5,154889
1628153100,752.5,752.7,749.65,751.5,179109
1628154000,751.5,751.55,749.65,751.15,237995
1628154900,751.15,751.55,750.45,750.6,251465
1628155800,750.8,751.15,748.5,748.65,517737
1628156700,748.8,749.9,746.7,748.0,453501
1628221500,747.0,752.0,744.45,751.25,446592
1628222400,751.3,755.55,749.65,755.35,364308
1628223300,754.95,757.65,752.15,752.7,503052
1628224200,752.7,755.85,751.45,752.2,211455
1628225100,752.1,753.75,752.0,752.05,155543
1628226000,752.05,752.5,747.75,747.75,370004
1628226900,747.75,749.25,745.45,746.75,288660
1628227800,746.75,750.0,746.6,748.35,209487
1628228700,748.25,749.8,747.5,747.9,130867
1628229600,747.8,748.1,745.6,746.15,164394
1628230500,746.05,747.8,746.0,746.75,149941
1628231400,746.85,748.5,745.8,747.8,131559
1628232300,747.8,748.65,746.0,746.4,122258
1628233200,746.45,746.5,745.25,745.5,105831
1628234100,745.55,745.85,742.25,742.7,228913
1628235000,742.65,744.4,742.3,743.0,167936
1628235900,743.25,745.5,741.15,744.55,201281
1628236800,744.55,744.75,742.0,743.35,113440
1628237700,743.35,743.8,742.0,742.0,114159
1628238600,742.15,743.0,741.6,742.5,90058
1628239500,742.5,743.75,741.8,743.2,121256
1628240400,743.2,743.85,741.65,741.65,148771
1628241300,741.7,743.2,741.3,742.05,215996
1628242200,742.05,742.8,738.8,739.55,857391
1628243100,739.55,745.0,739.0,743.2,900195
1628480700,741.0,746.75,739.75,743.75,279333
1628481600,744.35,750.0,743.9,749.55,241105
1628482500,749.7,753.6,748.05,753.25,350900
1628483400,752.95,753.65,750.8,751.45,268213
1628484300,751.45,752.5,750.15,752.0,150668
1628485200,752.0,752.0,749.1,750.55,130520
1628486100,750.6,750.85,748.45,749.85,116622
1628487000,749.7,752.5,749.35,751.95,141410
1628487900,751.95,753.3,751.55,752.3,187943
1628488800,752.2,754.5,752.0,753.2,278397
1628489700,753.25,753.4,751.2,751.75,131911
1628490600,752.0,752.5,751.6,752.05,114039
1628491500,752.15,752.85,749.35,750.2,227732
1628492400,750.35,752.5,750.2,752.05,121395
1628493300,752.05,752.2,750.55,751.45,105803
1628494200,751.5,752.95,750.05,752.75,191412
1628495100,752.45,753.85,751.5,751.6,160081
1628496000,751.7,752.0,749.65,750.9,230687
1628496900,750.75,751.95,748.5,751.3,323730
1628497800,751.3,752.9,750.5,752.9,244494
1628498700,752.9,754.9,752.0,754.9,324722
1628499600,754.8,757.4,754.3,754.7,573637
1628500500,754.7,754.9,753.6,754.3,226625
1628501400,754.3,756.15,754.3,755.75,421680
1628502300,755.65,756.5,754.55,755.5,508752
1628567100,755.5,764.0,755.0,763.5,1296984
1628568000,763.1,763.5,759.55,760.35,604125
1628568900,760.1,762.6,759.2,760.9,340021
1628569800,760.65,761.5,759.15,761.0,207237
1628570700,761.0,761.0,759.5,759.85,154276
1628571600,759.6,761.5,758.45,760.55,237862
1628572500,760.55,762.55,759.3,762.35,319246
1628573400,762.3,763.4,760.8,760.8,317682
1628574300,760.8,762.8,760.8,762.15,154250
1628575200,762.15,762.55,761.35,762.0,80297
1628576100,762.0,764.0,761.4,763.4,264777
1628577000,763.5,763.85,762.35,762.8,138944
1628577900,762.8,762.8,761.35,762.0,141321
1628578800,762.0,762.5,760.8,762.0,205274
1628579700,762.05,762.25,761.0,761.3,72624
1628580600,761.3,763.9,761.0,761.95,272937
1628581500,761.8,763.15,761.25,762.4,217632
1628582400,762.4,762.6,761.55,761.75,64789
1628583300,761.8,762.35,760.0,760.2,766423
1628584200,760.15,760.95,757.0,758.85,704516
1628585100,758.7,761.0,758.05,760.05,251759
1628586000,760.05,760.8,758.3,760.15,236002
1628586900,760.1,761.5,760.0,760.8,199062
1628587800,761.0,762.4,760.55,761.9,427279
1628588700,762.0,762.0,759.0,760.0,613561
1628653500,765.0,768.35,763.15,767.5,902892
1628654400,767.5,769.0,762.45,763.35,608203
1628655300,763.6,765.25,758.15,759.2,589588
1628656200,759.3,760.0,754.4,759.1,530778
1628657100,759.0,760.0,757.65,757.85,204010
1628658000,757.85,757.85,754.65,755.5,209280
1628658900,755.5,757.2,753.35,756.15,224319
1628659800,756.1,757.4,754.55,756.55,130706
1628660700,756.55,756.6,752.5,756.05,227569
1628661600,756.15,759.4,755.3,758.8,280911
1628662500,758.85,759.0,757.1,757.95,125583
1628663400,758.0,759.9,757.65,759.45,95281
1628664300,759.7,762.4,759.4,762.15,227568
1628665200,762.25,762.5,760.0,760.15,161640
1628666100,760.1,761.0,759.1,760.25,148586
1628667000,760.3,760.75,758.2,759.05,107353
1628667900,759.05,761.7,758.4,760.7,115289
1628668800,760.65,762.8,760.0,762.2,159269
1628669700,762.2,762.6,760.6,761.9,113628
1628670600,762.0,762.0,760.0,761.0,106872
1628671500,761.05,762.0,759.5,759.75,160882
1628672400,760.0,761.2,758.85,759.8,135736
1628673300,759.8,760.5,757.1,757.85,166400
1628674200,758.0,761.45,757.95,761.0,306753
1628675100,760.95,762.0,758.05,758.95,372651
1628739900,759.0,763.4,757.8,758.0,365169
1628740800,758.0,759.3,756.15,756.7,200388
1628741700,756.9,759.6,756.0,757.9,163607
1628742600,757.9,760.0,757.6,758.65,133573
1628743500,758.65,759.8,758.25,759.15,89415
1628744400,758.85,761.35,758.5,759.4,160178
1628745300,759.4,760.75,758.8,759.75,77398
1628746200,760.1,760.9,759.25,759.55,74359
1628747100,759.55,759.95,758.0,758.8,75084
1628748000,758.8,758.95,756.95,757.6,123223
1628748900,757.75,759.45,757.5,758.95,82133
1628749800,758.55,759.2,758.1,758.8,87084
1628750700,759.0,759.1,756.9,758.6,112457
1628751600,758.7,759.0,758.0,758.95,86578
1628752500,758.95,759.0,757.0,757.5,69260
1628753400,757.55,758.0,756.05,757.15,178427
1628754300,757.15,757.45,756.1,757.4,61362
1628755200,757.45,758.0,756.55,756.8,62246
1628756100,756.8,757.85,755.55,757.5,106279
1628757000,757.5,758.6,756.2,756.2,75451
1628757900,756.35,756.95,755.1,755.2,103655
1628758800,755.4,755.5,753.35,754.5,228710
1628759700,754.7,755.85,753.85,755.8,166177
1628760600,755.8,758.05,755.05,756.2,351587
1628761500,756.2,759.05,756.2,758.3,329600
1628826300,757.5,763.7,756.55,762.45,418007
1628827200,762.55,764.5,760.15,760.5,255548
1628828100,760.6,762.0,759.2,761.7,172879
1628829000,761.7,761.85,760.1,760.85,107392
1628829900,760.9,761.2,759.2,759.4,111892
1628830800,759.6,760.45,759.0,759.85,114664
1628831700,759.85,759.85,758.2,759.0,97601
1628832600,759.0,759.7,757.75,759.7,105766
1628833500,759.7,760.9,759.1,760.2,111389
1628834400,760.2,761.0,760.0,760.3,74725
1628835300,760.35,760.5,759.45,759.65,100612
1628836200,759.6,760.35,759.0,759.6,110877
1628837100,759.55,759.8,759.05,759.25,89454
1628838000,759.25,760.3,758.5,759.85,97099
1628838900,759.8,761.0,759.25,759.65,126944
1628839800,759.65,759.75,756.8,758.15,219585
1628840700,758.15,759.15,757.0,757.5,163122
1628841600,757.55,757.8,754.2,755.35,249016
1628842500,755.35,756.35,754.9,755.85,145722
1628843400,755.85,757.5,755.1,757.3,130582
1628844300,757.25,757.95,756.35,757.95,176257
1628845200,757.95,758.7,756.35,758.7,169678
1628846100,758.7,758.85,757.55,758.45,149268
1628847000,758.8,759.4,757.6,759.2,237110
1628847900,758.95,761.3,758.85,760.0,494565
1629085500,756.0,764.5,756.0,762.9,358355
1629086400,762.9,763.15,760.35,762.75,200252
1629087300,762.9,764.5,761.7,764.2,284212
1629088200,764.25,765.8,764.05,764.35,263127
1629089100,764.55,764.95,763.5,764.4,103471
1629090000,764.4,764.7,761.2,761.85,150764
1629090900,761.85,763.35,761.2,761.25,120015
1629091800,761.25,763.45,761.25,762.5,135394
1629092700,762.55,762.9,761.35,762.35,106329
1629093600,762.05,762.3,761.0,761.3,137928
1629094500,761.3,762.45,761.1,761.15,93822
1629095400,761.2,762.45,761.15,761.95,90540
1629096300,762.0,762.0,760.0,760.15,167598
1629097200,760.15,760.5,759.0,759.65,189593
1629098100,759.65,761.7,759.3,759.75,140058
1629099000,759.7,760.4,759.15,759.8,110887
1629099900,759.8,760.1,758.2,759.6,122089
1629100800,759.65,761.0,759.15,759.15,101078
1629101700,759.15,762.0,758.85,761.75,127202
1629102600,761.8,761.9,760.4,760.95,91973
1629103500,760.95,760.95,759.75,759.9,101669
1629104400,760.1,762.0,759.65,760.9,113531
1629105300,760.95,761.35,760.0,761.15,219701
1629106200,761.0,762.75,761.0,762.35,188872
1629107100,762.7,762.9,760.0,760.0,239696
1629171900,759.0,760.0,757.0,757.5,379875
1629172800,757.5,758.3,756.1,756.25,193771
1629173700,756.3,756.95,753.25,753.4,246841
1629174600,753.5,754.95,752.55,753.3,198173
1629175500,753.25,754.75,753.0,753.65,160766
1629176400,753.6,755.0,752.0,753.3,229685
1629177300,753.3,754.6,752.5,754.45,178816
1629178200,754.5,754.5,753.25,753.6,107785
1629179100,753.65,754.25,752.8,753.6,146373
1629180000,753.55,753.9,752.0,752.15,131723
1629180900,752.15,754.3,751.4,751.45,250156
1629181800,751.45,751.85,750.0,751.3,231109
1629182700,751.25,751.95,751.0,751.2,123874
1629183600,751.25,751.65,749.5,750.85,167763
1629184500,750.85,751.35,749.4,750.2,190923
1629185400,750.2,751.8,749.3,751.7,185829
1629186300,751.7,752.8,751.0,751.2,239187
1629187200,751.15,752.25,751.0,752.1,162501
1629188100,752.1,752.8,751.45,752.2,123840
1629189000,752.15,753.0,751.8,752.35,153514
1629189900,752.4,753.2,750.65,753.2,271910
1629190800,753.2,753.95,752.25,753.55,162128
1629191700,753.55,753.6,751.5,751.9,144074
1629192600,751.9,757.2,751.85,757.2,582487
1629193500,757.25,759.85,756.75,757.75,601256
1629258300,763.8,763.8,756.55,758.6,655096
1629259200,758.65,761.0,758.3,760.25,250362
1629260100,760.3,762.4,760.0,761.5,169377
1629261000,761.5,761.55,760.3,760.6,129262
1629261900,760.6,760.6,758.3,759.05,186852
1629262800,759.1,759.7,759.0,759.25,122781
1629263700,759.3,759.4,758.05,759.35,195961
1629264600,759.3,760.45,758.05,758.1,157574
1629265500,758.2,758.2,757.0,757.1,171551
1629266400,757.1,758.95,756.65,758.15,178486
1629267300,758.15,759.2,757.7,758.6,127501
1629268200,758.6,759.5,758.4,758.55,119885
1629269100,758.45,759.9,758.4,759.55,138582
1629270000,759.5,759.5,757.7,757.7,153582
1629270900,757.7,757.75,754.1,754.9,236720
1629271800,754.9,756.95,754.3,755.65,207210
1629272700,755.45,756.6,755.3,755.65,151245
1629273600,755.75,756.65,754.0,754.2,177267
1629274500,754.0,755.1,753.35,754.65,193946
1629275400,754.8,755.6,753.6,754.1,184171
1629276300,754.2,755.7,753.0,753.9,248669
1629277200,753.9,754.95,751.25,751.8,176693
1629278100,751.9,754.5,750.5,754.1,190443
1629279000,754.55,757.0,753.9,755.8,379414
1629279900,755.8,755.9,750.7,751.2,405252
1629431100,745.8,749.0,741.45,746.65,887386
1629432000,746.9,748.95,746.0,746.45,263938
1629432900,746.45,749.0,745.35,747.7,240325
1629433800,747.65,747.8,744.7,745.45,275484
1629434700,745.45,746.0,742.7,742.75,286257
1629435600,742.75,743.5,740.45,741.75,234974
1629436500,741.75,742.85,739.25,740.05,179000
1629437400,739.95,741.85,739.4,741.55,88397
1629438300,741.55,744.0,741.55,742.35,145108
1629439200,742.35,744.35,742.0,742.75,148750
1629440100,742.8,742.9,741.45,742.35,116286
1629441000,742.35,743.0,741.35,742.55,76666
1629441900,742.7,743.35,741.3,742.45,100278
1629442800,742.5,743.8,742.4,742.8,105081
1629443700,742.8,743.5,740.25,740.5,144078
1629444600,740.5,743.05,740.0,742.7,180413
1629445500,742.65,743.0,740.2,742.35,132754
1629446400,742.4,742.95,741.75,741.85,83326
1629447300,741.85,742.75,739.6,740.3,202016
1629448200,740.3,741.9,740.2,741.05,104344
1629449100,741.05,743.4,740.95,742.35,163637
1629450000,742.3,743.3,740.6,741.15,213436
1629450900,741.1,742.5,740.25,740.8,251691
1629451800,740.8,742.7,740.75,741.65,556775
1629452700,741.65,741.7,736.2,739.05,845853
1629690300,749.5,749.5,741.65,744.6,510961
1629691200,744.5,744.6,740.35,740.4,169030
1629692100,740.35,741.3,736.75,737.0,208881
1629693000,737.5,739.7,736.2,738.4,147368
1629693900,738.35,740.0,737.6,738.15,84060
1629694800,738.25,740.55,736.5,738.95,184207
1629695700,738.85,738.95,736.0,737.85,127786
1629696600,737.9,739.75,735.1,735.9,184422
1629697500,735.8,736.8,734.4,735.1,115077
1629698400,735.1,736.2,734.5,736.0,76772
1629699300,736.0,738.6,735.5,736.5,83026
1629700200,736.5,737.9,736.0,737.6,60764
1629701100,737.6,737.75,734.9,735.6,65437
1629702000,735.6,737.9,735.35,736.15,103740
1629702900,736.15,737.1,735.1,735.75,80911
1629703800,735.75,736.9,735.25,735.9,64297
1629704700,735.9,737.1,735.55,736.75,69901
1629705600,736.75,740.35,736.0,740.2,143366
1629706500,740.1,740.7,738.05,738.8,112705
1629707400,738.95,739.4,737.8,738.3,73926
1629708300,738.35,738.4,736.55,737.15,82683
1629709200,737.15,738.9,735.45,738.25,124504
1629710100,738.25,739.0,737.35,737.65,85069
1629711000,737.65,738.9,735.4,735.75,264040
1629711900,735.75,736.65,735.0,735.5,374715
1629776700,736.0,739.95,731.5,737.1,516691
1629777600,737.05,738.6,737.0,737.4,133610
1629778500,737.3,738.0,734.0,736.65,198305
1629779400,736.65,737.0,735.4,736.35,95078
1629780300,736.35,743.0,736.25,742.5,241338
1629781200,742.5,742.95,741.0,741.55,134582
1629782100,741.55,742.9,741.35,741.7,96930
1629783000,741.7,743.85,740.8,741.7,97911
1629783900,741.7,743.8,741.5,743.55,76441
1629784800,743.55,744.7,743.0,744.45,93563
1629785700,744.45,746.55,744.1,746.2,140659
1629786600,746.2,748.3,745.3,747.95,149947
1629787500,747.8,748.6,745.6,746.6,143008
1629788400,746.6,747.0,745.5,745.95,119407
1629789300,745.95,746.6,745.3,745.65,87322
1629790200,745.7,746.75,745.0,745.75,103764
1629791100,745.7,746.45,745.0,746.25,105347
1629792000,746.15,746.65,744.3,744.6,107342
1629792900,744.6,745.3,743.4,744.75,119491
1629793800,744.7,746.1,744.55,745.45,79949
1629794700,745.45,748.85,745.25,748.55,192274
1629795600,748.65,749.5,747.5,748.3,181136
1629796500,748.3,749.7,746.65,748.1,278979
1629797400,748.15,748.7,745.2,746.15,452710
1629798300,746.1,747.85,744.8,746.25,558914
1629863100,748.2,751.45,745.1,750.1,579088
1629864000,750.2,750.85,746.1,747.05,319106
1629864900,747.05,749.0,745.7,747.75,268021
1629865800,747.8,749.65,747.3,747.4,247886
1629866700,747.35,747.8,744.65,745.65,239803
1629867600,745.65,745.7,743.3,743.7,201884
1629868500,743.7,744.75,743.0,744.35,193109
1629869400,744.35,744.35,742.75,742.85,292379
1629870300,742.85,747.9,742.4,746.6,245470
1629871200,746.6,747.2,741.15,742.45,225643
1629872100,742.45,744.45,741.35,742.15,201296
1629873000,742.2,742.2,740.0,740.5,252768
1629873900,740.55,741.8,739.05,740.35,906820
1629874800,740.35,740.6,739.4,739.5,148502
1629875700,739.45,740.2,738.6,738.8,173576
1629876600,738.75,739.1,737.15,738.0,233097
1629877500,738.15,739.6,737.4,739.15,180191
1629878400,739.15,739.95,737.4,738.0,213990
1629879300,737.75,740.3,737.75,739.2,138920
1629880200,739.2,739.8,737.9,738.05,132666
1629881100,737.95,738.7,736.3,736.8,153017
1629882000,736.6,738.0,735.5,736.25,204637
1629882900,736.3,737.35,735.2,737.15,173754
1629883800,737.25,739.15,737.2,738.4,379708
1629884700,738.4,741.55,738.0,739.05,413472
1629949500,734.1,738.15,732.35,736.95,827828
1629950400,737.15,737.35,734.7,735.2,248677
1629951300,735.15,736.6,734.7,736.15,269106
1629952200,736.05,739.1,736.05,738.4,304275
1629953100,738.4,739.7,737.7,737.75,203371
1629954000,737.75,740.0,737.35,738.5,200335
1629954900,738.5,739.95,738.0,739.0,171164
1629955800,739.0,740.95,738.0,740.65,189896
1629956700,740.65,740.65,739.1,739.95,160855
1629957600,740.05,744.2,740.0,743.85,401096
1629958500,743.85,745.75,742.25,743.0,292428
1629959400,743.0,743.75,741.55,741.8,187595
1629960300,741.75,741.8,740.05,740.15,158713
1629961200,740.1,741.0,739.15,739.55,180064
1629962100,739.55,740.9,739.05,740.55,162913
1629963000,740.6,741.65,740.55,741.4,150942
1629963900,741.4,743.0,740.0,742.95,182475
1629964800,743.0,743.4,742.0,742.5,164062
1629965700,742.45,743.0,741.9,742.35,147628
1629966600,742.6,744.9,742.45,743.6,192821
1629967500,743.6,744.05,742.05,743.75,128802
1629968400,743.75,743.95,741.45,742.65,130806
1629969300,742.65,744.4,742.2,742.8,131846
1629970200,742.8,747.7,742.75,746.55,619488
1629971100,746.6,750.0,744.7,746.05,634513
1630035900,746.5,747.2,742.25,742.4,348989
1630036800,742.4,743.25,741.0,742.0,237680
1630037700,742.0,744.1,742.0,742.7,302658
1630038600,742.75,747.0,742.55,746.25,193323
1630039500,746.35,749.4,746.0,749.0,259567
1630040400,749.0,751.0,749.0,750.7,353248
1630041300,750.7,751.95,750.0,751.0,310144
1630042200,751.0,753.6,750.0,753.6,360447
1630043100,753.4,756.0,752.75,755.15,524692
1630044000,755.15,759.5,755.0,759.0,306131
1630044900,759.0,759.6,757.1,758.2,251352
1630045800,758.2,758.8,757.5,757.75,186853
1630046700,757.75,758.05,755.25,755.8,223894
1630047600,755.8,757.05,755.55,756.0,95315
1630048500,756.0,756.3,754.6,754.9,153168
1630049400,754.7,755.6,754.0,755.1,97919
1630050300,755.1,755.9,754.45,754.95,98738
1630051200,755.0,755.45,752.35,753.9,168552
1630052100,753.9,755.0,753.85,754.9,105033
1630053000,754.75,755.3,753.6,753.6,116408
1630053900,753.4,755.1,753.0,753.7,125833
1630054800,753.7,755.0,753.0,753.55,137635
1630055700,753.55,754.05,753.1,753.15,144294
1630056600,753.35,753.65,751.5,751.95,349907
1630057500,751.85,753.4,751.7,752.3,384796
1630295100,756.0,760.0,754.0,754.45,496186
1630296000,754.35,757.7,754.25,756.85,241066
1630296900,756.8,761.0,756.8,761.0,850102
1630297800,761.2,763.0,760.3,762.5,300709
1630298700,762.5,765.7,762.2,764.45,384252
1630299600,764.45,768.45,764.35,767.2,370880
1630300500,767.2,767.5,764.8,765.3,201224
1630301400,765.55,767.7,765.35,766.85,234393
1630302300,766.7,766.95,764.65,764.75,161320
1630303200,764.65,765.0,762.95,764.95,335719
1630304100,764.85,765.3,762.3,762.9,248347
1630305000,763.0,766.5,762.85,766.2,156508
1630305900,766.0,766.8,765.3,765.3,140682
1630306800,765.3,766.0,765.2,765.95,82723
1630307700,765.85,766.2,765.6,765.95,96096
1630308600,765.95,767.95,765.65,767.55,195115
1630309500,767.6,768.8,766.5,768.8,270594
1630310400,768.55,769.45,767.55,768.05,350409
1630311300,768.15,774.9,767.55,773.45,675994
1630312200,773.7,786.0,773.3,784.2,2171482
1630313100,784.25,786.9,783.0,785.35,1090339
1630314000,785.2,789.5,784.2,788.85,975798
1630314900,788.75,788.95,783.65,784.2,789717
1630315800,784.15,785.0,781.9,783.5,835799
1630316700,783.35,786.6,782.0,782.95,849732
1630381500,784.9,787.0,781.05,784.0,1273397
1630382400,784.4,784.4,778.85,780.0,813438
1630383300,780.0,782.95,779.35,779.8,336111
1630384200,779.8,780.45,778.4,779.9,278106
1630385100,779.9,780.8,779.6,780.3,271588
1630386000,780.1,784.5,780.05,783.35,392160
1630386900,783.3,786.0,783.0,783.5,401292
1630387800,783.5,785.95,781.2,782.1,344734
1630388700,782.1,784.0,782.05,782.8,124489
1630389600,782.7,784.2,782.0,784.2,139602
1630390500,783.95,785.0,783.5,784.65,195063
1630391400,784.65,788.8,783.85,787.2,383893
1630392300,787.2,787.45,784.6,786.7,277601
1630393200,786.75,787.7,785.7,787.35,293528
1630394100,787.4,788.35,786.35,786.5,236674
1630395000,786.65,788.6,785.0,787.3,424796
1630395900,787.3,787.35,780.2,781.05,564837
1630396800,781.25,782.4,780.75,781.2,265967
1630397700,781.2,784.5,780.85,784.05,273363
1630398600,784.05,784.4,778.5,780.0,360679
1630399500,780.2,783.75,780.2,783.3,302044
1630400400,783.4,785.6,782.35,785.0,338207
1630401300,784.95,785.1,783.05,783.9,308813
1630402200,783.9,787.25,783.85,785.15,1686811
1630403100,785.1,789.0,785.1,785.55,1790804
1630467900,798.1,814.7,795.4,813.7,4231224
1630468800,814.0,819.0,811.6,817.65,2202804
1630469700,817.8,818.0,812.1,814.9,1075718
1630470600,814.9,815.8,812.25,812.65,774041
1630471500,812.65,812.8,806.35,806.95,1190256
1630472400,806.9,811.0,806.05,809.5,592544
1630473300,809.5,810.1,806.35,808.6,412142
1630474200,808.05,808.5,801.8,802.55,1007528
1630475100,802.5,805.7,801.2,803.2,693592
1630476000,802.8,805.0,801.5,802.25,547646
1630476900,802.2,806.1,801.7,802.6,468553
1630477800,802.5,804.75,802.25,803.5,286697
1630478700,803.5,803.75,800.25,802.7,518705
1630479600,802.75,807.45,802.5,807.3,474494
1630480500,807.3,810.0,806.0,807.8,577114
1630481400,807.75,809.75,807.2,807.35,344415
1630482300,807.35,808.35,804.25,805.95,333994
1630483200,805.9,806.2,804.6,805.45,200077
1630484100,805.5,807.5,805.2,807.0,226863
1630485000,806.9,808.35,803.0,804.6,332230
1630485900,804.2,804.95,802.1,802.6,353487
1630486800,802.55,804.0,801.5,803.0,272080
1630487700,802.95,803.45,799.3,800.15,578156
1630488600,800.25,800.9,795.8,796.95,863788
1630489500,797.0,800.9,796.55,798.0,1301765
1630554300,795.5,806.1,793.9,796.5,1033963
1630555200,796.5,797.45,792.4,795.65,626113
1630556100,795.9,797.9,793.9,796.15,274969
1630557000,795.9,796.15,794.2,795.2,137323
1630557900,795.1,795.75,794.7,795.2,127709
1630558800,795.2,799.8,794.95,799.8,260285
1630559700,799.9,800.95,797.5,799.0,279664
1630560600,799.0,799.9,797.5,799.9,120792
1630561500,799.55,802.9,799.55,802.45,401547
1630562400,802.45,802.5,799.5,800.75,158286
1630563300,800.5,801.1,798.7,800.9,153634
1630564200,800.95,801.95,799.75,801.2,165302
1630565100,801.45,802.45,799.95,800.8,159414
1630566000,800.8,800.9,799.4,800.0,128910
1630566900,799.75,801.35,798.2,800.7,141889
1630567800,800.95,802.65,799.55,802.0,156612
1630568700,802.05,803.9,801.15,801.85,232465
1630569600,801.85,801.95,800.5,800.75,114018
1630570500,800.75,802.0,800.6,801.2,142707
1630571400,801.15,803.45,800.9,803.3,219233
1630572300,803.3,805.0,802.15,803.95,256882
1630573200,803.95,805.0,802.95,804.0,226459
1630574100,803.95,804.9,803.05,804.35,171476
1630575000,804.35,804.75,800.75,802.7,340219
1630575900,803.0,804.0,801.1,802.0,734200
1630640700,804.5,809.9,803.0,808.7,718044
1630641600,808.7,809.65,805.0,805.4,267079
1630642500,805.4,806.1,802.6,802.8,298386
1630643400,802.8,804.7,802.8,804.3,171898
1630644300,804.5,804.65,800.65,800.65,272524
1630645200,800.05,802.85,797.95,798.15,398311
1630646100,798.15,800.0,798.0,798.4,172393
1630647000,798.4,798.8,795.0,795.5,398436
1630647900,795.6,797.0,793.8,795.05,312555
1630648800,795.05,795.5,792.8,793.3,307931
1630649700,793.3,797.45,793.0,795.2,400160
1630650600,794.8,798.4,794.6,797.75,322033
1630651500,797.9,798.0,795.0,795.6,165249
1630652400,795.6,795.95,793.5,793.65,149065
1630653300,793.75,795.45,793.5,794.35,107377
1630654200,794.4,798.8,792.85,797.7,341859
1630655100,797.55,798.3,794.5,795.35,144277
1630656000,795.35,795.65,794.0,794.7,125154
1630656900,794.65,794.7,793.2,793.45,152144
1630657800,793.8,793.8,787.7,790.4,415671
1630658700,790.35,791.3,789.15,790.55,154434
1630659600,790.55,792.15,790.0,791.2,134134
1630660500,791.35,793.0,790.95,792.8,307100
1630661400,792.75,798.15,792.55,798.15,634364
1630662300,798.0,801.1,797.75,799.0,617854
1630899900,800.85,804.0,795.35,801.5,486435
1630900800,801.7,805.9,800.3,800.55,542847
1630901700,800.15,801.15,798.25,799.55,213993
1630902600,799.7,800.0,798.45,799.5,216455
1630903500,799.45,802.95,798.35,802.45,207283
1630904400,802.45,802.5,799.05,800.8,114673
1630905300,800.8,802.65,800.4,801.4,98769
1630906200,801.4,802.75,801.2,801.4,87967
1630907100,801.4,802.4,800.5,801.7,70963
1630908000,801.7,802.2,799.0,799.0,196577
1630908900,799.0,802.3,798.2,801.35,269100
1630909800,801.35,802.05,800.4,801.25,128233
1630910700,801.25,801.5,800.55,801.15,66730
1630911600,800.85,802.5,800.1,801.9,131727
1630912500,802.1,802.1,800.75,801.35,133296
1630913400,801.5,802.45,801.1,801.25,80058
1630914300,801.25,802.25,800.1,801.0,126231
1630915200,800.8,801.35,800.15,800.9,112568
1630916100,800.9,801.0,799.45,799.95,110790
1630917000,799.95,801.55,799.6,800.7,113427
1630917900,800.7,801.1,799.5,799.55,91785
1630918800,799.55,800.5,799.45,799.85,99032
1630919700,800.05,801.0,799.25,799.85,130146
1630920600,799.85,801.5,799.2,799.5,265601
1630921500,799.55,801.95,799.55,800.3,428880
1630986300,798.0,799.4,789.7,790.45,702286
1630987200,790.4,791.5,788.0,789.3,374777
1630988100,789.15,789.7,786.1,786.15,328298
1630989000,786.25,786.4,783.0,784.45,491018
1630989900,784.5,785.5,782.05,783.95,294227
1630990800,783.8,786.1,782.5,785.7,307816
1630991700,786.0,786.9,784.15,785.35,235393
1630992600,785.3,786.0,784.1,784.8,195959
1630993500,784.8,786.5,783.9,786.25,237272
1630994400,786.2,786.35,785.0,785.25,173891
1630995300,785.35,787.45,783.9,787.0,191827
1630996200,787.25,790.0,786.55,789.9,293249
1630997100,789.95,791.5,789.5,791.0,330568
1630998000,791.15,793.0,790.25,792.45,267941
1630998900,792.55,794.5,791.7,793.0,278784
1630999800,792.85,793.05,792.0,792.15,146084
1631000700,792.1,793.6,791.75,792.6,146032
1631001600,792.6,794.0,792.05,792.45,142594
1631002500,792.45,793.5,790.25,790.3,181852
1631003400,790.3,791.9,789.55,790.85,159523
1631004300,790.8,791.1,788.4,791.0,175212
1631005200,791.0,791.0,786.9,786.9,180963
1631006100,786.85,790.2,786.0,789.7,200805
1631007000,789.7,790.6,787.2,787.6,336619
1631007900,787.4,788.7,786.25,787.6,538561
1631072700,790.0,794.0,783.0,793.1,562054
1631073600,793.1,796.35,790.6,795.15,341416
1631074500,794.9,795.25,794.0,794.95,216808
1631075400,794.85,795.0,791.05,791.5,281054
1631076300,791.8,793.9,791.4,793.1,111065
1631077200,793.2,793.8,792.5,792.95,312758
1631078100,792.95,794.5,792.9,793.45,144162
1631079000,793.45,796.3,793.35,795.8,442404
1631079900,795.8,795.8,793.75,795.2,107122
1631080800,795.15,795.5,794.05,795.2,79803
1631081700,795.2,795.6,794.6,794.65,88053
1631082600,794.65,796.0,794.6,795.65,111239
1631083500,795.9,795.9,794.1,795.05,232126
1631084400,795.0,797.35,794.25,795.2,456148
1631085300,795.05,796.0,794.7,795.4,94141
1631086200,795.4,795.6,790.05,792.15,416754
1631087100,792.15,794.6,792.15,794.15,102586
1631088000,794.2,795.0,793.25,793.9,93727
1631088900,793.75,794.55,793.25,793.9,86492
1631089800,793.9,794.8,793.65,794.7,116570
1631090700,794.45,794.85,793.2,793.6,73405
1631091600,793.65,794.35,792.0,792.9,91959
1631092500,793.0,794.3,792.2,793.9,197565
1631093400,793.8,794.7,793.55,794.3,502892
1631094300,794.3,796.25,794.25,796.25,631847
1631159100,789.0,793.7,788.5,790.85,489060
1631160000,790.8,790.8,786.5,788.3,353500
1631160900,788.35,789.65,787.25,787.4,229275
1631161800,787.4,788.25,785.5,785.75,220428
1631162700,785.75,786.95,785.0,785.5,195354
1631163600,785.5,787.5,784.2,787.35,217253
1631164500,787.3,787.5,785.5,787.25,149453
1631165400,787.25,787.5,786.6,787.05,135259
1631166300,787.05,787.45,786.15,786.75,193604
1631167200,786.75,788.1,786.05,787.4,292182
1631168100,787.4,788.0,786.8,787.8,98524
1631169000,787.8,787.8,786.9,787.25,73155
1631169900,787.2,787.8,786.7,787.0,110879
1631170800,787.05,787.25,786.35,787.1,151011
1631171700,787.05,787.8,786.65,787.05,104645
1631172600,787.05,787.75,786.7,787.4,109225
1631173500,787.4,789.0,787.0,787.85,156541
1631174400,787.85,788.25,786.7,787.65,167726
1631175300,787.7,788.2,787.1,787.6,92099
1631176200,787.55,788.15,787.0,788.05,92943
1631177100,788.1,789.05,787.9,788.4,135319
1631178000,788.55,788.95,786.15,786.85,145501
1631178900,786.85,788.8,786.8,787.25,165397
1631179800,787.35,790.7,787.35,789.65,400162
1631180700,789.55,791.55,789.5,790.3,408050
1631504700,786.0,789.4,784.0,784.5,1179902
1631505600,784.35,787.85,783.5,787.0,256094
1631506500,786.95,789.2,785.8,787.6,201444
1631507400,787.6,787.95,785.5,786.15,181966
1631508300,786.2,787.9,786.15,787.25,83152
1631509200,787.25,788.65,787.2,788.35,96417
1631510100,788.35,788.95,787.7,788.05,77457
1631511000,788.05,788.9,785.55,785.55,113172
1631511900,785.6,787.05,785.5,786.05,109593
1631512800,786.05,786.95,785.85,785.95,106800
1631513700,785.95,786.75,785.5,786.55,92304
1631514600,786.4,787.7,786.25,786.8,104926
1631515500,787.0,787.45,786.55,786.7,60873
1631516400,786.7,788.0,786.55,787.9,266749
1631517300,787.95,789.0,787.75,788.55,166552
1631518200,788.55,790.0,787.75,789.25,152450
1631519100,789.45,790.45,788.95,789.25,118081
1631520000,789.6,790.1,788.2,788.25,121493
1631520900,788.4,790.0,788.4,789.8,90356
1631521800,789.8,790.25,789.0,790.0,119912
1631522700,790.15,790.25,787.5,788.1,143920
1631523600,788.4,789.4,786.2,788.0,128781
1631524500,788.05,788.5,786.9,787.35,162127
1631525400,787.6,789.85,787.1,788.8,252660
1631526300,789.0,789.15,786.15,787.5,407829
1631591100,791.0,795.0,790.0,794.2,854217
1631592000,794.2,799.0,794.1,798.7,524447
1631592900,798.75,798.9,796.85,798.65,279052
1631593800,798.75,800.65,797.5,799.95,392982
1631594700,800.0,801.0,799.0,799.7,247269
1631595600,799.7,800.55,799.0,799.25,174082
1631596500,799.3,799.9,797.55,798.6,175842
1631597400,798.65,798.75,797.85,798.65,87959
1631598300,798.65,798.75,798.3,798.75,74989
1631599200,798.75,798.75,797.85,798.45,91396
1631600100,798.45,800.4,798.35,800.05,616433
1631601000,800.0,800.1,797.7,797.85,131271
1631601900,797.7,798.5,796.55,797.7,169991
1631602800,797.7,798.6,796.8,798.15,111854
1631603700,798.2,799.5,796.4,796.9,219493
1631604600,797.0,797.0,792.8,795.2,300868
1631605500,795.15,796.15,794.5,794.8,120191
1631606400,794.95,795.25,793.85,794.1,104485
1631607300,794.1,794.5,793.25,794.35,109669
1631608200,794.35,794.65,793.8,794.15,121361
1631609100,794.15,795.4,793.35,793.75,116545
1631610000,793.75,793.75,792.05,793.5,138750
1631610900,793.55,795.2,793.5,794.3,136127
1631611800,794.25,795.75,793.3,793.65,412341
1631612700,793.6,794.85,793.0,793.05,581879
1631677500,796.0,796.0,787.2,787.65,487621
1631678400,787.75,789.0,787.0,788.5,273501
1631679300,788.45,788.85,788.0,788.5,123826
1631680200,788.5,790.8,788.25,789.4,182186
1631681100,789.6,790.25,787.0,788.0,180479
1631682000,788.15,789.8,787.95,789.8,116749
1631682900,789.8,789.8,789.0,789.5,57663
1631683800,789.5,789.5,788.55,788.65,77958
1631684700,788.75,790.05,787.7,789.9,136064
1631685600,790.05,790.5,789.5,790.35,124335
1631686500,790.35,790.5,789.55,790.0,109151
1631687400,789.85,791.5,789.0,791.3,124291
1631688300,791.3,791.45,790.0,790.55,81384
1631689200,790.8,791.15,790.25,790.95,64236
1631690100,790.95,791.05,790.0,790.5,56119
1631691000,790.5,791.4,790.0,790.55,87019
1631691900,790.75,791.3,790.2,791.0,64375
1631692800,791.0,792.65,790.85,791.6,234273
1631693700,791.6,793.15,791.6,792.8,141698
1631694600,792.9,795.65,792.55,794.9,223993
1631695500,794.95,797.45,794.15,794.85,207386
1631696400,794.95,795.0,792.55,792.75,207691
1631697300,792.8,793.65,792.7,793.45,78060
1631698200,793.45,793.5,790.6,790.95,234594
1631699100,790.95,792.05,790.45,792.0,393860
1631763900,792.5,795.5,792.05,793.3,716785
1631764800,793.35,793.35,791.15,791.6,1400402
1631765700,791.55,792.75,789.1,789.8,143836
1631766600,789.75,792.25,789.1,791.95,144101
1631767500,791.85,793.5,791.45,792.75,176588
1631768400,792.7,792.85,790.5,790.9,120847
1631769300,790.9,794.0,790.1,794.0,140917
1631770200,794.0,799.0,793.0,796.75,539634
1631771100,796.8,800.0,794.85,798.65,1066526
1631772000,798.65,799.8,796.8,796.9,177091
1631772900,796.9,798.2,795.5,795.8,225789
1631773800,795.8,796.5,792.25,793.95,261105
1631774700,794.0,795.4,793.5,795.2,203375
1631775600,795.25,797.65,794.8,796.9,190173
1631776500,797.2,798.8,796.45,798.3,288766
1631777400,798.3,806.0,798.3,804.95,4234921
1631778300,804.9,807.0,803.5,804.0,658077
1631779200,803.85,804.75,802.1,804.4,223266
1631780100,804.4,804.5,801.5,802.95,220168
1631781000,803.0,806.0,802.95,805.0,473532
1631781900,805.3,807.45,800.6,802.0,661668
1631782800,802.0,803.55,801.5,803.35,263836
1631783700,803.35,805.6,802.4,805.3,528096
1631784600,805.2,805.4,801.2,802.3,627571
1631785500,802.4,804.4,801.6,803.05,1722913
1631850300,808.85,812.0,805.25,809.5,1000950
1631851200,809.4,810.75,806.5,810.15,491718
1631852100,810.25,814.7,809.0,813.7,574688
1631853000,813.9,817.0,813.9,816.55,982203
1631853900,817.0,820.7,816.15,819.0,1192379
1631854800,818.9,819.0,814.65,815.9,434285
1631855700,815.7,818.9,815.0,816.0,327185
1631856600,816.0,817.0,813.0,814.5,475794
1631857500,814.5,814.5,811.1,811.4,562504
1631858400,811.0,811.3,802.1,804.55,862743
1631859300,804.8,809.4,804.0,804.95,474191
1631860200,804.9,805.7,800.6,802.65,456859
1631861100,802.8,805.8,801.6,805.45,346630
1631862000,805.35,805.45,799.15,801.05,402225
1631862900,801.15,801.9,798.8,801.75,288867
1631863800,801.75,803.5,801.05,803.05,155241
1631864700,803.15,805.0,803.0,804.4,247088
1631865600,804.4,804.45,801.1,803.25,167828
1631866500,803.25,804.5,803.05,804.35,119373
1631867400,804.4,804.9,801.8,803.65,151183
1631868300,803.65,804.75,800.0,800.55,239693
1631869200,800.5,802.35,797.25,801.6,289296
1631870100,801.45,804.0,800.85,802.95,219661
1631871000,802.95,806.85,802.85,806.85,2087933
1631871900,806.9,811.5,805.65,811.5,2075087
1632109500,800.0,800.5,794.75,799.65,730851
1632110400,799.75,802.55,799.75,800.75,297213
1632111300,801.0,802.95,799.85,801.55,107035
1632112200,801.6,804.9,801.6,803.0,134842
1632113100,803.0,806.0,802.75,804.3,145854
1632114000,804.3,806.5,803.1,805.8,128142
1632114900,805.95,806.1,804.8,805.6,69151
1632115800,805.6,808.55,805.0,807.05,179141
1632116700,807.05,808.0,806.2,807.25,104752
1632117600,807.2,808.15,803.5,804.0,145299
1632118500,804.05,805.3,802.1,803.3,163566
1632119400,803.5,804.0,801.2,802.2,164929
1632120300,802.15,803.9,800.45,803.8,113956
1632121200,803.85,803.85,800.95,801.0,120391
1632122100,801.0,802.85,801.0,802.0,66070
1632123000,802.0,802.95,799.8,802.3,297119
1632123900,802.45,802.7,799.65,800.25,269502
1632124800,800.05,801.0,799.0,799.5,203102
1632125700,799.55,801.5,798.0,800.1,385209
1632126600,800.15,800.8,798.2,799.75,187364
1632127500,799.7,800.75,799.2,799.7,162709
1632128400,799.7,800.2,797.5,797.55,214536
1632129300,797.6,798.4,797.0,798.0,302877
1632130200,798.15,799.15,795.5,798.1,758359
1632131100,798.25,798.3,791.5,793.05,825666
1632195900,795.25,799.0,788.0,793.45,697736
1632196800,793.5,795.95,790.4,793.4,256581
1632197700,793.45,793.95,788.3,789.1,187001
1632198600,789.15,791.35,785.0,785.45,347257
1632199500,785.45,785.95,781.2,783.8,298169
1632200400,783.8,786.35,782.45,784.4,196407
1632201300,784.4,785.0,774.55,775.5,685974
1632202200,775.45,780.3,775.0,775.2,485689
1632203100,775.35,776.2,772.3,775.75,477558
1632204000,775.7,779.5,775.4,778.55,387542
1632204900,778.6,784.85,778.55,784.8,314468
1632205800,784.75,785.0,781.1,781.4,270829
1632206700,781.6,783.55,779.3,780.1,180411
1632207600,780.0,784.0,779.85,783.55,87928
1632208500,783.6,785.0,783.6,785.0,385542
1632209400,785.0,785.05,782.25,785.0,474468
1632210300,784.65,789.5,784.55,788.9,365208
1632211200,788.85,791.45,786.4,791.45,184317
1632212100,791.4,792.0,784.0,786.85,245239
1632213000,786.85,789.5,786.15,788.8,122280
1632213900,788.6,789.65,787.35,789.35,123342
1632214800,789.0,792.4,788.0,792.35,207495
1632215700,792.35,793.95,792.0,793.35,252537
1632216600,793.35,795.7,793.35,794.75,241578
1632217500,794.75,797.0,793.95,794.2,345471
1632282300,792.5,796.8,787.8,787.8,487481
1632283200,787.9,791.35,786.0,787.25,428740
1632284100,787.2,789.9,787.0,789.85,237109
1632285000,789.8,790.9,789.0,790.15,131105
1632285900,790.2,791.9,789.6,790.0,172762
1632286800,789.75,790.7,789.4,790.7,161955
1632287700,790.65,790.95,789.8,790.75,62526
1632288600,790.9,792.0,789.1,789.85,244028
1632289500,789.95,790.5,786.9,789.65,337753
1632290400,789.55,791.4,788.55,791.4,139519
1632291300,791.4,792.45,789.85,791.8,95623
1632292200,791.8,792.7,790.75,791.55,151639
1632293100,791.55,792.45,790.8,791.1,48023
1632294000,791.1,792.55,791.0,791.95,89227
1632294900,791.95,794.5,791.25,794.0,155441
1632295800,794.0,794.5,792.6,793.05,147316
1632296700,793.05,793.4,788.6,789.05,142871
1632297600,789.05,790.85,788.05,789.65,111657
1632298500,789.65,790.05,788.65,788.95,75686
1632299400,788.9,791.3,788.05,790.7,113697
1632300300,790.7,790.9,789.6,790.15,66199
1632301200,790.3,791.15,789.0,789.5,65965
1632302100,789.5,790.0,787.1,789.8,186112
1632303000,789.8,789.95,787.5,787.6,157751
1632303900,787.55,789.1,787.0,788.4,337461
1632368700,794.35,805.7,792.55,803.75,936643
1632369600,803.8,805.6,802.85,805.45,496199
1632370500,805.55,808.65,805.55,806.55,673522
1632371400,806.55,809.35,806.3,808.85,325788
1632372300,809.0,809.8,807.0,808.75,509696
1632373200,808.75,811.6,806.0,810.55,715410
1632374100,810.8,811.75,808.5,810.85,324667
1632375000,810.8,812.95,810.0,812.5,380144
1632375900,812.5,813.8,810.3,812.85,393426
1632376800,812.95,813.0,810.15,810.8,308784
1632377700,810.8,812.35,810.65,812.05,160311
1632378600,812.05,814.5,812.05,814.4,337845
1632379500,814.4,814.4,811.5,811.9,257077
1632380400,812.05,813.75,811.35,812.05,207792
1632381300,812.0,812.8,810.8,811.35,204303
1632382200,811.35,812.6,809.35,809.9,292582
1632383100,810.0,813.25,809.1,813.2,237770
1632384000,813.2,814.15,812.0,814.0,223394
1632384900,814.0,814.05,811.5,811.95,145366
1632385800,812.0,813.4,810.65,812.0,165836
1632386700,812.2,812.8,811.0,812.5,168713
1632387600,812.55,813.95,812.0,812.15,172394
1632388500,812.15,813.0,811.05,811.1,208586
1632389400,811.4,812.7,810.2,812.2,488215
1632390300,812.05,813.65,811.55,813.4,691689
1632455100,812.55,816.95,807.6,808.7,832759
1632456000,808.5,811.65,807.9,810.5,272589
1632456900,810.3,811.4,806.45,806.55,205649
1632457800,806.5,808.4,805.6,806.1,188228
1632458700,806.1,809.0,805.0,808.5,178296
1632459600,808.7,809.0,806.0,808.0,120184
1632460500,808.0,809.15,806.0,806.6,119713
1632461400,806.9,808.5,802.7,805.3,226379
1632462300,805.3,805.9,804.2,805.45,103816
1632463200,805.5,806.2,803.15,803.2,142504
1632464100,803.15,804.7,802.05,803.0,153604
1632465000,802.95,803.9,801.6,801.85,128990
1632465900,802.0,804.3,801.0,802.2,202386
1632466800,802.2,802.65,800.15,800.95,163623
1632467700,800.95,803.2,800.5,802.05,124302
1632468600,802.15,802.4,801.1,801.3,101008
1632469500,801.6,802.0,798.7,799.2,193966
1632470400,799.3,800.85,798.85,800.1,167232
1632471300,800.1,802.45,799.45,799.9,147836
1632472200,799.9,800.3,796.75,797.7,205639
1632473100,797.7,798.1,795.1,795.35,242654
1632474000,795.25,798.1,795.1,797.55,167595
1632474900,797.55,799.9,797.0,798.25,108091
1632475800,798.4,799.85,797.3,799.65,242421
1632476700,799.55,799.55,796.0,796.65,421221
1632714300,802.9,806.45,800.05,804.3,407077
1632715200,804.45,807.65,804.3,807.35,405433
1632716100,807.4,808.8,805.5,806.2,288443
1632717000,806.15,806.95,803.3,806.25,286118
1632717900,806.25,806.45,803.65,805.85,182526
1632718800,805.85,806.3,802.55,802.85,146222
1632719700,802.8,803.4,801.65,803.0,247844
1632720600,803.0,803.0,799.1,800.3,747165
1632721500,800.3,800.85,799.0,799.0,158206
1632722400,799.0,800.0,796.65,797.55,470075
1632723300,797.55,799.5,797.4,799.5,171048
1632724200,799.5,799.65,798.5,798.7,136209
1632725100,798.7,799.4,794.6,795.9,432368
1632726000,795.85,796.3,793.3,794.7,320879
1632726900,794.95,796.0,793.85,793.9,248334
1632727800,794.15,795.2,793.25,794.95,254320
1632728700,794.95,795.25,793.7,795.0,180809
1632729600,794.85,796.0,794.5,795.0,217571
1632730500,795.0,795.1,792.8,795.0,212062
1632731400,794.95,795.5,793.4,795.3,353763
1632732300,795.2,796.9,793.8,794.15,281360
1632733200,794.5,796.5,794.15,795.75,228509
1632734100,795.75,796.5,793.9,796.0,214513
1632735000,796.05,798.8,796.0,797.9,484023
1632735900,797.9,798.0,795.25,797.45,620225
1632800700,802.0,805.6,799.4,800.1,674848
1632801600,800.15,801.3,796.5,797.5,268417
1632802500,797.35,802.9,797.1,802.1,227150
1632803400,802.1,802.1,798.35,799.15,167044
1632804300,799.5,799.5,797.1,798.0,133417
1632805200,798.0,800.0,797.0,797.75,160317
1632806100,797.75,798.0,794.6,795.6,215593
1632807000,795.6,796.55,794.1,795.05,193956
1632807900,795.0,797.8,794.05,796.7,160061
1632808800,796.7,797.45,795.3,796.05,77198
1632809700,796.4,796.6,795.2,795.9,99178
1632810600,795.9,796.5,794.45,794.9,150385
1632811500,794.9,795.35,790.35,790.85,377251
1632812400,791.05,792.3,788.6,789.9,199382
1632813300,790.0,791.65,788.0,789.75,170367
1632814200,789.75,790.1,783.25,784.65,229877
1632815100,784.65,786.9,784.5,784.95,148713
1632816000,784.95,786.8,783.95,784.3,198985
1632816900,784.3,785.7,783.5,784.9,151470
1632817800,784.9,786.4,782.5,782.85,252047
1632818700,782.65,782.65,778.0,779.25,378442
1632819600,779.4,781.2,778.5,780.05,359997
1632820500,780.0,786.65,779.55,786.0,683403
1632821400,786.0,791.85,785.2,791.7,972048
1632822300,791.7,792.0,787.5,789.0,707087
1632887100,783.0,786.0,780.55,783.9,579728
1632888000,783.75,789.5,782.0,785.3,263717
1632888900,785.3,788.3,784.8,787.1,205205
1632889800,787.1,787.5,784.0,784.9,243395
1632890700,784.9,785.25,782.3,782.3,248224
1632891600,782.3,783.75,781.3,781.9,189753
1632892500,781.85,785.05,781.5,784.6,166935
1632893400,784.55,785.3,781.0,783.7,248206
1632894300,783.7,784.8,782.65,783.25,148973
1632895200,783.3,784.35,782.15,783.45,145030
1632896100,783.5,784.1,782.55,783.15,154931
1632897000,783.15,783.25,778.5,779.8,500223
1632897900,779.5,782.9,779.5,780.5,499965
1632898800,780.5,781.3,779.3,780.4,324468
1632899700,780.4,781.25,779.9,780.6,274413
1632900600,780.6,783.35,780.5,782.6,693716
1632901500,782.7,784.15,781.85,783.8,684514
1632902400,783.85,784.0,781.0,781.65,382484
1632903300,781.65,784.0,781.5,783.75,333284
1632904200,783.45,784.05,782.0,783.95,295364
1632905100,783.9,784.8,783.5,783.9,503492
1632906000,783.95,784.55,783.2,784.3,412551
1632906900,784.3,784.7,781.3,781.95,629032
1632907800,782.1,783.55,779.55,780.8,2858661
1632908700,781.55,783.9,779.3,780.5,3237487
1632973500,779.9,784.35,775.05,775.6,921643
1632974400,775.7,781.9,775.0,781.05,318325
1632975300,781.0,783.4,780.95,782.95,180590
1632976200,782.9,783.5,781.5,782.15,143200
1632977100,782.2,782.45,780.5,780.9,113672
1632978000,780.95,781.4,779.25,781.3,133950
1632978900,781.05,781.95,779.6,780.0,82914
1632979800,780.0,780.0,778.85,779.8,105707
1632980700,779.7,782.45,779.25,782.1,224566
1632981600,782.3,783.25,781.55,783.1,148030
1632982500,783.0,783.5,782.05,783.2,103550
1632983400,783.5,786.4,783.25,786.2,307698
1632984300,786.15,787.35,784.8,785.0,249229
1632985200,785.25,785.3,779.15,779.95,525324
1632986100,779.95,782.6,779.5,782.0,141768
1632987000,782.25,782.3,779.55,780.0,128697
1632987900,780.1,780.6,771.1,774.1,621328
1632988800,773.85,774.9,769.3,770.2,386937
1632989700,770.0,772.85,769.55,772.05,403050
1632990600,772.2,772.45,768.7,768.8,411815
1632991500,768.8,770.0,767.2,767.85,359280
1632992400,767.85,769.8,766.6,768.75,340002
1632993300,768.55,769.4,766.95,767.1,274532
1632994200,767.05,768.95,766.05,766.5,1095407
1632995100,766.55,767.35,764.85,767.0,1435392
1633059900,763.4,764.35,754.0,763.2,1244080
1633060800,763.05,764.85,761.1,762.9,456883
1633061700,762.9,762.9,760.1,761.55,322484
1633062600,761.65,764.5,761.0,764.5,246317
1633063500,764.7,770.6,764.7,769.7,412743
1633064400,769.55,770.3,765.8,770.0,237711
1633065300,770.05,771.7,768.75,770.3,167331
1633066200,770.25,771.0,767.8,768.95,314398
1633067100,768.95,769.0,766.0,766.65,111864
1633068000,766.7,769.0,766.45,767.65,123154
1633068900,767.6,767.8,765.55,766.25,147087
1633069800,766.15,768.0,765.15,765.85,160662
1633070700,765.85,768.0,765.5,767.45,195486
1633071600,767.4,768.15,764.4,765.0,139715
1633072500,765.15,767.5,764.7,767.35,117800
1633073400,767.35,769.95,767.0,769.0,146011
1633074300,769.0,769.15,767.15,768.35,78848
1633075200,768.4,769.0,765.25,765.6,93785
1633076100,765.55,766.25,764.0,765.55,115029
1633077000,765.45,766.95,765.0,766.45,117432
1633077900,766.45,766.9,765.05,766.25,106809
1633078800,766.25,767.75,765.0,766.0,114766
1633079700,766.0,768.0,766.0,767.75,136890
1633080600,767.7,770.9,767.7,767.8,311724
1633081500,767.85,768.25,766.15,767.8,399231
1633319100,771.1,776.0,770.3,774.25,631234
1633320000,774.25,776.8,773.25,775.25,385965
1633320900,775.2,778.2,774.25,777.0,281926
1633321800,776.95,777.6,775.65,776.25,98127
1633322700,776.45,778.9,776.05,777.5,138871
1633323600,777.5,779.0,776.95,778.7,138176
1633324500,778.7,779.8,778.4,779.1,170943
1633325400,779.1,779.45,777.5,778.4,166875
1633326300,778.4,778.8,777.3,777.6,103072
1633327200,777.55,779.35,776.7,779.2,242882
1633328100,779.2,780.8,778.45,779.8,310119
1633329000,779.8,780.15,779.45,779.95,145630
1633329900,779.95,780.25,777.75,778.3,239483
1633330800,778.4,779.1,776.9,778.05,191029
1633331700,778.05,778.1,775.85,776.6,107276
1633332600,776.65,777.0,775.5,776.5,189969
1633333500,776.7,779.9,776.3,779.45,154513
1633334400,779.25,779.7,778.65,779.2,97326
1633335300,779.2,781.15,778.4,779.8,382900
1633336200,779.8,780.3,779.1,779.9,165111
1633337100,779.8,780.0,779.1,779.9,148583
1633338000,779.55,780.05,777.7,780.0,257132
1633338900,780.0,780.0,778.4,779.0,113467
1633339800,778.9,779.1,775.4,778.55,256824
1633340700,778.7,780.1,778.25,780.0,713305
1633405500,774.4,780.5,771.2,779.65,410720
1633406400,779.6,780.85,777.9,780.25,157222
1633407300,780.1,780.1,775.0,775.15,172214
1633408200,775.8,777.25,775.0,777.0,92042
1633409100,777.0,782.9,777.0,782.2,216602
1633410000,782.0,782.25,778.15,779.4,126956
1633410900,779.4,779.55,776.35,777.95,115856
1633411800,777.95,778.2,776.5,777.25,94856
1633412700,777.4,779.35,774.0,776.35,178266
1633413600,776.35,776.35,773.45,774.7,122787
1633414500,774.75,777.0,774.1,776.65,132952
1633415400,776.6,777.15,776.0,776.25,56371
1633416300,776.4,777.15,776.0,776.65,51151
1633417200,777.0,777.75,776.4,777.15,65801
1633418100,777.2,779.65,776.65,779.65,117186
1633419000,779.65,781.5,779.3,780.9,205951
1633419900,780.9,781.55,780.3,781.2,77055
1633420800,781.4,782.0,781.0,781.5,85416
1633421700,781.6,781.85,780.05,781.2,89214
1633422600,781.05,781.5,780.2,780.55,101868
1633423500,780.85,781.3,780.0,780.1,103266
1633424400,780.15,781.8,779.1,780.35,114832
1633425300,780.5,780.95,779.55,780.75,109777
1633426200,780.8,783.8,780.0,783.05,484964
1633427100,783.2,784.0,781.95,782.25,438308
1633491900,782.25,787.65,782.0,785.0,629772
1633492800,785.0,786.35,784.0,784.45,270068
1633493700,784.45,788.4,784.1,787.8,196313
1633494600,787.65,788.25,786.7,786.8,127067
1633495500,787.05,787.85,786.0,787.75,299352
1633496400,787.6,791.0,786.9,790.95,281751
1633497300,790.95,791.6,788.6,789.0,167432
1633498200,788.95,790.0,787.2,789.55,135841
1633499100,789.55,789.95,788.55,789.9,54736
1633500000,789.9,790.05,788.05,789.25,93284
1633500900,789.35,791.8,788.35,791.1,128504
1633501800,791.1,794.2,790.25,793.95,233596
1633502700,794.1,794.15,792.55,792.95,143738
1633503600,793.0,793.4,790.05,791.05,118440
1633504500,791.1,791.2,789.5,791.0,104314
1633505400,791.0,791.1,788.5,789.0,148860
1633506300,789.0,789.45,784.25,788.4,350742
1633507200,788.05,788.65,783.15,786.85,183178
1633508100,786.85,787.6,785.5,786.95,57635
1633509000,786.95,787.9,785.0,785.25,71525
1633509900,785.1,785.65,782.2,783.95,176742
1633510800,784.0,784.3,781.1,782.25,149107
1633511700,782.25,782.25,778.0,778.75,211884
1633512600,779.05,781.85,778.15,778.7,281031
1633513500,778.45,779.9,776.0,777.0,461346
1633578300,790.0,790.15,780.5,784.45,601893
1633579200,784.55,784.65,781.2,781.8,207823
1633580100,781.75,782.9,779.7,781.3,201402
1633581000,781.15,783.45,780.5,782.4,132336
1633581900,782.4,782.85,779.45,780.6,186037
1633582800,780.85,781.7,778.95,779.95,122216
1633583700,779.95,780.3,779.1,779.2,127238
1633584600,779.15,779.45,777.5,778.4,168438
1633585500,778.15,778.85,774.1,775.1,285145
1633586400,775.25,776.7,774.65,776.3,225677
1633587300,776.35,778.5,776.1,778.2,209999
1633588200,778.2,779.55,777.0,778.45,198588
1633589100,778.5,778.85,777.0,777.8,278803
1633590000,777.8,780.25,777.8,779.15,203359
1633590900,779.15,779.55,776.5,777.25,255719
1633591800,777.25,778.55,776.9,778.55,123911
1633592700,778.7,779.6,778.05,778.75,449707
1633593600,778.75,779.0,777.45,778.4,189086
1633594500,778.15,778.95,777.6,778.5,140241
1633595400,778.5,779.3,778.05,778.5,266483
1633596300,778.5,779.0,777.85,778.8,243199
1633597200,778.75,778.95,777.0,777.5,393908
1633598100,777.5,778.6,777.5,778.25,224635
1633599000,778.2,778.5,776.9,776.95,292416
1633599900,776.95,778.75,775.85,777.3,874478
1633664700,781.9,782.45,778.35,780.05,346179
1633665600,780.05,780.05,777.0,778.7,219285
1633666500,778.7,781.2,777.65,778.9,160874
1633667400,778.9,782.45,778.55,780.7,334614
1633668300,780.7,781.35,779.5,780.9,175005
1633669200,781.2,785.0,780.65,783.65,875451
1633670100,783.6,784.7,782.4,783.2,142321
1633671000,783.0,783.85,780.0,780.85,122521
1633671900,780.85,783.75,780.55,781.5,79440
1633672800,781.6,782.8,779.45,782.6,91431
1633673700,782.35,782.55,780.2,781.3,87279
1633674600,781.3,781.8,780.1,780.35,124701
1633675500,780.3,781.7,779.6,780.25,226371
1633676400,780.1,780.65,777.7,778.0,163408
1633677300,777.9,780.45,776.0,778.4,175584
1633678200,778.4,778.4,776.65,777.2,70818
1633679100,777.15,778.3,776.5,777.8,67328
1633680000,777.75,779.35,777.55,778.25,58405
1633680900,778.25,779.35,778.05,779.0,46822
1633681800,779.0,781.0,779.0,780.65,71105
1633682700,780.65,782.0,779.8,781.9,82459
1633683600,781.9,781.9,779.0,780.55,74702
1633684500,780.55,781.95,780.35,781.35,71790
1633685400,781.05,782.6,780.5,782.15,185339
1633686300,782.2,783.05,781.0,781.7,217466
1633923900,782.0,785.75,779.0,782.0,583646
1633924800,782.0,784.7,780.0,783.3,318588
1633925700,783.3,786.8,783.05,786.0,302060
1633926600,786.0,788.9,785.65,787.65,282415
1633927500,787.65,789.9,787.0,787.15,164031
1633928400,787.0,788.85,786.5,788.0,105964
1633929300,787.7,791.5,786.8,790.7,211767
1633930200,790.6,793.0,789.15,790.0,241545
1633931100,789.6,790.4,787.15,787.85,98252
1633932000,787.8,788.4,787.0,787.25,56314
1633932900,787.25,788.0,786.1,786.65,86803
1633933800,786.65,787.15,785.1,786.65,80890
1633934700,786.65,787.5,786.2,787.15,55730
1633935600,787.15,787.7,785.05,786.8,99140
1633936500,786.8,787.45,786.0,786.2,51301
1633937400,786.2,788.0,785.55,786.2,59178
1633938300,786.1,788.5,785.5,788.05,98203
1633939200,788.05,792.7,787.95,792.65,304230
1633940100,792.5,792.8,789.5,789.6,255438
1633941000,789.65,791.0,788.75,790.85,119343
1633941900,790.85,791.2,789.25,790.25,101697
1633942800,790.3,790.5,788.75,788.9,92400
1633943700,788.9,790.05,787.65,788.7,111793
1633944600,788.95,789.0,786.15,787.15,211630
1633945500,787.25,787.8,785.7,787.15,317212
1634010300,788.0,794.5,786.65,793.05,647205
1634011200,793.05,793.05,790.75,791.45,295999
1634012100,791.5,791.55,789.0,790.4,235978
1634013000,790.45,791.65,789.0,789.8,122160
1634013900,789.8,790.55,786.7,787.25,118662
1634014800,787.55,789.25,785.45,788.5,120838
1634015700,788.5,789.5,787.0,789.5,52219
1634016600,789.45,791.9,789.1,791.1,147889
1634017500,791.1,792.0,790.2,791.65,112688
1634018400,791.65,793.0,789.3,790.2,489440
1634019300,790.2,790.3,788.65,790.05,87157
1634020200,790.05,790.3,789.0,789.0,36653
1634021100,789.0,789.6,788.35,789.25,43889
1634022000,789.25,791.55,788.6,791.25,55852
1634022900,791.35,791.6,789.05,789.3,45467
1634023800,789.2,791.25,789.0,790.95,51739
1634024700,791.05,791.95,790.35,790.95,97197
1634025600,790.95,791.55,789.65,790.2,117083
1634026500,790.0,791.9,789.75,790.6,133630
1634027400,790.65,794.6,790.45,793.85,345781
1634028300,794.0,799.7,793.75,797.7,555011
1634029200,797.7,799.0,796.0,797.3,192643
1634030100,797.5,797.9,796.2,796.7,175968
1634031000,796.9,798.0,796.4,797.45,326432
1634031900,797.45,797.8,795.5,796.3,469319
1634096700,799.95,802.7,796.0,801.2,461585
1634097600,801.25,804.5,800.55,800.9,395982
1634098500,801.0,802.7,799.6,801.05,213447
1634099400,801.05,801.35,798.3,800.0,186797
1634100300,800.0,800.95,798.1,799.6,141151
1634101200,799.7,801.0,799.15,800.9,98289
1634102100,800.9,801.9,800.0,800.8,124583
1634103000,800.95,801.8,800.0,800.7,137264
1634103900,800.8,803.0,800.0,802.9,195889
1634104800,802.75,803.0,801.85,802.5,146053
1634105700,802.4,802.5,798.35,801.5,162026
1634106600,801.5,801.95,800.15,800.8,88016
1634107500,800.65,802.9,800.65,801.8,107172
1634108400,801.8,801.8,800.0,800.05,77926
1634109300,800.05,801.0,800.0,800.95,80427
1634110200,800.95,801.1,800.0,800.3,90664
1634111100,800.3,800.4,797.7,798.2,147982
1634112000,798.2,798.45,796.5,798.1,138175
1634112900,798.25,798.8,797.0,798.25,87713
1634113800,798.05,798.25,793.8,796.15,240525
1634114700,796.35,796.75,795.5,796.4,85709
1634115600,796.4,796.4,794.6,795.0,121715
1634116500,794.75,796.2,794.5,796.0,144659
1634117400,796.0,796.25,793.2,794.65,326846
1634118300,794.6,795.3,793.4,793.5,366088
1634183100,799.0,799.0,793.5,795.7,473499
1634184000,795.75,797.5,794.05,794.5,176358
1634184900,794.45,795.0,792.15,794.45,169128
1634185800,794.45,798.05,794.0,795.6,205593
1634186700,795.5,796.0,794.0,795.7,211396
1634187600,795.65,795.75,794.1,795.15,97244
1634188500,795.2,795.3,792.55,793.2,103055
1634189400,793.15,793.75,790.75,791.8,160107
1634190300,791.75,792.8,791.0,791.2,232481
1634191200,791.2,792.4,791.0,791.85,100348
1634192100,791.85,793.7,791.85,792.3,299548
1634193000,792.0,793.0,791.8,792.4,101696
1634193900,792.4,792.8,790.15,790.65,231556
1634194800,790.6,791.75,790.2,791.0,85805
1634195700,791.1,791.8,790.6,790.65,97183
1634196600,790.65,791.45,789.85,790.35,147737
1634197500,790.45,791.4,789.0,789.35,155374
1634198400,789.15,791.7,788.0,791.65,226340
1634199300,791.65,794.4,790.45,793.25,339999
1634200200,793.1,796.15,793.0,795.35,552954
1634201100,795.4,804.0,795.3,802.4,997147
1634202000,802.4,802.65,799.7,801.1,436765
1634202900,801.15,803.55,800.0,803.1,466663
1634203800,803.0,803.3,800.8,802.9,419529
1634204700,802.85,803.0,800.5,801.0,653155
1634528700,820.0,820.0,805.3,810.5,1583927
1634529600,810.5,810.65,804.6,805.25,658451
1634530500,805.0,806.5,802.05,804.9,559155
1634531400,804.95,805.75,802.7,805.5,287412
1634532300,805.45,807.9,804.45,806.9,588794
1634533200,806.9,807.9,805.0,805.6,307630
1634534100,805.6,806.25,802.45,803.55,272535
1634535000,803.55,804.15,802.75,803.6,153460
1634535900,803.6,806.8,803.25,806.5,272576
1634536800,806.5,807.75,805.75,806.45,247535
1634537700,806.45,808.3,806.0,806.85,232475
1634538600,806.85,814.0,806.7,811.8,671904
1634539500,811.85,813.3,809.8,810.3,492873
1634540400,810.4,815.9,810.2,814.5,412731
1634541300,814.5,815.0,811.0,811.0,345034
1634542200,811.0,812.0,809.95,810.7,208741
1634543100,810.7,811.7,808.0,809.55,392008
1634544000,809.55,811.7,809.15,811.2,205513
1634544900,811.2,813.85,810.65,813.3,193422
1634545800,813.35,816.55,811.6,815.6,347930
1634546700,815.35,816.0,813.7,815.6,412387
1634547600,815.65,819.0,814.2,815.7,491439
1634548500,815.4,815.75,811.1,814.3,318976
1634549400,814.3,814.8,812.5,813.05,430775
1634550300,813.25,815.0,811.55,814.3,686545
1634615100,820.0,827.0,812.65,824.85,1448612
1634616000,824.75,825.6,821.0,821.5,819767
1634616900,821.4,822.5,817.0,817.15,505680
1634617800,817.2,817.2,805.0,808.15,898776
1634618700,808.5,811.55,807.0,808.6,294915
1634619600,808.6,810.9,807.0,809.1,552460
1634620500,809.0,811.65,808.5,811.0,427648
1634621400,811.0,811.2,809.35,809.9,322253
1634622300,809.9,810.95,806.6,809.95,377268
1634623200,809.95,812.55,809.25,812.55,244750
1634624100,812.6,813.2,811.5,813.05,220015
1634625000,813.05,816.0,813.0,815.3,263809
1634625900,815.75,816.9,813.25,813.9,157407
1634626800,814.0,814.0,810.25,810.8,170928
1634627700,810.8,813.6,810.8,812.95,107044
1634628600,813.25,814.0,812.1,813.7,135991
1634629500,813.75,813.75,811.05,812.0,110289
1634630400,812.0,814.0,811.8,813.5,168221
1634631300,813.6,813.9,809.8,810.05,130207
1634632200,810.15,810.15,806.6,807.5,317493
1634633100,807.5,808.8,805.5,808.5,300226
1634634000,808.25,808.85,806.6,807.3,194639
1634634900,807.3,807.7,804.35,806.6,264153
1634635800,806.85,807.4,800.35,800.7,834758
1634636700,800.7,802.15,798.5,800.0,1306789
1634701500,800.6,801.8,792.25,793.65,642321
1634702400,793.45,795.8,792.0,795.0,666887
1634703300,794.9,796.1,794.35,795.8,509149
1634704200,795.55,801.95,795.55,800.0,550943
1634705100,800.0,803.8,799.1,802.35,487178
1634706000,802.45,805.0,801.4,802.95,302052
1634706900,802.75,803.25,801.5,802.65,203972
1634707800,802.7,803.8,801.5,803.3,166537
1634708700,803.05,808.0,802.15,807.9,298600
1634709600,807.95,808.95,804.05,807.1,233540
1634710500,807.0,807.7,803.35,804.95,236344
1634711400,805.35,806.7,803.7,804.2,219513
1634712300,804.0,806.0,803.55,804.4,179767
1634713200,804.5,805.6,804.05,804.5,178625
1634714100,804.5,810.0,804.1,809.3,269933
1634715000,809.3,813.8,808.3,812.8,428753
1634715900,812.8,813.5,809.2,810.0,299218
1634716800,810.35,810.5,806.35,806.85,241040
1634717700,806.9,807.7,805.05,806.9,237167
1634718600,806.95,807.5,804.1,806.45,279661
1634719500,806.7,806.95,801.75,802.3,324784
1634720400,802.4,803.9,802.0,803.2,245887
1634721300,803.15,804.75,802.0,804.6,340587
1634722200,804.6,806.8,803.7,805.0,531854
1634723100,805.0,805.95,803.7,804.15,939606
1634787900,807.95,810.75,804.5,804.65,588204
1634788800,804.8,806.05,802.05,803.5,318968
1634789700,803.5,804.55,802.15,803.0,403334
1634790600,802.9,803.25,801.0,802.7,256070
1634791500,802.65,802.95,801.5,802.35,145571
1634792400,802.35,802.35,799.55,800.5,173287
1634793300,800.5,800.95,797.05,797.15,191280
1634794200,797.05,797.9,795.1,796.5,195468
1634795100,796.75,797.95,795.3,797.95,137115
1634796000,797.95,799.45,797.65,798.2,149441
1634796900,798.2,800.1,798.0,799.75,195177
1634797800,800.0,800.0,797.3,798.25,103161
1634798700,798.25,799.2,796.0,796.0,140835
1634799600,796.0,797.35,795.5,797.0,135455
1634800500,797.15,798.0,795.0,797.75,249613
1634801400,797.55,799.6,795.85,795.85,342127
1634802300,796.0,796.0,792.3,794.75,498725
1634803200,794.75,794.9,793.15,793.85,196332
1634804100,793.85,796.0,793.3,795.9,147379
1634805000,795.9,796.5,794.7,795.25,130030
1634805900,795.35,798.75,794.0,798.2,257663
1634806800,798.0,806.0,797.85,805.7,611878
1634807700,805.7,808.2,804.1,806.2,431877
1634808600,806.3,807.75,802.4,806.7,591004
1634809500,806.6,813.5,806.3,812.3,785190
1634874300,812.0,816.5,810.0,812.7,618515
1634875200,812.7,814.0,810.1,810.7,289183
1634876100,810.65,811.0,806.8,808.0,364909
1634877000,808.25,811.65,807.95,810.5,232571
1634877900,810.25,813.0,808.45,812.5,733199
1634878800,812.4,816.85,810.4,815.7,447895
1634879700,815.75,817.5,813.6,816.8,429525
1634880600,816.75,821.65,816.7,819.5,665221
1634881500,819.6,820.05,815.0,815.4,448223
1634882400,815.5,820.3,813.0,819.6,458259
1634883300,819.6,823.6,818.25,820.3,579005
1634884200,820.3,820.35,817.0,817.35,278860
1634885100,817.4,819.1,816.0,817.85,240462
1634886000,817.8,818.75,815.35,815.5,206941
1634886900,815.45,818.6,815.4,816.25,203120
1634887800,816.2,816.4,812.0,813.5,426533
1634888700,813.2,815.0,810.55,814.3,336937
1634889600,814.3,816.0,812.75,815.2,274394
1634890500,815.2,817.25,815.1,816.7,245530
1634891400,816.75,822.25,815.2,821.15,508285
1634892300,821.15,825.0,816.8,820.5,874514
1634893200,820.85,821.35,817.25,817.85,516679
1634894100,817.85,819.0,816.1,816.8,312264
1634895000,816.9,817.4,814.35,817.3,494477
1634895900,817.1,818.85,817.0,818.0,447367
1635133500,830.1,839.0,825.45,832.75,3774633
1635134400,832.35,836.6,828.25,829.55,1830664
1635135300,829.55,835.45,826.3,830.65,1074705
1635136200,831.25,841.8,830.4,841.8,1445129
1635137100,841.7,847.35,840.5,847.3,1824893
1635138000,847.35,852.0,845.55,850.35,2041158
1635138900,850.0,854.0,847.0,852.85,1283895
1635139800,853.0,855.0,848.15,848.15,877134
1635140700,848.4,849.8,843.0,848.95,964523
1635141600,849.0,850.9,847.6,850.6,601928
1635142500,850.6,860.0,850.55,859.7,1711730
1635143400,859.9,866.9,856.75,858.3,1835048
1635144300,858.25,860.75,853.05,854.05,1252556
1635145200,854.0,857.0,853.1,854.4,486630
1635146100,854.25,858.0,853.4,855.3,410876
1635147000,855.2,857.65,855.0,855.8,337517
1635147900,856.2,859.4,855.0,859.35,433187
1635148800,859.35,860.95,848.0,849.35,897200
1635149700,849.75,851.5,846.25,849.0,1003949
1635150600,849.45,850.5,844.5,845.0,681149
1635151500,845.05,849.85,843.2,847.3,654032
1635152400,847.3,847.8,840.1,843.75,731151
1635153300,843.35,847.65,843.0,847.0,583767
1635154200,846.65,847.4,842.75,844.6,662862
1635155100,844.7,846.45,843.75,845.0,1686150
1635219900,848.4,848.4,836.35,837.25,1499324
1635220800,837.25,840.0,835.2,838.4,735451
1635221700,838.3,840.95,835.8,836.2,501868
1635222600,836.2,838.4,835.5,837.0,351195
1635223500,837.1,839.25,831.15,836.0,737591
1635224400,836.5,837.0,830.0,830.85,436513
1635225300,830.5,830.6,827.25,830.15,529628
1635226200,830.15,832.55,829.3,832.1,309644
1635227100,832.1,832.45,825.3,826.3,585778
1635228000,826.4,828.15,823.5,825.8,582223
1635228900,825.8,828.6,825.7,827.25,384591
1635229800,827.2,836.5,827.15,832.5,769633
1635230700,832.35,833.9,830.05,830.95,445641
1635231600,830.95,833.3,825.0,826.75,659896
1635232500,826.65,829.9,826.0,828.35,457229
1635233400,828.5,833.9,827.0,831.7,447240
1635234300,831.7,837.65,830.85,837.3,602604
1635235200,837.45,842.8,836.75,842.15,719791
1635236100,842.0,842.75,839.55,840.8,609194
1635237000,840.85,844.85,839.2,844.05,612225
1635237900,844.25,851.65,842.0,848.65,997244
1635238800,848.95,849.95,842.45,846.1,863884
1635239700,846.1,846.15,839.95,840.0,569503
1635240600,839.95,844.2,839.9,843.65,817681
1635241500,843.75,844.85,840.2,844.65,1500959
1635306300,840.0,840.8,805.65,811.15,6938376
1635307200,811.15,818.25,805.1,810.4,3386359
1635308100,810.3,814.4,808.9,812.95,2503916
1635309000,812.55,813.2,804.0,807.0,2582562
1635309900,807.1,807.2,799.0,802.65,2367672
1635310800,802.65,803.0,797.6,800.95,1696141
1635311700,800.75,803.0,799.75,800.05,1106816
1635312600,800.1,800.85,799.05,799.25,721467
1635313500,799.25,799.45,795.65,798.9,1016835
1635314400,799.0,801.15,798.65,800.9,1391648
1635315300,800.6,801.0,798.5,798.55,1165024
1635316200,798.7,798.85,795.0,796.9,1371401
1635317100,796.9,799.05,796.6,798.8,578046
1635318000,798.75,799.15,797.5,798.35,579191
1635318900,798.4,799.1,797.35,797.85,606720
1635319800,798.35,799.0,795.15,795.4,643564
1635320700,795.4,796.4,794.2,796.25,631548
1635321600,796.2,797.5,795.05,795.15,569954
1635322500,795.15,796.55,795.05,796.25,421663
1635323400,796.2,796.45,791.1,791.1,711317
1635324300,791.1,792.6,785.65,791.15,2001677
1635325200,791.2,792.65,789.6,791.8,970061
1635326100,791.8,792.5,790.0,790.95,760863
1635327000,791.0,791.25,786.4,786.4,1467834
1635327900,786.4,787.75,785.7,787.35,2996707
1635392700,787.5,789.0,772.3,776.65,2036585
1635393600,776.45,781.85,775.4,778.35,1033136
1635394500,778.5,778.85,772.8,774.8,628837
1635395400,775.0,777.4,774.0,776.9,642699
1635396300,776.75,780.5,776.25,779.55,472316
1635397200,779.7,782.0,777.0,778.35,641959
1635398100,778.4,778.5,771.0,771.95,700039
1635399000,771.65,773.55,767.6,772.6,767663
1635399900,772.6,773.8,771.6,773.45,339842
1635400800,773.5,775.85,773.5,775.25,464269
1635401700,775.25,777.35,774.6,777.0,600173
1635402600,776.95,777.5,775.0,776.15,838454
1635403500,776.15,777.1,771.05,772.4,624671
1635404400,772.2,774.4,772.2,774.0,354531
1635405300,774.0,774.95,773.0,774.65,713727
1635406200,774.7,776.5,773.95,773.95,500818
1635407100,773.95,776.25,772.0,772.3,429347
1635408000,772.4,772.85,770.0,771.1,435871
1635408900,770.85,771.25,764.45,765.6,776482
1635409800,765.6,766.0,763.25,765.65,679585
1635410700,765.8,767.5,765.05,765.45,591638
1635411600,765.6,767.3,762.05,763.05,563763
1635412500,763.1,763.15,757.3,759.65,916232
1635413400,760.0,761.4,757.95,758.7,1781756
1635414300,758.7,760.35,754.65,759.5,1733167
1635479100,762.0,762.0,714.0,745.2,3997767
1635480000,745.35,752.3,740.2,749.4,1711603
1635480900,749.4,753.9,748.1,751.05,1593412
1635481800,751.15,754.8,749.2,754.7,1370523
1635482700,754.7,756.8,753.5,755.0,696563
1635483600,755.0,760.0,754.25,759.05,829723
1635484500,759.0,761.2,757.85,758.85,863716
1635485400,758.85,760.9,749.7,750.45,497362
1635486300,750.45,755.85,750.25,754.9,418882
1635487200,754.95,755.7,750.6,754.7,397213
1635488100,754.7,754.7,750.15,750.5,220757
1635489000,750.6,754.0,750.2,752.7,279986
1635489900,752.7,753.1,748.95,749.9,366389
1635490800,749.9,751.0,747.05,750.1,432100
1635491700,750.1,751.5,748.25,750.6,282724
1635492600,750.6,751.6,746.0,747.0,385099
1635493500,747.1,747.45,743.9,746.7,558181
1635494400,746.6,747.45,744.05,744.5,394567
1635495300,744.75,745.3,740.0,740.0,539484
1635496200,740.1,741.5,739.2,739.5,797991
1635497100,739.55,743.6,738.2,742.65,546188
1635498000,743.0,748.6,742.7,745.0,834948
1635498900,745.05,746.45,743.3,743.8,387768
1635499800,744.0,744.0,739.15,741.15,1502404
1635500700,741.3,746.0,740.0,745.5,1409760
1635738300,755.0,757.8,746.75,750.5,2296571
1635739200,750.95,751.0,748.15,749.4,754510
1635740100,749.15,750.45,747.0,748.7,696038
1635741000,748.7,750.35,743.45,745.3,446121
1635741900,745.25,745.55,740.0,743.4,581679
1635742800,743.4,745.5,742.05,743.15,266186
1635743700,743.2,745.35,740.3,744.7,409837
1635744600,744.7,746.25,743.65,745.9,293912
1635745500,745.9,745.95,744.3,745.2,208679
1635746400,745.2,749.0,745.2,748.25,345327
1635747300,748.35,750.55,748.35,749.9,396696
1635748200,749.9,749.95,748.25,749.45,265043
1635749100,749.5,751.4,749.45,749.7,242730
1635750000,749.7,750.0,748.65,749.5,208403
1635750900,749.5,749.9,747.75,748.3,237720
1635751800,748.25,750.4,747.1,749.9,215868
1635752700,749.95,750.5,749.05,750.3,214771
1635753600,750.25,754.15,750.25,753.95,387410
1635754500,754.0,754.9,752.35,753.4,382604
1635755400,753.4,753.8,750.5,751.0,337818
1635756300,751.0,752.55,751.0,751.95,313940
1635757200,751.95,753.75,750.4,751.45,278553
1635758100,751.5,752.8,750.0,751.5,183646
1635759000,751.55,752.3,750.45,752.0,528403
1635759900,752.05,760.0,751.65,754.65,1117007
1635824700,752.5,758.0,752.25,754.6,931646
1635825600,754.65,755.0,754.0,754.0,423071
1635826500,754.05,754.35,750.8,752.6,468147
1635827400,752.55,753.45,751.0,751.55,267887
1635828300,751.55,752.25,750.0,750.85,309674
1635829200,750.9,750.9,749.0,749.55,391587
1635830100,749.5,750.05,748.7,749.1,225169
1635831000,749.15,751.5,748.05,751.45,292905
1635831900,751.45,752.55,750.4,751.55,318111
1635832800,751.65,752.0,749.35,750.0,240854
1635833700,749.75,751.0,749.2,750.95,231781
1635834600,751.05,756.0,751.0,755.65,805358
1635835500,755.65,755.65,754.65,755.2,399964
1635836400,755.15,757.05,754.25,756.4,520084
1635837300,756.4,756.85,755.0,755.8,375984
1635838200,755.85,761.35,755.25,760.3,734101
1635839100,760.4,760.8,758.05,758.55,407768
1635840000,758.6,759.0,757.0,757.8,282382
1635840900,757.8,758.05,754.55,755.2,569290
1635841800,755.1,755.5,753.1,754.85,491314
1635842700,754.95,756.35,754.5,755.1,403968
1635843600,755.15,756.3,753.5,756.1,892390
1635844500,756.05,757.5,754.9,755.0,437694
1635845400,755.15,756.45,754.3,756.25,553804
1635846300,756.2,757.0,754.1,755.0,792934
1635911100,759.45,760.5,756.45,759.65,1086687
1635912000,759.85,760.8,758.95,760.35,381774
1635912900,760.4,762.65,760.25,761.75,755819
1635913800,761.75,762.45,761.0,762.25,380849
1635914700,762.3,762.5,761.0,761.4,232988
1635915600,761.45,761.7,759.15,760.2,299987
1635916500,760.25,762.0,760.0,761.55,315851
1635917400,761.5,762.0,759.6,759.75,222212
1635918300,759.7,761.05,759.7,760.45,249031
1635919200,760.45,760.5,757.1,758.85,378204
1635920100,758.9,759.25,758.0,758.75,645547
1635921000,758.55,758.6,756.7,757.0,587152
1635921900,757.05,758.0,755.0,757.4,349933
1635922800,757.45,758.3,757.05,757.8,186223
1635923700,757.9,758.2,757.25,757.3,171511
1635924600,757.35,757.6,753.0,753.9,334270
1635925500,754.0,755.85,753.25,754.55,240791
1635926400,754.85,757.25,753.9,757.25,252985
1635927300,757.25,761.75,756.65,758.8,531025
1635928200,758.75,759.8,757.3,757.7,265838
1635929100,757.75,757.9,751.0,752.1,492788
1635930000,752.05,754.0,748.65,752.55,497191
1635930900,752.55,753.9,751.0,752.5,235636
1635931800,752.65,753.3,750.25,750.9,594522
1635932700,750.7,750.75,748.5,749.3,817998
1636029900,757.0,757.05,753.45,753.9,282832
1636030800,754.0,755.4,751.4,753.3,210386
1636031700,753.25,753.9,752.3,752.9,112590
1636032600,752.9,753.7,752.3,753.7,173834
1636343100,761.0,761.0,745.7,749.05,1068092
1636344000,748.8,752.4,746.8,746.85,1328719
1636344900,747.0,748.6,746.0,748.0,240154
1636345800,748.0,748.2,742.3,744.25,383824
1636346700,744.35,746.0,743.35,744.15,260542
1636347600,744.15,746.95,743.15,746.6,291060
1636348500,746.55,747.45,745.4,746.15,216203
1636349400,746.15,747.0,744.8,745.5,237122
1636350300,745.45,745.9,743.7,744.0,280167
1636351200,744.0,744.35,741.5,744.3,292832
1636352100,744.35,745.25,743.6,744.0,431313
1636353000,744.05,747.45,743.95,745.8,470126
1636353900,745.8,746.75,743.55,745.3,706623
1636354800,745.3,745.95,743.85,744.55,845810
1636355700,744.6,747.1,744.5,745.95,811646
1636356600,746.0,748.05,745.5,748.05,772169
1636357500,748.0,749.25,747.15,748.85,506410
1636358400,748.85,749.25,746.6,748.45,237468
1636359300,748.65,749.3,748.0,749.0,292604
1636360200,748.95,750.6,748.9,749.85,371120
1636361100,749.85,751.8,749.0,750.85,317237
1636362000,750.8,754.6,749.6,751.55,635566
1636362900,751.5,751.9,750.2,751.25,532734
1636363800,751.3,752.0,749.65,751.15,949381
1636364700,751.1,753.75,749.9,752.5,1246853
1636429500,750.0,750.0,745.35,748.65,999555
1636430400,748.85,753.4,747.6,750.7,1122048
1636431300,750.7,751.2,746.5,746.8,431452
1636432200,746.65,749.45,746.6,749.0,350555
1636433100,749.05,750.35,748.0,749.0,317342
1636434000,749.1,750.05,748.55,749.8,576182
1636434900,749.85,750.9,748.85,750.6,656526
1636435800,750.6,751.35,749.0,749.25,350586
1636436700,749.1,750.85,748.7,750.75,313891
1636437600,750.8,752.0,750.15,750.95,778974
1636438500,751.1,752.75,750.5,752.55,767219
1636439400,752.2,753.95,752.15,752.8,613794
1636440300,752.8,753.1,748.4,749.45,520821
1636441200,749.7,749.7,748.65,749.0,154790
1636442100,749.0,749.4,747.5,748.4,197084
1636443000,748.35,748.9,746.8,747.9,210112
1636443900,747.9,748.15,747.0,747.3,146993
1636444800,747.25,749.5,743.35,745.05,502297
1636445700,745.15,745.8,744.5,745.05,292759
1636446600,745.05,745.95,744.0,744.3,249447
1636447500,744.4,745.85,744.15,745.45,308680
1636448400,745.2,745.8,744.65,745.0,321575
1636449300,745.05,745.6,743.4,744.15,283214
1636450200,743.85,745.0,743.6,744.5,625502
1636451100,744.5,747.0,744.1,745.7,984930
1636515900,742.7,743.0,732.0,741.6,1195071
1636516800,741.75,742.5,740.05,740.2,494703
1636517700,740.25,740.5,738.45,740.35,335859
1636518600,740.35,742.8,739.95,742.25,322640
1636519500,742.2,746.0,741.65,745.05,748673
1636520400,745.05,745.25,744.0,744.8,397166
1636521300,744.8,747.3,744.75,747.0,415251
1636522200,747.1,749.5,747.0,748.0,1020727
1636523100,748.0,749.0,747.05,747.6,334126
1636524000,747.55,749.0,747.5,748.75,350608
1636524900,748.75,749.3,747.5,747.85,288158
1636525800,747.9,748.25,747.55,748.05,117306
1636526700,748.1,749.15,747.8,748.45,316041
1636527600,748.5,749.2,748.45,749.15,125676
1636528500,749.2,750.3,748.6,748.7,275789
1636529400,748.75,750.2,748.7,749.8,152860
1636530300,750.0,750.25,748.7,749.8,130362
1636531200,749.8,752.4,749.5,751.35,389971
1636532100,751.6,752.9,751.0,752.2,250483
1636533000,752.15,753.35,750.65,750.85,332382
1636533900,750.65,751.25,749.2,749.9,256395
1636534800,749.9,750.1,747.0,747.45,313039
1636535700,747.45,748.5,746.3,748.0,774909
1636536600,748.0,749.7,747.8,749.1,527796
1636537500,749.25,750.5,748.45,750.0,954513
1636602300,748.0,748.0,741.1,742.8,686399
1636603200,742.65,745.2,741.5,745.05,433486
1636604100,745.15,745.15,743.05,743.7,196683
1636605000,743.45,745.0,743.05,744.7,181527
1636605900,744.5,745.7,743.5,744.2,248914
1636606800,744.2,745.25,743.55,745.05,177865
1636607700,745.05,745.4,744.05,744.8,214555
1636608600,744.8,745.3,743.0,743.2,120584
1636609500,743.15,743.9,743.0,743.3,125326
1636610400,743.3,743.3,740.0,741.55,264034
1636611300,741.6,742.5,740.0,742.25,230262
1636612200,742.25,742.85,739.0,739.2,204857
1636613100,739.2,739.6,738.2,738.95,188322
1636614000,739.05,739.6,737.5,738.0,230156
1636614900,738.05,739.25,738.0,739.25,126262
1636615800,739.1,740.6,738.8,740.4,229521
1636616700,740.4,741.05,739.4,740.95,233137
1636617600,741.0,741.8,739.35,740.0,228644
1636618500,740.0,740.3,738.3,738.75,212960
1636619400,738.7,739.5,737.0,737.05,174239
1636620300,737.4,738.55,735.1,738.4,289522
1636621200,738.3,739.7,738.0,739.0,183322
1636622100,739.0,739.8,738.05,739.15,181897
1636623000,739.15,739.95,737.7,737.9,307485
1636623900,737.9,738.45,737.0,737.5,508984
1636688700,742.8,742.8,737.0,739.5,797255
1636689600,739.75,740.5,738.2,738.45,199508
1636690500,738.3,740.3,738.3,740.1,209389
1636691400,740.1,740.5,739.4,740.0,233677
1636692300,740.05,740.2,737.55,739.4,220563
1636693200,739.45,739.95,736.5,737.1,380376
1636694100,737.25,737.5,734.5,734.95,216770
1636695000,734.9,735.9,733.5,734.7,144211
1636695900,734.6,736.4,734.15,735.7,157622
1636696800,735.7,736.8,735.2,736.2,83762
1636697700,736.25,736.5,735.0,736.0,60861
1636698600,736.0,736.7,734.8,735.05,170436
1636699500,735.0,736.05,734.65,735.5,98971
1636700400,735.55,735.7,735.0,735.0,107195
1636701300,735.05,736.35,734.05,734.05,226878
1636702200,734.1,734.8,733.65,734.5,169021
1636703100,734.25,735.95,734.25,735.95,283548
1636704000,736.1,736.75,734.6,736.1,1083479
1636704900,735.8,736.7,735.6,736.05,447510
1636705800,736.15,737.75,736.05,737.6,233222
1636706700,737.7,738.4,737.05,737.6,660857
1636707600,737.5,737.95,736.15,737.4,428387
1636708500,737.45,739.0,736.55,738.7,696238
1636709400,738.7,739.0,735.7,735.9,871266
1636710300,735.9,736.05,734.65,735.0,1172617
1636947900,738.0,744.0,738.0,741.25,1017004
1636948800,741.1,741.6,739.25,740.05,523339
1636949700,740.0,741.25,739.1,740.2,321848
1636950600,740.2,740.35,738.6,739.15,446395
1636951500,739.15,739.6,735.75,737.5,622142
1636952400,737.5,739.0,736.55,737.75,388261
1636953300,737.85,738.0,736.15,737.2,228438
1636954200,737.0,737.15,734.5,734.95,252458
1636955100,735.0,736.65,734.4,735.75,364187
1636956000,735.7,736.05,732.25,732.75,524940
1636956900,732.65,732.65,729.5,730.95,1193720
1636957800,731.05,731.6,730.3,730.5,389762
1636958700,730.5,731.15,729.75,730.05,421675
1636959600,730.0,731.95,729.85,730.9,351171
1636960500,730.9,732.9,730.5,731.3,390183
1636961400,731.25,731.55,728.0,729.3,461287
1636962300,729.3,730.5,729.0,729.35,246890
1636963200,729.35,730.7,729.05,729.9,264147
1636964100,729.9,731.25,729.5,730.5,888314
1636965000,730.5,732.2,730.35,732.0,439186
1636965900,731.95,734.05,731.5,733.4,440345
1636966800,733.4,733.55,731.3,732.05,391682
1636967700,732.05,732.8,731.2,732.35,361523
1636968600,732.3,733.7,732.25,733.25,764529
1636969500,733.25,734.2,731.25,732.2,1124629
1637034300,733.25,733.3,727.55,730.7,978148
1637035200,730.7,730.95,729.2,729.75,557416
1637036100,729.7,730.05,729.0,729.95,340975
1637037000,730.0,730.8,729.8,730.5,235597
1637037900,730.5,730.9,730.2,730.55,231567
1637038800,730.55,730.55,729.9,730.5,249355
1637039700,730.55,730.55,730.05,730.4,135764
1637040600,730.4,730.4,729.35,730.0,283115
1637041500,729.95,730.2,729.05,730.0,346062
1637042400,729.95,730.05,729.35,730.0,152510
1637043300,730.0,730.1,729.15,729.4,130176
1637044200,729.35,730.2,729.05,729.8,341624
1637045100,729.65,730.0,726.6,726.6,382478
1637046000,726.8,727.7,726.6,727.1,241892
1637046900,727.15,727.25,726.05,726.2,237674
1637047800,726.15,728.25,726.15,728.1,631502
1637048700,728.05,728.5,727.3,727.6,548528
1637049600,727.6,728.0,727.25,727.55,157606
1637050500,727.65,727.95,727.15,727.75,141523
1637051400,727.75,727.8,726.2,726.5,153275
1637052300,726.5,726.5,721.6,721.85,474524
1637053200,721.95,725.4,721.3,725.05,352942
1637054100,725.05,726.05,724.45,725.9,272235
1637055000,725.85,727.95,725.8,725.9,676127
1637055900,726.0,726.2,723.2,723.45,711175
1637120700,721.0,721.5,715.6,719.8,1130554
1637121600,720.0,722.7,719.65,722.1,1749852
1637122500,721.6,724.4,706.75,718.4,4205286
1637123400,718.1,723.45,718.05,720.65,1054759
1637124300,721.0,722.2,719.1,721.8,494688
1637125200,721.6,724.9,721.0,722.7,760605
1637126100,722.75,724.25,721.55,722.1,762102
1637127000,722.05,722.95,721.7,722.2,249281
1637127900,722.2,722.25,719.65,719.75,794447
1637128800,719.7,719.85,717.0,718.1,302079
1637129700,718.1,718.55,716.35,717.0,296542
1637130600,717.0,718.1,713.8,715.85,597008
1637131500,715.85,716.7,714.05,715.0,532919
1637132400,715.0,716.4,714.25,714.6,418641
1637133300,714.7,715.0,711.8,713.2,382946
1637134200,713.2,714.65,712.2,714.35,286397
1637135100,714.6,715.55,713.3,715.45,465274
1637136000,715.45,716.0,714.4,715.4,337116
1637136900,715.4,717.35,715.35,715.95,327228
1637137800,715.95,717.3,714.85,715.4,576749
1637138700,715.3,717.25,714.65,714.65,221350
1637139600,714.65,715.95,714.6,715.0,159689
1637140500,715.0,715.3,713.2,713.9,273745
1637141400,713.9,714.5,711.3,711.35,712573
1637142300,711.35,713.15,711.15,711.95,972291
1637207100,715.0,716.0,707.0,707.4,1849950
1637208000,707.3,710.3,706.35,709.1,780064
1637208900,709.0,711.1,707.35,710.0,802008
1637209800,710.0,710.35,706.35,706.6,710062
1637210700,706.45,707.95,705.8,707.0,700662
1637211600,707.1,708.45,704.2,705.0,728065
1637212500,705.05,707.7,703.0,706.95,474725
1637213400,706.95,708.45,706.3,707.65,305444
1637214300,707.65,707.95,706.4,707.0,230784
1637215200,706.9,707.7,703.95,703.95,323683
1637216100,703.75,705.2,703.2,705.2,326520
1637217000,704.95,705.9,703.5,703.7,241473
1637217900,703.7,704.4,702.2,704.3,323852
1637218800,704.3,704.8,702.5,704.2,243895
1637219700,704.15,706.0,704.15,705.4,309770
1637220600,705.3,706.3,703.4,705.6,310868
1637221500,705.65,707.65,705.05,706.05,277364
1637222400,706.1,707.0,704.5,705.15,867256
1637223300,705.1,706.8,704.8,706.25,343658
1637224200,706.2,706.45,704.2,705.6,289483
1637225100,705.6,706.15,703.25,703.8,329029
1637226000,703.8,704.2,701.9,703.7,428259
1637226900,703.7,709.0,703.1,708.85,583182
1637227800,708.6,709.7,705.35,706.6,774298
1637228700,706.65,706.8,705.0,706.0,882939
1637552700,713.0,713.0,700.2,700.65,1678528
1637553600,700.65,702.5,700.5,701.1,848393
1637554500,701.1,701.4,697.55,697.9,1217761
1637555400,697.9,697.9,695.2,696.5,675770
1637556300,696.5,697.5,695.5,695.95,336325
1637557200,696.0,696.3,693.0,694.25,571608
1637558100,694.3,696.45,693.55,695.0,508197
1637559000,695.0,696.1,691.5,691.9,391978
1637559900,691.8,695.35,691.8,694.1,394071
1637560800,694.05,694.25,691.15,692.2,305021
1637561700,692.2,692.75,690.15,690.5,465658
1637562600,690.55,691.2,684.2,685.65,650887
1637563500,685.7,686.65,684.9,685.85,421448
1637564400,685.85,687.3,685.05,686.6,323457
1637565300,686.6,688.5,686.45,687.4,422039
1637566200,687.4,688.25,687.0,687.55,483109
1637567100,687.55,687.6,680.65,680.65,609844
1637568000,680.95,684.4,679.6,681.95,583009
1637568900,682.25,684.45,681.85,683.45,514796
1637569800,683.5,686.0,683.4,684.45,472657
1637570700,684.45,684.65,679.35,679.35,975887
1637571600,679.6,683.25,677.4,682.6,886908
1637572500,682.6,683.5,681.1,683.25,691947
1637573400,683.25,687.0,683.15,686.1,1042964
1637574300,686.15,688.75,686.1,688.75,1227271
1637639100,681.0,686.8,677.35,685.8,1226860
1637640000,686.65,688.25,684.8,687.0,1303680
1637640900,687.0,691.3,686.9,691.25,1002295
1637641800,691.3,692.65,688.7,689.1,1429010
1637642700,689.0,691.65,688.25,691.65,756992
1637643600,691.65,692.25,691.0,692.1,609710
1637644500,692.1,692.15,687.75,688.25,606157
1637645400,688.3,689.7,688.0,688.75,391307
1637646300,688.6,688.9,685.65,688.75,403947
1637647200,688.7,689.5,688.0,688.85,464697
1637648100,688.85,689.25,688.3,688.95,276980
1637649000,688.9,691.05,688.85,689.55,580848
1637649900,689.55,689.55,686.6,687.2,344465
1637650800,687.1,687.7,685.6,686.15,212787
1637651700,686.15,686.65,685.1,686.45,295660
1637652600,686.45,686.45,685.25,685.8,235785
1637653500,685.8,687.5,685.55,687.0,431791
1637654400,687.0,689.45,686.9,689.2,831456
1637655300,689.1,690.2,688.25,689.4,848080
1637656200,689.4,689.4,686.5,688.8,392126
1637657100,688.8,690.55,687.05,687.35,701665
1637658000,687.45,688.65,686.2,687.55,625636
1637658900,687.6,689.9,686.1,686.35,873839
1637659800,686.55,687.15,685.0,686.0,1031950
1637660700,686.05,686.5,684.0,684.05,676174
1637725500,690.0,691.0,687.2,689.85,837704
1637726400,689.85,690.9,689.15,690.05,694767
1637727300,689.9,691.75,689.3,691.1,372545
1637728200,691.1,691.55,689.35,690.25,528876
1637729100,690.05,692.85,689.85,692.25,413716
1637730000,692.2,695.1,691.85,693.55,547749
1637730900,693.65,695.05,693.05,693.9,394592
1637731800,693.8,694.0,692.0,693.15,212163
1637732700,693.15,693.25,690.45,690.9,241975
1637733600,690.95,691.15,689.5,690.85,774104
1637734500,690.85,691.7,690.2,691.45,276911
1637735400,691.55,692.5,691.1,692.4,413582
1637736300,692.4,692.95,691.5,692.35,430923
1637737200,692.35,692.85,691.7,692.15,365450
1637738100,692.15,692.85,691.35,692.0,320554
1637739000,692.0,692.25,691.05,691.5,243123
1637739900,691.65,692.65,691.3,692.05,334250
1637740800,692.15,692.5,690.5,691.6,313195
1637741700,691.6,691.7,688.5,689.2,954334
1637742600,689.2,689.95,688.15,688.9,415347
1637743500,688.85,688.85,686.85,687.5,339167
1637744400,687.55,688.0,687.0,687.15,275671
1637745300,687.15,688.0,685.1,685.55,406136
1637746200,685.8,686.8,684.3,684.6,461144
1637747100,684.65,686.05,682.05,683.1,864186
1637811900,686.0,687.0,680.5,682.05,1044249
1637812800,682.0,684.65,681.5,682.95,389675
1637813700,682.9,683.05,680.1,681.25,559651
1637814600,681.1,681.45,680.35,680.45,506772
1637815500,680.45,681.0,676.55,677.6,487088
1637816400,677.6,680.45,677.05,679.5,356655
1637817300,679.5,679.9,678.1,679.05,206254
1637818200,679.05,682.2,679.05,681.45,552089
1637819100,681.5,682.0,680.1,680.7,259330
1637820000,680.65,681.5,677.55,679.0,242603
1637820900,679.1,680.15,678.65,680.0,291294
1637821800,680.0,681.45,679.8,680.75,429418
1637822700,681.05,682.1,678.85,679.35,330133
1637823600,679.4,680.35,678.1,678.4,283978
1637824500,678.35,679.85,677.8,678.35,263508
1637825400,678.35,680.9,678.3,680.9,268229
1637826300,680.65,681.2,679.3,680.4,233738
1637827200,680.4,681.0,679.0,679.4,158646
1637828100,679.4,680.6,678.75,679.1,162520
1637829000,679.05,680.6,678.55,678.95,234193
1637829900,678.9,681.8,678.9,680.3,316036
1637830800,680.4,681.05,679.3,681.0,303248
1637831700,681.0,681.9,680.55,681.6,436537
1637832600,681.8,682.25,679.0,680.0,713509
1637833500,680.0,680.25,679.0,679.75,682764
1637898300,669.0,673.35,668.0,671.1,995083
1637899200,671.0,674.9,669.6,674.1,611622
1637900100,674.0,674.45,669.7,670.5,530969
1637901000,670.65,672.35,670.0,671.3,349364
1637901900,671.2,671.95,667.05,668.55,797184
1637902800,668.5,668.75,663.7,664.75,553624
1637903700,664.8,665.65,663.8,664.25,267097
1637904600,664.35,667.45,664.1,667.1,447967
1637905500,667.1,668.15,665.0,667.5,378887
1637906400,667.5,669.0,667.0,668.2,202945
1637907300,668.2,669.2,667.25,668.0,155463
1637908200,668.0,668.5,666.65,667.85,305990
1637909100,667.85,668.8,665.5,666.6,288085
1637910000,666.9,668.2,665.65,667.65,197104
1637910900,667.65,669.05,667.25,667.45,221825
1637911800,667.4,669.2,667.05,667.95,182122
1637912700,668.0,668.4,666.9,667.4,140076
1637913600,667.4,668.0,663.2,665.0,556207
1637914500,665.0,665.4,661.6,663.4,414640
1637915400,663.4,666.45,663.0,666.05,360943
1637916300,666.05,668.0,665.45,667.35,321091
1637917200,667.25,667.5,663.65,666.2,262016
1637918100,666.2,666.2,663.0,663.1,220324
1637919000,663.45,663.5,660.45,661.0,679394
1637919900,661.05,663.9,660.5,661.0,756509
1638157500,665.05,665.45,650.05,657.65,1431571
1638158400,658.0,662.6,656.6,658.75,845015
1638159300,658.55,661.0,656.6,658.15,707588
1638160200,657.95,661.0,657.3,659.8,758273
1638161100,659.45,659.8,654.5,657.0,271842
1638162000,656.9,657.4,653.0,653.65,230794
1638162900,653.5,654.15,651.1,653.7,710285
1638163800,653.7,657.3,653.45,656.9,485683
1638164700,657.05,657.7,656.05,657.0,613314
1638165600,657.25,657.85,656.25,657.1,829189
1638166500,657.1,657.75,655.25,656.05,421404
1638167400,656.15,660.35,655.5,658.5,337307
1638168300,658.5,659.5,656.95,658.5,705730
1638169200,658.5,658.8,656.2,656.55,132307
1638170100,656.55,657.7,653.0,653.0,180068
1638171000,653.1,654.5,652.1,653.65,151576
1638171900,653.25,657.4,653.25,656.6,197576
1638172800,656.55,657.9,653.75,657.0,227227
1638173700,657.05,658.45,656.7,657.3,187642
1638174600,657.3,660.45,656.0,657.25,318780
1638175500,657.3,657.7,653.25,653.35,292705
1638176400,653.45,654.85,652.5,653.8,230037
1638177300,653.8,655.5,653.5,654.6,226233
1638178200,654.85,655.0,650.3,651.15,835353
1638179100,651.15,652.15,649.35,649.8,723531
1638243900,648.0,668.35,648.0,666.1,3565854
1638244800,666.1,669.25,664.25,665.0,812783
1638245700,665.0,667.4,664.6,667.3,515853
1638246600,667.3,671.35,667.05,670.65,1156121
1638247500,670.65,675.95,668.7,674.5,1111900
1638248400,674.4,677.45,672.25,672.95,975013
1638249300,672.6,673.15,668.95,669.65,635436
1638250200,669.55,669.55,664.55,664.75,702158
1638251100,664.6,666.1,662.0,664.1,746043
1638252000,664.0,665.4,658.15,663.7,989907
1638252900,663.9,665.0,660.6,663.5,427926
1638253800,663.5,663.8,660.25,662.6,270786
1638254700,662.6,663.8,661.0,661.6,386531
1638255600,661.6,667.15,661.0,666.0,1427665
1638256500,666.0,668.0,663.65,664.45,812819
1638257400,664.4,664.8,662.25,662.85,279699
1638258300,662.8,664.35,662.1,664.35,253402
1638259200,664.45,666.0,663.75,664.4,318184
1638260100,664.45,667.0,663.1,666.1,327685
1638261000,666.05,666.6,663.5,665.1,567006
1638261900,665.1,665.85,663.55,665.55,345276
1638262800,665.55,665.55,661.65,662.25,361462
1638263700,662.25,664.9,661.95,664.0,418591
1638264600,664.0,664.0,656.7,656.75,3187263
1638265500,656.75,656.75,648.0,651.95,4039203
1638330300,664.9,669.5,660.0,668.75,1871515
1638331200,668.9,669.2,664.5,664.6,565417
1638332100,664.8,665.85,662.5,663.65,437875
1638333000,663.45,666.0,663.1,663.25,350651
1638333900,663.25,666.95,663.2,666.9,326532
1638334800,667.0,673.6,667.0,672.05,1137712
1638335700,672.0,676.45,671.1,674.8,760997
1638336600,675.05,677.0,674.15,676.9,457193
1638337500,676.9,679.2,675.5,678.35,1002130
1638338400,678.45,678.5,676.15,676.85,447610
1638339300,677.0,679.9,676.7,679.85,546516
1638340200,679.85,680.9,677.65,677.85,987135
1638341100,677.85,678.1,676.45,677.0,384785
1638342000,677.0,678.3,674.7,677.0,513062
1638342900,676.8,680.3,676.2,678.95,1179742
1638343800,679.0,680.0,678.75,679.95,309558
1638344700,680.0,680.1,677.6,678.9,345102
1638345600,678.9,680.5,676.6,677.65,485088
1638346500,677.65,679.2,676.6,678.7,392470
1638347400,678.7,679.0,676.6,677.4,310540
1638348300,677.3,680.4,674.4,679.7,655106
1638349200,679.7,680.1,678.3,679.75,327872
1638350100,679.8,681.4,679.0,680.0,473339
1638351000,680.0,680.95,679.4,680.15,670265
1638351900,680.2,680.2,678.1,680.0,1171613
1638416700,675.0,678.8,672.5,674.75,991405
1638417600,674.75,677.7,674.0,674.2,405454
1638418500,674.35,675.6,672.9,672.9,351879
1638419400,672.9,673.6,670.55,673.3,499044
1638420300,673.3,675.2,673.2,673.85,631574
1638421200,673.85,675.75,673.75,675.2,299973
1638422100,675.2,675.5,673.1,673.65,324357
1638423000,673.7,673.7,671.65,672.25,196810
1638423900,672.25,674.3,672.25,673.4,179826
1638424800,673.4,673.95,672.1,672.4,154941
1638425700,672.4,672.85,670.0,670.35,322497
1638426600,670.35,671.5,669.3,670.35,264359
1638427500,670.35,670.85,669.4,670.4,254788
1638428400,670.45,671.25,669.6,670.85,184291
1638429300,671.05,671.1,669.75,670.6,171648
1638430200,670.6,671.0,668.6,670.0,225380
1638431100,669.8,669.95,668.1,668.45,214669
1638432000,668.45,670.8,668.05,670.4,221501
1638432900,670.35,671.75,669.4,670.0,226246
1638433800,669.95,670.45,669.2,670.2,182461
1638434700,670.2,671.9,670.2,671.85,240838
1638435600,672.0,673.9,671.35,672.65,328974
1638436500,672.6,673.5,672.2,673.15,235900
1638437400,673.15,675.9,673.15,675.8,679283
1638438300,675.85,678.0,675.55,676.45,788408
1638503100,679.1,687.35,676.2,685.65,1462707
1638504000,685.65,687.0,682.0,683.45,665222
1638504900,683.5,684.25,679.45,679.95,820957
1638505800,679.8,681.55,679.2,680.45,367152
1638506700,680.5,680.95,677.7,680.7,389288
1638507600,680.85,681.25,679.0,679.95,209505
1638508500,679.95,681.4,679.9,680.85,258271
1638509400,680.85,681.9,680.1,681.4,215326
1638510300,681.35,681.9,679.4,680.65,265847
1638511200,680.65,680.75,679.25,680.4,157498
1638512100,680.4,681.0,678.5,678.65,160144
1638513000,678.65,679.0,678.0,678.85,166218
1638513900,678.85,679.85,678.4,679.1,166699
1638514800,679.1,679.1,675.6,676.0,333614
1638515700,675.8,677.75,675.1,677.7,226501
1638516600,677.75,678.55,676.15,676.6,209568
1638517500,676.6,678.1,675.4,675.95,203248
1638518400,675.9,676.5,673.5,674.3,462942
1638519300,674.45,676.65,673.5,675.85,228172
1638520200,676.0,676.05,674.4,674.55,279986
1638521100,674.5,675.35,673.5,673.8,311877
1638522000,673.8,674.5,671.15,672.75,327570
1638522900,672.65,674.2,671.55,673.6,255473
1638523800,673.6,674.1,671.0,673.55,624266
1638524700,673.6,674.8,671.6,672.75,697706
1638762300,674.0,675.85,667.5,670.4,832513
1638763200,670.55,671.4,668.1,671.25,585953
1638764100,671.25,672.9,671.25,672.05,326820
1638765000,672.1,675.35,671.95,674.7,395138
1638765900,674.7,674.8,673.6,674.8,298986
1638766800,674.8,678.75,674.45,677.15,504490
1638767700,677.35,677.4,674.0,674.05,242805
1638768600,674.2,674.95,673.0,674.35,221589
1638769500,674.3,676.55,674.1,674.3,446407
1638770400,674.35,675.3,674.1,674.95,169030
1638771300,675.0,675.35,674.3,674.9,188783
1638772200,675.15,675.45,673.3,673.4,165140
1638773100,673.4,673.4,670.2,671.3,291706
1638774000,671.25,671.7,670.7,671.7,140540
1638774900,671.7,672.3,671.2,671.35,152900
1638775800,671.3,672.15,670.8,670.8,218009
1638776700,670.85,670.85,669.5,670.05,199278
1638777600,670.1,670.55,669.45,670.0,154748
1638778500,670.0,670.85,669.5,670.05,110828
1638779400,670.1,670.25,668.0,668.1,182092
1638780300,668.15,668.9,667.15,667.55,227670
1638781200,667.65,667.95,661.3,662.55,557424
1638782100,662.55,664.7,661.15,663.55,318943
1638783000,663.55,664.0,662.3,662.65,418332
1638783900,662.65,663.7,662.45,663.0,651879
1638848700,672.0,676.2,670.0,674.1,1436115
1638849600,674.05,679.0,673.8,678.45,665899
1638850500,678.4,680.8,677.65,679.9,923618
1638851400,680.05,681.0,678.4,679.15,463340
1638852300,679.15,680.0,679.1,679.3,351421
1638853200,679.2,680.35,679.2,679.9,405221
1638854100,679.8,682.8,679.55,680.85,666477
1638855000,680.95,681.9,679.2,681.5,761005
1638855900,681.5,684.4,681.15,683.9,662246
1638856800,683.75,683.9,681.75,682.8,278371
1638857700,682.6,682.85,682.2,682.5,176896
1638858600,682.5,682.8,682.2,682.5,238007
1638859500,682.5,683.7,681.55,682.0,307076
1638860400,682.0,682.85,681.05,682.15,232232
1638861300,682.15,682.55,680.15,682.45,406074
1638862200,682.45,685.6,681.55,684.5,1098674
1638863100,684.75,688.7,684.25,688.0,917653
1638864000,687.95,688.5,686.5,688.25,514503
1638864900,688.35,689.3,687.95,688.9,368600
1638865800,688.85,689.0,687.0,688.65,282145
1638866700,688.65,691.0,688.6,689.85,529117
1638867600,690.0,690.3,688.6,688.95,528911
1638868500,688.95,691.55,688.35,689.55,740000
1638869400,689.35,689.55,686.0,686.0,1172640
1638870300,686.3,687.8,686.0,686.9,979833
1638935100,695.0,695.9,690.65,691.65,1211690
1638936000,691.9,696.0,689.4,695.85,737380
1638936900,695.7,697.25,693.5,693.5,1000715
1638937800,693.55,696.4,692.2,694.3,514644
1638938700,694.05,695.0,687.65,691.0,511632
1638939600,691.0,693.85,690.6,691.9,262024
1638940500,691.6,692.8,690.65,692.8,164796
1638941400,692.8,693.8,692.05,692.55,209018
1638942300,692.45,694.45,692.1,693.75,216852
1638943200,693.6,693.75,691.0,691.4,225145
1638944100,691.2,693.5,690.65,693.2,170915
1638945000,693.0,693.05,691.5,692.65,154060
1638945900,692.6,694.6,692.35,693.15,350458
1638946800,693.05,694.35,691.75,691.85,288765
1638947700,691.85,692.75,689.65,692.45,320387
1638948600,692.15,693.0,691.65,692.35,148393
1638949500,692.3,694.45,692.3,694.1,303254
1638950400,694.15,700.0,693.3,698.0,1563040
1638951300,698.0,701.55,697.35,701.0,573895
1638952200,701.0,701.1,696.0,698.3,465567
1638953100,698.25,698.45,696.45,697.1,295688
1638954000,697.1,699.65,696.65,697.35,283486
1638954900,697.55,697.8,696.05,696.95,283347
1638955800,696.95,699.5,696.8,697.1,667047
1638956700,697.1,697.15,695.2,695.9,684858
1639021500,698.15,699.9,692.5,692.8,784435
1639022400,692.3,694.85,690.7,692.0,332435
1639023300,691.9,692.0,690.3,690.65,213035
1639024200,690.65,692.3,689.5,689.9,273862
1639025100,689.85,690.8,688.0,688.45,265941
1639026000,688.4,690.6,688.0,690.5,271152
1639026900,690.65,691.75,690.0,691.3,197086
1639027800,691.35,691.95,689.2,689.85,143786
1639028700,689.6,691.0,689.0,690.25,122653
1639029600,690.2,690.55,689.1,690.0,100043
1639030500,690.05,690.75,689.0,690.75,121801
1639031400,690.75,692.9,690.5,692.8,197529
1639032300,692.65,693.7,692.1,693.0,271597
1639033200,693.25,694.9,693.0,694.75,436326
1639034100,694.9,696.4,694.5,696.35,291328
1639035000,696.4,697.5,696.0,697.45,288601
1639035900,697.5,697.75,695.0,697.0,176180
1639036800,697.0,697.0,693.5,693.65,212014
1639037700,693.8,695.1,692.8,694.6,201749
1639038600,694.6,695.1,693.15,693.75,201249
1639039500,693.55,693.85,691.5,692.6,379607
1639040400,692.5,694.45,691.6,693.7,277989
1639041300,693.7,696.2,693.15,695.1,280680
1639042200,695.35,696.3,694.05,694.75,407984
1639043100,694.6,695.3,690.3,692.05,559865
1639107900,690.1,691.95,685.0,690.95,901616
1639108800,691.0,691.2,687.2,687.85,362278
1639109700,687.7,690.6,686.75,688.35,230563
1639110600,688.2,689.1,687.5,687.85,116974
1639111500,687.75,688.8,687.0,688.0,124060
1639112400,688.0,689.0,687.85,688.6,114746
1639113300,688.6,689.7,687.05,688.4,137341
1639114200,688.65,688.8,687.0,687.2,101600
1639115100,687.05,688.0,686.1,686.5,141051
1639116000,686.5,687.5,686.45,686.6,72535
1639116900,686.6,687.75,686.3,687.2,134277
1639117800,687.35,687.45,686.2,686.75,130213
1639118700,686.75,687.55,686.4,687.1,146422
1639119600,687.1,687.7,685.8,686.05,112971
1639120500,686.1,686.35,685.0,686.05,191998
1639121400,686.05,686.1,683.75,685.25,170343
1639122300,685.25,685.25,684.0,684.2,90846
1639123200,684.25,686.1,684.0,685.45,111653
1639124100,685.45,685.45,683.8,684.85,128773
1639125000,684.85,685.9,684.5,685.4,109631
1639125900,685.5,685.6,684.35,685.5,172425
1639126800,685.45,687.4,685.0,687.0,179306
1639127700,687.0,688.05,687.0,687.2,179664
1639128600,687.4,688.75,687.3,687.95,390755
1639129500,687.95,689.15,686.4,687.5,970285
1639367100,699.0,703.35,693.1,702.0,1215835
1639368000,702.1,706.4,701.25,706.0,839159
1639368900,706.35,707.7,705.0,706.5,616243
1639369800,706.3,706.5,704.25,705.15,324434
1639370700,705.15,706.4,703.8,706.3,394526
1639371600,706.3,706.3,704.0,704.3,220706
1639372500,704.3,705.5,703.0,704.4,213880
1639373400,704.4,708.0,704.1,707.8,425294
1639374300,707.8,709.55,706.7,709.4,529513
1639375200,709.4,710.5,707.65,710.3,517916
1639376100,710.5,711.3,708.0,708.3,742940
1639377000,708.3,711.9,708.15,710.0,520593
1639377900,710.05,711.5,706.1,706.45,812471
1639378800,706.45,708.7,706.3,707.5,456260
1639379700,707.65,707.65,704.0,704.35,573862
1639380600,704.4,705.95,703.55,705.35,507271
1639381500,705.4,707.4,705.0,705.7,443769
1639382400,705.8,707.25,705.35,705.65,328858
1639383300,705.7,706.0,701.1,701.65,636609
1639384200,701.75,702.95,700.15,701.65,413445
1639385100,701.55,704.5,701.25,703.05,370300
1639386000,703.0,704.9,702.65,703.55,301605
1639386900,703.55,707.0,703.0,705.35,364697
1639387800,705.35,705.5,702.75,703.8,682589
1639388700,704.0,705.05,703.4,704.5,1122012
1639453500,701.0,706.65,697.6,705.05,895692
1639454400,705.45,706.9,702.0,703.4,407966
1639455300,703.45,705.35,703.25,704.6,193593
1639456200,704.6,704.7,701.4,702.5,181083
1639457100,702.4,702.4,700.2,701.1,233354
1639458000,701.35,701.95,700.0,700.75,90213
1639458900,700.75,702.3,700.5,702.15,118342
1639459800,702.2,703.55,701.15,703.4,116000
1639460700,703.4,707.4,703.0,705.85,288375
1639461600,705.75,706.2,703.2,703.8,175121
1639462500,703.75,708.8,703.3,707.6,251670
1639463400,707.5,709.5,706.5,707.85,307990
1639464300,707.95,708.2,706.1,706.75,252732
1639465200,706.75,708.0,706.0,707.8,154313
1639466100,707.65,707.8,706.5,707.45,114177
1639467000,707.5,710.3,706.8,709.4,318768
1639467900,709.35,709.6,707.05,709.45,209990
1639468800,709.45,711.0,709.25,709.65,508294
1639469700,709.9,710.15,706.15,706.55,320083
1639470600,706.55,707.75,706.2,706.95,202933
1639471500,706.9,707.65,706.35,707.05,307045
1639472400,707.05,708.85,706.35,708.05,322926
1639473300,708.25,709.9,707.4,708.55,198951
1639474200,708.6,710.4,708.6,709.5,920835
1639475100,709.45,714.0,709.4,712.85,1490769
1639539900,712.4,717.0,712.25,714.0,968171
1639540800,714.15,715.0,710.2,711.0,476307
1639541700,711.25,711.3,708.0,709.7,477142
1639542600,709.7,711.8,707.55,711.7,240926
1639543500,711.9,715.4,710.65,715.0,494853
1639544400,715.15,715.5,712.4,715.0,255600
1639545300,715.0,718.35,714.9,717.05,493290
1639546200,716.95,719.0,716.1,717.5,296606
1639547100,717.5,719.9,717.2,719.5,331365
1639548000,719.5,720.0,718.5,719.45,291816
1639548900,719.45,719.85,716.65,717.85,226796
1639549800,717.85,719.3,716.0,718.25,237659
1639550700,718.25,719.5,717.95,718.4,167670
1639551600,718.4,718.45,716.25,717.25,167104
1639552500,717.25,717.6,714.75,716.7,200168
1639553400,716.8,718.5,715.35,718.3,192432
1639554300,718.3,719.0,717.5,718.7,136902
1639555200,718.7,718.8,717.25,717.7,140878
1639556100,717.7,719.2,716.0,717.0,229341
1639557000,717.0,719.2,716.8,718.05,149642
1639557900,718.0,719.75,718.0,718.55,187954
1639558800,718.5,719.4,717.6,717.95,160070
1639559700,717.95,718.0,715.2,715.6,298108
1639560600,715.45,716.45,711.5,712.75,491852
1639561500,712.75,712.95,710.6,711.3,355695
1639626300,719.0,721.95,714.4,716.0,676356
1639627200,716.05,717.0,714.5,716.2,216490
1639628100,716.2,716.25,712.55,713.45,365611
1639629000,713.2,714.0,711.65,712.85,351327
1639629900,712.85,714.8,710.65,711.5,184371
1639630800,711.5,713.5,709.1,712.6,172182
1639631700,712.55,714.95,712.55,714.25,137082
1639632600,714.3,714.75,711.0,712.0,131191
1639633500,712.05,712.05,706.7,708.0,272618
1639634400,707.9,709.3,707.1,708.95,133315
1639635300,708.95,709.95,708.1,708.15,86610
1639636200,708.15,708.25,706.2,708.25,155586
1639637100,708.3,710.5,706.05,706.85,115941
1639638000,706.95,709.5,706.45,708.3,130096
1639638900,708.35,711.7,707.65,710.7,126415
1639639800,710.7,711.6,710.0,710.2,172466
1639640700,710.2,713.3,709.85,711.85,255081
1639641600,711.65,712.0,710.2,710.55,699366
1639642500,710.55,711.2,709.75,710.25,301883
1639643400,710.15,710.7,707.25,708.45,327454
1639644300,708.45,711.0,708.05,710.5,119916
1639645200,710.5,710.7,705.05,706.35,342052
1639646100,706.3,709.7,705.2,708.8,441281
1639647000,709.1,710.45,708.1,709.1,664500
1639647900,709.1,710.9,709.05,709.55,710439
1639712700,707.5,708.0,700.1,701.75,608980
1639713600,701.5,703.9,698.0,698.45,385349
1639714500,698.5,699.8,692.0,692.7,521353
1639715400,692.25,697.0,692.15,695.55,372063
1639716300,695.35,695.35,691.1,694.05,316273
1639717200,694.05,694.5,692.35,694.05,284540
1639718100,694.0,694.95,694.0,694.55,152408
1639719000,694.55,695.4,693.6,694.0,230529
1639719900,694.05,694.7,691.55,692.5,177619
1639720800,692.5,693.1,689.1,691.25,231572
1639721700,691.1,692.5,690.45,691.0,128644
1639722600,691.05,691.75,690.0,690.0,183687
1639723500,690.05,690.5,688.45,690.0,190674
1639724400,689.85,690.9,688.2,689.3,194059
1639725300,689.35,691.75,688.95,690.1,156730
1639726200,690.1,691.95,690.0,690.4,157473
1639727100,690.3,692.8,690.15,692.8,144642
1639728000,692.7,692.8,690.4,691.1,176719
1639728900,691.1,693.0,690.5,692.65,178651
1639729800,692.85,693.45,691.1,691.7,197611
1639730700,691.7,692.35,689.45,689.7,268667
1639731600,689.7,690.15,687.0,687.05,256581
1639732500,687.05,687.75,685.1,685.75,368621
1639733400,685.8,689.8,685.1,688.45,920488
1639734300,688.45,694.05,687.85,692.5,1028277
1639971900,680.95,681.85,669.1,669.45,506546
1639972800,669.75,672.95,668.5,670.2,413411
1639973700,670.1,672.0,669.0,670.1,240049
1639974600,669.75,670.3,663.5,664.0,495293
1639975500,664.0,664.4,660.9,662.7,382315
1639976400,662.6,665.75,661.3,664.7,298891
1639977300,665.0,665.7,662.25,662.6,179863
1639978200,662.6,664.55,662.1,663.5,150972
1639979100,663.5,664.2,662.0,662.55,139107
1639980000,662.65,663.15,660.3,661.95,231625
1639980900,662.0,664.0,660.25,662.9,254734
1639981800,662.9,664.85,662.2,664.7,200976
1639982700,664.65,664.9,662.5,662.75,231816
1639983600,662.9,666.95,662.0,665.6,372459
1639984500,666.0,666.0,662.1,662.6,259206
1639985400,662.9,664.9,662.05,662.5,232630
1639986300,662.5,663.7,661.05,663.1,212798
1639987200,663.1,663.95,660.1,660.2,227229
1639988100,660.45,663.9,660.35,662.35,231069
1639989000,662.7,664.25,661.3,664.05,199485
1639989900,664.1,673.55,664.0,670.85,703899
1639990800,670.9,678.15,669.35,672.75,667897
1639991700,672.65,678.95,672.0,676.7,564679
1639992600,676.6,678.5,671.5,673.4,1107574
1639993500,673.6,675.95,672.4,673.2,1030414
1640058300,683.0,683.0,675.0,676.55,1317482
1640059200,676.8,677.05,666.0,670.35,1343297
1640060100,670.4,676.7,670.2,675.25,590821
1640061000,675.45,676.1,672.1,673.05,343121
1640061900,673.05,676.4,673.05,675.7,331166
1640062800,675.5,676.55,674.0,675.45,270103
1640063700,675.45,676.5,674.05,676.5,195890
1640064600,676.4,677.7,675.7,676.05,273713
1640065500,676.05,676.4,675.05,676.3,142349
1640066400,676.3,676.4,675.2,676.2,115359
1640067300,676.25,678.6,676.15,677.0,304368
1640068200,677.0,677.75,675.75,676.65,112162
1640069100,676.7,676.8,672.55,673.85,343185
1640070000,673.9,676.5,673.75,676.5,291689
1640070900,676.4,676.5,673.7,675.45,171725
1640071800,675.45,675.5,672.2,673.05,246991
1640072700,672.9,674.3,672.3,674.0,156327
1640073600,674.0,674.3,672.5,672.9,180233
1640074500,672.85,673.8,671.6,671.7,202799
1640075400,671.7,672.0,667.2,667.3,550474
1640076300,667.3,667.5,665.0,666.35,408895
1640077200,666.3,666.8,662.5,666.15,560142
1640078100,666.45,668.5,665.4,666.3,409785
1640079000,666.4,667.7,665.0,666.0,571101
1640079900,666.0,667.25,664.45,667.0,653291
1640144700,670.0,674.75,667.4,671.7,570800
1640145600,671.7,676.45,671.1,675.4,845192
1640146500,675.2,676.85,674.85,675.0,377100
1640147400,675.05,675.75,674.65,675.3,624031
1640148300,675.25,675.3,670.15,670.25,475265
1640149200,670.2,672.0,669.2,670.8,280196
1640150100,670.75,673.0,670.3,671.25,167733
1640151000,671.25,672.4,670.85,671.05,135809
1640151900,671.05,671.45,669.85,670.2,136735
1640152800,670.2,671.8,669.3,670.6,138603
1640153700,670.65,671.2,669.35,669.7,148229
1640154600,669.95,670.5,667.2,667.85,206615
1640155500,667.8,669.3,667.15,669.1,252138
1640156400,669.0,670.55,669.0,670.0,346350
1640157300,670.0,670.05,668.25,668.7,133790
1640158200,668.65,669.65,666.0,666.0,205881
1640159100,666.2,668.45,665.4,667.75,156935
1640160000,667.8,668.3,666.0,666.5,109428
1640160900,666.5,667.1,665.9,666.3,140319
1640161800,666.25,666.9,664.0,666.5,246017
1640162700,666.5,668.4,665.9,668.25,248058
1640163600,668.2,668.85,667.75,668.5,141688
1640164500,668.45,670.4,668.05,670.0,219663
1640165400,669.95,671.2,667.85,668.95,591432
1640166300,668.95,671.8,668.1,671.8,567515
1640231100,677.0,677.0,673.2,674.95,614093
1640232000,674.95,675.35,672.6,674.25,262362
1640232900,674.25,675.7,673.3,673.8,174955
1640233800,673.8,674.3,673.0,673.7,161364
1640234700,673.45,674.65,672.8,674.4,195092
1640235600,674.3,675.35,673.85,674.7,188685
1640236500,674.7,676.0,674.55,675.2,168926
1640237400,675.2,675.5,674.55,674.95,118642
1640238300,674.9,675.2,673.5,674.5,176136
1640239200,674.5,677.45,674.4,677.45,175072
1640240100,677.25,678.25,676.5,677.7,293836
1640241000,677.65,680.0,677.65,679.4,316927
1640241900,679.45,682.1,679.05,681.9,319978
1640242800,681.9,684.0,681.55,684.0,403514
1640243700,683.95,684.5,682.0,682.5,295430
1640244600,682.5,683.85,682.1,682.9,183142
1640245500,682.9,684.0,682.9,683.25,204176
1640246400,683.25,683.25,680.1,680.6,310752
1640247300,680.65,682.2,679.3,681.95,255020
1640248200,682.0,683.3,680.5,681.0,239252
1640249100,680.95,681.5,679.0,681.5,249575
1640250000,681.45,682.0,678.65,679.8,241244
1640250900,680.3,680.3,678.7,679.4,214107
1640251800,679.15,680.95,679.15,679.45,488770
1640252700,679.5,679.8,675.2,677.0,606306
1640317500,681.15,682.0,673.4,674.2,497786
1640318400,674.0,674.25,668.3,669.25,498405
1640319300,669.0,671.75,667.6,669.6,342060
1640320200,669.65,670.85,665.4,666.95,341228
1640321100,666.95,667.1,664.25,665.0,280618
1640322000,665.0,665.8,662.45,664.65,264085
1640322900,664.65,666.55,664.0,664.3,193559
1640323800,664.2,666.9,664.05,666.6,159478
1640324700,666.6,667.25,664.45,666.4,149499
1640325600,666.25,666.45,664.3,665.15,122825
1640326500,665.25,667.0,664.5,666.65,126088
1640327400,666.65,668.0,665.5,668.0,147754
1640328300,668.0,668.0,666.15,667.65,126208
1640329200,667.6,667.8,665.0,665.9,151495
1640330100,665.95,666.95,665.55,666.1,90334
1640331000,666.1,666.75,665.3,665.4,110971
1640331900,665.4,667.25,665.4,667.0,121508
1640332800,667.05,670.45,667.05,670.15,273876
1640333700,670.15,671.9,669.25,671.3,186091
1640334600,671.05,673.5,670.0,673.0,186996
1640335500,673.0,674.35,670.9,672.4,217010
1640336400,672.5,673.0,670.5,672.55,225478
1640337300,672.2,672.85,667.15,667.75,390396
1640338200,667.8,668.5,666.0,668.0,408744
1640339100,668.35,668.7,666.8,668.0,395701
1640576700,663.05,665.0,655.95,663.9,949317
1640577600,663.9,665.85,662.3,664.6,553458
1640578500,664.35,669.3,663.7,667.0,443676
1640579400,667.15,670.15,665.55,668.6,287916
1640580300,668.4,670.95,668.05,670.0,319607
1640581200,670.0,671.6,669.95,670.0,206997
1640582100,670.05,670.65,666.25,666.35,426521
1640583000,666.25,668.4,665.75,668.3,147150
1640583900,668.4,668.95,667.1,668.6,155215
1640584800,668.6,669.9,668.2,669.4,149783
1640585700,669.4,670.85,669.35,669.6,181325
1640586600,669.6,670.0,668.55,669.65,136887
1640587500,669.6,672.6,669.15,671.95,305156
1640588400,671.75,673.0,670.0,672.6,225165
1640589300,672.5,673.45,671.4,671.85,189818
1640590200,671.95,672.3,670.5,671.1,148677
1640591100,671.1,673.2,671.0,672.2,133058
1640592000,672.2,674.6,671.55,673.0,225833
1640592900,673.1,674.0,671.0,671.7,133666
1640593800,671.95,673.3,670.65,671.8,140539
1640594700,672.0,672.0,669.5,670.6,164504
1640595600,670.75,672.9,670.55,671.95,227589
1640596500,671.7,673.95,671.0,672.8,337532
1640597400,672.5,672.85,671.2,671.9,323536
1640598300,671.85,673.5,671.5,673.2,464418
1640663100,677.3,680.85,675.4,677.45,695144
1640664000,677.75,678.7,676.05,676.45,273412
1640664900,676.4,677.9,675.0,677.85,318680
1640665800,677.85,678.15,676.8,677.4,152507
1640666700,677.4,677.5,672.25,673.4,305758
1640667600,673.4,673.85,672.0,673.5,159478
1640668500,673.6,674.55,672.7,674.3,107372
1640669400,674.3,675.5,673.0,674.8,138688
1640670300,674.8,675.9,674.7,675.3,129672
1640671200,675.5,675.95,674.5,674.55,100511
1640672100,674.55,675.2,673.25,674.7,121615
1640673000,674.7,676.35,674.55,676.35,140451
1640673900,676.35,676.5,675.3,675.7,94085
1640674800,675.85,677.1,675.25,676.7,112305
1640675700,676.7,676.75,675.55,676.4,199714
1640676600,676.4,677.0,674.8,675.85,95846
1640677500,675.85,676.5,675.0,676.3,63985
1640678400,676.3,676.5,675.45,675.95,83596
1640679300,675.85,677.45,675.6,677.0,122926
1640680200,677.0,677.2,675.85,676.2,108601
1640681100,676.2,676.6,675.2,676.1,173860
1640682000,676.15,676.25,673.75,674.45,187279
1640682900,674.6,674.75,673.15,674.55,154520
1640683800,674.65,676.3,674.65,675.9,274924
1640684700,675.9,676.0,674.9,675.45,317887
1640749500,674.5,679.0,670.7,678.85,492836
1640750400,678.65,679.6,678.0,678.0,177751
1640751300,678.3,679.35,677.5,677.65,171397
1640752200,677.5,677.65,675.1,675.65,164034
1640753100,675.8,676.7,674.15,676.6,171391
1640754000,676.65,676.7,674.6,676.35,82047
1640754900,676.45,676.45,674.25,674.5,75297
1640755800,674.5,674.9,673.3,674.1,138734
1640756700,674.15,675.9,674.0,675.15,62520
1640757600,675.15,676.0,674.65,674.65,55923
1640758500,674.65,676.0,674.4,675.15,46824
1640759400,675.15,675.5,673.35,673.5,70466
1640760300,673.45,674.8,673.35,674.35,67020
1640761200,674.55,675.5,674.0,674.9,100565
1640762100,674.9,675.95,674.5,675.8,83235
1640763000,675.9,675.95,674.55,675.0,83531
1640763900,675.05,675.5,674.05,674.3,46673
1640764800,674.35,674.9,673.5,674.3,64749
1640765700,674.5,675.3,674.3,675.3,58031
1640766600,675.3,675.3,673.7,675.1,101338
1640767500,675.4,675.75,672.65,672.75,214767
1640768400,672.75,673.65,672.1,672.85,236795
1640769300,672.9,673.1,671.6,672.0,241613
1640770200,671.85,672.75,670.35,670.5,479061
1640771100,670.6,671.4,667.25,668.4,468810
1640835900,668.0,670.45,665.2,668.15,453723
1640836800,668.1,669.85,666.55,668.8,191424
1640837700,669.0,669.75,668.5,669.2,176616
1640838600,669.0,669.75,669.0,669.3,114930
1640839500,669.2,669.9,668.8,669.6,131704
1640840400,669.6,669.9,668.2,668.4,137227
1640841300,668.6,669.4,668.15,668.25,89893
1640842200,668.3,668.9,667.0,667.05,131448
1640843100,667.05,667.85,666.05,666.25,139506
1640844000,666.2,666.35,664.5,664.65,166450
1640844900,664.65,665.8,664.65,664.75,123902
1640845800,664.95,666.3,664.5,665.05,111512
1640846700,665.05,666.4,664.7,666.3,142148
1640847600,666.3,666.35,665.65,666.15,93464
1640848500,666.15,667.95,665.5,667.8,169888
1640849400,667.8,669.3,667.35,668.3,189708
1640850300,668.3,669.0,667.25,668.5,107275
1640851200,668.6,671.0,668.1,669.6,250190
1640852100,669.6,670.0,669.1,669.85,124940
1640853000,669.85,670.3,668.5,668.6,141210
1640853900,668.6,670.55,668.0,669.85,226587
1640854800,669.8,670.2,668.3,668.8,111000
1640855700,668.8,670.0,668.5,668.5,145995
1640856600,668.5,669.5,667.2,668.95,702832
1640857500,668.95,673.1,668.25,671.3,726632
1640922300,672.95,681.9,671.2,681.45,831971
1640923200,681.5,686.5,681.5,684.45,645246
1640924100,684.1,685.7,682.65,682.75,353003
1640925000,682.75,682.85,681.25,682.35,266538
1640925900,682.35,682.55,680.75,681.1,206486
1640926800,681.0,681.1,679.3,680.6,201131
1640927700,680.5,682.1,680.0,680.45,97979
1640928600,680.4,681.6,680.05,681.35,67635
1640929500,681.35,681.9,680.1,680.2,57864
1640930400,680.2,682.5,680.0,681.3,141632
1640931300,681.3,682.2,681.0,681.5,132193
1640932200,681.7,681.8,678.75,679.8,208505
1640933100,679.8,679.8,678.0,678.2,158059
1640934000,678.2,679.55,678.05,679.35,80812
1640934900,679.55,680.05,678.65,678.8,71176
1640935800,678.8,679.5,678.25,678.8,53461
1640936700,678.85,679.2,677.75,678.65,174903
1640937600,678.65,679.2,677.8,678.15,86818
1640938500,678.2,678.8,677.8,678.15,76194
1640939400,678.2,678.9,675.65,677.1,250046
1640940300,677.1,677.45,676.15,676.25,102329
1640941200,676.25,678.0,676.25,677.95,101316
1640942100,677.85,678.9,677.3,678.15,182634
1640943000,678.15,679.15,677.2,679.05,427906
1640943900,679.0,680.0,678.15,679.85,604540
1641181500,680.25,683.7,679.0,680.15,479846
1641182400,680.4,682.95,679.0,681.95,248353
1641183300,681.95,686.2,681.75,684.8,328748
1641184200,684.95,687.5,684.1,687.2,254669
1641185100,687.3,690.25,686.1,689.6,682902
1641186000,689.6,690.95,688.6,689.6,297529
1641186900,689.7,690.0,688.0,689.55,241718
1641187800,689.55,691.5,689.0,691.4,347110
1641188700,691.65,692.9,691.1,692.0,333504
1641189600,692.0,693.0,690.5,692.25,235944
1641190500,692.45,692.45,691.0,691.35,144442
1641191400,691.3,692.2,690.5,692.0,156974
1641192300,692.1,693.9,692.0,693.4,255995
1641193200,693.4,694.8,693.0,694.2,256741
1641194100,694.2,695.75,694.2,695.05,427483
1641195000,695.4,695.95,695.0,695.15,349019
1641195900,695.35,696.6,695.0,696.15,368200
1641196800,696.3,696.45,693.0,694.9,335946
1641197700,695.0,696.5,694.2,694.45,259207
1641198600,694.25,695.2,693.4,694.5,276984
1641199500,694.5,697.0,693.45,696.6,261499
1641200400,696.7,697.7,695.25,697.15,283451
1641201300,697.15,697.2,695.25,695.75,294307
1641202200,695.7,696.5,694.8,696.1,461352
1641203100,696.05,698.5,695.5,697.95,950996
1641267900,701.0,706.95,700.05,705.75,1429880
1641268800,705.7,706.8,701.55,705.5,847266
1641269700,705.3,709.0,705.3,707.5,618565
1641270600,707.65,707.9,706.2,707.55,366549
1641271500,707.5,709.8,706.1,709.1,691402
1641272400,709.15,709.45,707.05,707.15,333601
1641273300,707.1,707.25,703.8,706.55,422792
1641274200,706.65,707.5,705.6,705.95,188861
1641275100,705.1,706.45,703.8,705.7,221168
1641276000,705.65,706.9,704.6,706.6,167313
1641276900,706.6,707.0,705.75,705.8,135433
1641277800,705.8,707.45,705.1,706.5,231860
1641278700,706.5,706.5,703.4,703.95,273677
1641279600,703.8,705.35,702.5,704.95,293276
1641280500,704.95,705.95,703.85,705.9,236135
1641281400,705.9,706.25,703.8,705.25,233917
1641282300,705.25,705.8,703.5,704.95,216564
1641283200,705.1,705.25,702.55,703.2,222345
1641284100,703.1,704.75,701.85,704.55,223516
1641285000,704.6,706.3,704.15,705.9,183624
1641285900,705.9,706.95,705.5,706.5,184753
1641286800,706.5,708.45,705.55,707.95,234182
1641287700,708.0,709.05,707.5,708.6,323288
1641288600,708.5,708.95,707.8,708.55,501927
1641289500,708.6,711.05,708.55,709.5,894594
1641354300,711.9,715.6,707.75,714.65,1363624
1641355200,714.55,714.7,711.0,712.35,725282
1641356100,712.35,716.4,712.35,716.0,595485
1641357000,716.0,721.95,715.05,721.8,1043814
1641357900,721.7,723.0,718.0,718.0,901708
1641358800,718.0,720.4,717.5,720.0,344912
1641359700,720.0,721.05,718.25,721.0,344575
1641360600,721.2,722.4,720.65,720.95,293037
1641361500,720.95,724.65,720.55,724.1,399285
1641362400,724.1,725.6,723.3,725.35,401303
1641363300,725.3,725.3,723.5,723.6,202302
1641364200,723.7,724.7,722.8,724.45,194041
1641365100,724.45,724.55,723.4,723.95,108322
1641366000,723.95,725.5,723.75,725.4,207846
1641366900,725.35,726.3,724.75,726.25,215789
1641367800,726.25,727.95,725.6,727.5,378077
1641368700,727.5,727.7,725.15,725.85,303588
1641369600,726.15,727.0,725.5,725.75,156575
1641370500,725.75,726.4,724.1,726.0,255829
1641371400,725.8,726.4,724.2,725.0,262720
1641372300,725.0,729.4,724.95,728.8,488226
1641373200,728.8,730.9,728.05,728.05,520434
1641374100,728.05,728.35,724.3,724.6,401118
1641375000,724.4,727.6,724.4,727.45,457593
1641375900,727.35,727.95,725.45,726.0,702942
1641440700,719.95,726.0,719.05,721.65,1055454
1641441600,721.55,723.95,719.0,723.2,545798
1641442500,723.25,725.5,722.1,722.3,307271
1641443400,722.35,724.25,721.05,721.55,325855
1641444300,721.55,722.1,720.5,721.4,200954
1641445200,721.4,723.25,720.95,721.0,188072
1641446100,721.15,721.5,720.0,721.15,180955
1641447000,721.1,721.45,720.75,720.9,94284
1641447900,720.9,724.5,720.9,724.45,206087
1641448800,724.5,725.5,723.25,723.6,169035
1641449700,723.65,723.9,722.7,723.3,90868
1641450600,723.3,723.45,722.0,723.25,194631
1641451500,723.2,723.25,722.1,722.7,133325
1641452400,722.6,725.2,722.3,724.9,215551
1641453300,724.9,726.65,724.7,726.3,294770
1641454200,726.3,726.8,724.75,726.05,252238
1641455100,726.2,726.75,724.7,725.4,215268
1641456000,725.5,728.75,725.1,727.5,348504
1641456900,727.3,728.45,726.55,726.65,257395
1641457800,726.8,727.65,726.2,727.05,220050
1641458700,727.0,733.0,726.95,731.8,615717
1641459600,731.75,733.5,731.65,732.35,358909
1641460500,732.35,732.45,730.7,731.0,319629
1641461400,731.0,732.05,729.1,729.8,492938
1641462300,729.8,731.2,727.8,728.9,622852
1641527100,734.0,738.0,730.0,736.6,1155719
1641528000,736.8,740.9,736.7,738.75,963880
1641528900,738.65,739.95,736.55,739.3,561694
1641529800,739.4,740.7,738.1,738.15,483820
1641530700,738.1,739.1,737.5,737.5,275708
1641531600,737.55,737.65,733.65,734.75,853300
1641532500,734.75,736.25,733.4,735.8,472804
1641533400,735.95,736.4,732.5,733.7,304119
1641534300,733.3,734.75,732.0,733.9,231845
1641535200,733.9,735.0,733.3,733.7,201526
1641536100,733.75,734.0,728.4,732.2,573553
1641537000,732.2,732.2,729.7,730.7,280734
1641537900,730.7,730.95,726.85,730.0,334830
1641538800,730.1,730.15,726.45,726.65,310877
1641539700,726.75,729.75,725.25,729.6,347434
1641540600,729.65,730.4,728.1,729.1,232550
1641541500,729.15,730.65,727.5,730.5,180176
1641542400,730.5,731.4,729.55,731.35,159278
1641543300,731.35,731.5,729.15,731.4,189653
1641544200,731.4,731.45,728.55,728.7,207246
1641545100,728.75,731.45,728.35,730.85,193842
1641546000,730.85,731.5,729.0,729.55,213196
1641546900,729.8,730.7,728.65,729.4,273601
1641547800,729.2,731.0,729.2,730.5,624674
1641548700,730.45,732.4,729.5,730.85,812531
1641786300,733.65,740.5,733.2,735.1,859007
1641787200,735.1,740.6,734.8,739.0,667872
1641788100,739.0,740.6,737.3,740.55,329120
1641789000,740.6,744.0,740.6,742.3,1425498
1641789900,742.35,743.0,738.75,742.05,379004
1641790800,742.2,742.9,739.5,740.3,382967
1641791700,740.35,742.25,739.8,740.5,196010
1641792600,740.8,741.85,740.2,740.95,192508
1641793500,740.95,741.75,739.3,739.45,290045
1641794400,739.4,740.0,738.8,739.5,350417
1641795300,739.55,739.65,737.65,739.05,588010
1641796200,739.05,740.85,738.8,740.05,214683
1641797100,740.05,740.95,739.7,740.25,164210
1641798000,740.3,740.85,739.75,740.1,100167
1641798900,739.8,740.4,739.3,739.4,167930
1641799800,739.1,739.7,737.95,739.05,251422
1641800700,739.1,739.3,738.1,738.25,124472
1641801600,738.5,740.5,737.8,740.3,244658
1641802500,740.3,740.85,739.0,739.6,200630
1641803400,739.65,741.55,739.3,739.85,410824
1641804300,740.0,742.75,739.85,742.4,304626
1641805200,742.45,743.0,741.0,742.45,289355
1641806100,742.5,743.0,741.45,742.45,201645
1641807000,742.55,743.0,741.75,742.6,456469
1641807900,742.55,744.0,742.0,742.35,795091
1641872700,742.9,745.4,739.45,741.8,882978
1641873600,741.75,742.05,738.15,741.2,421133
1641874500,741.1,743.95,739.45,739.95,414529
1641875400,740.0,740.0,739.0,739.5,123173
1641876300,739.45,741.15,737.3,740.8,265632
1641877200,740.8,742.45,740.0,742.15,147755
1641878100,742.2,742.35,740.85,741.65,142376
1641879000,741.55,743.35,741.55,742.95,217182
1641879900,742.95,744.5,742.3,743.95,232744
1641880800,743.95,744.5,742.8,743.1,184516
1641881700,743.1,745.0,742.85,744.75,190720
1641882600,744.75,744.9,743.2,744.0,167366
1641883500,744.0,744.35,743.15,744.05,133155
1641884400,744.1,744.95,743.6,744.7,197430
1641885300,744.75,745.0,744.25,745.0,148084
1641886200,745.0,746.45,744.85,745.85,309587
1641887100,745.9,746.55,745.15,745.7,236935
1641888000,745.7,747.05,743.65,745.1,568123
1641888900,745.1,745.15,742.6,743.6,194560
1641889800,743.6,745.95,742.9,745.55,257257
1641890700,745.6,746.6,743.25,744.1,171236
1641891600,744.15,744.15,741.05,742.25,312661
1641892500,742.25,743.0,741.0,741.5,232866
1641893400,741.3,744.0,740.95,743.8,492285
1641894300,743.75,744.7,741.85,743.0,584524
1641959100,749.65,749.65,746.2,746.8,394490
1641960000,746.75,747.65,744.0,747.5,446949
1641960900,747.75,750.6,747.5,750.25,450361
1641961800,750.2,750.25,748.4,749.0,223883
1641962700,749.0,751.45,748.5,751.0,263416
1641963600,751.0,751.2,750.0,750.55,241474
1641964500,750.65,750.8,749.1,749.25,135475
1641965400,749.25,749.45,747.55,747.75,225310
1641966300,747.75,748.3,745.6,747.1,264788
1641967200,747.1,748.15,746.05,746.95,98942
1641968100,746.95,747.3,746.0,746.8,133521
1641969000,746.8,748.0,746.3,747.35,113136
1641969900,747.0,747.55,746.6,747.45,77163
1641970800,747.4,748.7,747.3,748.4,90213
1641971700,748.45,748.45,747.8,747.9,93298
1641972600,747.9,748.9,747.8,748.45,101382
1641973500,748.5,748.6,745.6,746.5,159225
1641974400,746.5,747.6,746.1,746.45,113922
1641975300,746.4,746.5,743.15,744.4,285445
1641976200,744.3,744.4,743.25,744.0,175473
1641977100,744.0,745.55,743.25,744.8,137717
1641978000,744.75,746.9,744.6,746.3,140977
1641978900,746.3,746.35,744.25,744.6,122073
1641979800,744.95,747.8,744.95,747.5,351584
1641980700,747.5,747.65,744.9,745.5,437050
1642045500,749.0,749.0,742.05,744.15,634635
1642046400,743.95,744.1,741.7,743.85,305515
1642047300,743.85,745.45,742.2,742.7,188744
1642048200,742.9,742.9,738.45,739.55,263978
1642049100,739.2,740.65,738.55,739.4,120752
1642050000,739.35,740.0,738.0,740.0,155453
1642050900,739.75,741.4,739.65,740.05,140189
1642051800,739.85,740.5,739.5,740.1,274104
1642052700,740.1,740.5,739.35,739.45,99355
1642053600,739.45,740.3,739.4,740.15,54922
1642054500,740.15,741.15,739.6,740.65,73048
1642055400,740.7,742.05,740.0,741.0,171645
1642056300,741.0,741.15,739.5,739.5,86283
1642057200,739.55,740.85,738.6,740.85,168660
1642058100,740.55,740.85,738.6,739.05,86968
1642059000,739.05,739.8,738.1,738.8,120313
1642059900,738.85,738.85,737.05,738.0,318383
1642060800,738.0,740.85,737.95,740.8,226917
1642061700,740.8,742.0,740.3,741.65,235394
1642062600,741.65,743.9,740.5,740.65,212465
1642063500,740.9,741.95,740.0,740.35,93888
1642064400,740.35,741.25,740.0,740.0,120181
1642065300,740.05,740.45,738.15,738.8,204694
1642066200,738.8,741.0,738.8,740.85,416991
1642067100,741.0,741.4,739.5,740.45,415416
1642131900,734.8,735.95,725.05,725.45,1756683
1642132800,725.5,727.25,722.5,722.9,1140656
1642133700,722.9,724.5,721.1,721.3,3879586
1642134600,721.3,721.5,718.2,721.0,696066
1642135500,721.0,721.15,719.4,719.55,386369
1642136400,719.5,720.0,716.05,716.9,597718
1642137300,716.8,718.9,716.6,718.2,282689
1642138200,718.4,718.5,717.6,718.3,191586
1642139100,718.3,718.3,716.35,717.35,257456
1642140000,717.35,719.45,716.7,719.35,340079
1642140900,719.35,721.5,719.35,721.5,438374
1642141800,721.5,721.5,720.15,720.95,200252
1642142700,720.95,721.5,720.6,721.45,370245
1642143600,721.4,722.0,721.0,721.25,250330
1642144500,721.25,721.4,720.2,720.5,171246
1642145400,720.45,721.45,720.45,721.0,200327
1642146300,721.1,721.25,720.5,720.5,273645
1642147200,720.75,721.5,720.5,720.8,381833
1642148100,720.85,721.5,720.85,721.0,305464
1642149000,721.1,721.25,720.0,720.9,290745
1642149900,720.9,721.25,720.3,720.75,483762
1642150800,720.75,721.15,720.05,720.45,428109
1642151700,720.45,721.0,720.35,720.5,560833
1642152600,720.5,723.15,720.35,722.2,1333816
1642153500,722.35,722.35,720.5,721.25,1061036
1642391100,719.0,720.6,713.0,713.8,2318000
1642392000,714.0,715.95,713.75,714.85,1086426
1642392900,714.85,715.0,711.5,713.0,3952683
1642393800,713.0,713.5,712.55,713.05,532480
1642394700,713.05,713.7,712.9,713.25,462279
1642395600,713.25,714.0,713.05,713.95,220893
1642396500,713.95,714.0,711.85,713.25,779885
1642397400,713.2,713.6,713.05,713.35,376687
1642398300,713.35,713.5,712.55,712.8,147620
1642399200,712.8,713.7,712.5,712.6,265187
1642400100,712.6,713.55,711.0,713.35,1462471
1642401000,713.35,713.35,711.05,711.8,266891
1642401900,711.8,711.9,709.5,711.55,271933
1642402800,711.55,712.2,711.0,711.75,151083
1642403700,711.8,712.0,710.6,710.9,159793
1642404600,711.0,711.2,710.25,711.0,123514
1642405500,710.95,713.3,710.8,713.15,3222937
1642406400,713.3,713.65,710.35,711.1,608868
1642407300,711.1,711.95,710.6,711.8,89891
1642408200,711.9,713.4,711.65,712.15,361680
1642409100,712.15,713.3,711.75,713.1,242305
1642410000,713.1,713.5,711.3,712.05,170454
1642410900,711.95,712.45,710.85,711.55,491259
1642411800,711.8,712.7,711.25,712.55,713860
1642412700,712.4,713.8,712.25,712.6,1144454
1642477500,717.5,719.6,714.25,718.45,1698489
1642478400,718.45,720.0,717.4,719.05,1327227
1642479300,719.05,726.0,719.0,722.9,1324791
1642480200,722.9,727.0,722.7,724.6,527489
1642481100,724.6,725.1,723.0,723.25,343815
1642482000,723.3,724.5,722.0,723.85,335161
1642482900,724.0,728.9,723.55,726.6,3352258
1642483800,726.7,728.0,725.55,726.15,544880
1642484700,726.3,726.75,725.55,726.3,758059
1642485600,726.3,726.9,725.55,726.0,416984
1642486500,726.0,727.0,725.6,726.0,617811
1642487400,726.0,726.5,725.55,725.8,179695
1642488300,725.75,726.4,725.75,726.1,131458
1642489200,726.0,728.05,725.85,727.75,945129
1642490100,728.0,729.2,727.45,727.95,1718001
1642491000,727.95,734.4,727.85,733.3,2286023
1642491900,733.3,735.9,732.5,733.0,1721414
1642492800,733.0,734.5,732.4,732.4,662043
1642493700,732.5,733.65,731.0,731.8,728200
1642494600,731.8,734.5,730.75,733.4,522453
1642495500,733.5,734.5,731.75,732.55,408412
1642496400,732.55,732.55,729.45,730.95,619672
1642497300,730.75,730.85,724.0,724.55,1091348
1642498200,724.6,726.0,721.8,725.5,898226
1642499100,725.45,727.6,724.15,725.0,851630
1642563900,725.2,728.95,718.7,728.65,920918
1642564800,729.0,729.45,723.2,724.15,596313
1642565700,724.45,730.5,724.1,730.25,349341
1642566600,730.25,730.45,728.05,729.75,237566
1642567500,729.7,731.5,728.0,728.7,316844
1642568400,728.7,729.0,725.75,727.15,399143
1642569300,727.1,727.5,724.1,724.25,198319
1642570200,724.25,726.3,723.65,725.2,164489
1642571100,725.2,725.35,722.75,725.3,164184
1642572000,725.3,725.95,724.0,724.3,704815
1642572900,724.55,726.4,723.0,725.55,129970
1642573800,725.5,726.45,724.1,724.2,123151
1642574700,724.3,725.4,723.5,724.5,123316
1642575600,724.5,724.55,721.0,721.75,246172
1642576500,721.75,722.95,721.0,721.65,158100
1642577400,721.95,724.5,721.25,724.3,130666
1642578300,724.3,726.0,723.75,725.35,157132
1642579200,725.4,725.95,724.15,725.4,129965
1642580100,725.3,726.5,723.5,725.85,172979
1642581000,725.9,728.8,725.55,728.4,256704
1642581900,728.4,729.9,727.0,728.5,201843
1642582800,728.25,731.85,727.5,731.15,694021
1642583700,731.15,731.95,729.5,729.85,189051
1642584600,729.7,731.5,729.2,729.75,425825
1642585500,729.8,731.3,726.85,730.35,526659
1642650300,731.05,737.15,729.6,733.15,676827
1642651200,733.1,735.25,732.95,733.4,292237
1642652100,733.35,733.7,727.8,729.95,461044
1642653000,729.95,729.95,725.5,726.95,392279
1642653900,726.45,728.3,726.25,728.05,166096
1642654800,728.0,728.5,727.15,727.9,119471
1642655700,727.7,728.55,727.6,728.55,81874
1642656600,728.55,728.75,726.5,727.6,117362
1642657500,727.6,727.95,723.7,723.75,208358
1642658400,723.75,724.05,722.15,723.3,322065
1642659300,723.4,725.45,723.15,725.1,169149
1642660200,725.15,727.5,725.0,726.6,254125
1642661100,726.75,727.8,726.4,727.25,149645
1642662000,727.25,729.95,727.1,729.8,239140
1642662900,729.8,730.0,727.5,727.5,364946
1642663800,727.4,727.4,724.7,724.95,223408
1642664700,724.9,725.65,723.95,724.2,173688
1642665600,724.15,724.9,722.25,724.2,227174
1642666500,724.4,725.25,723.7,724.0,241889
1642667400,724.05,726.9,723.2,725.7,776515
1642668300,725.9,727.4,725.2,727.05,316532
1642669200,727.0,727.4,725.0,725.3,318975
1642670100,725.3,727.75,724.85,727.3,362651
1642671000,727.2,730.5,727.0,730.35,783347
1642671900,730.35,731.4,727.45,729.15,1050332
1642736700,722.0,725.25,713.65,714.8,1101962
1642737600,714.85,717.75,714.05,717.1,459051
1642738500,717.1,719.45,715.35,716.6,505882
1642739400,716.6,717.2,712.8,712.8,378787
1642740300,712.8,713.4,710.65,711.55,303369
1642741200,711.55,712.4,708.7,709.6,361250
1642742100,709.6,711.35,709.25,710.7,227761
1642743000,710.7,713.35,710.25,712.6,289565
1642743900,712.5,714.0,712.15,712.5,320332
1642744800,712.5,712.55,708.15,710.0,416493
1642745700,710.0,712.65,709.2,711.75,340379
1642746600,711.7,714.35,711.1,714.1,403933
1642747500,714.05,715.8,713.1,715.55,561947
1642748400,715.55,715.85,713.5,714.55,299588
1642749300,714.5,716.2,713.95,715.8,434768
1642750200,715.8,718.45,715.5,717.5,436095
1642751100,717.35,717.95,715.55,716.15,368105
1642752000,716.1,717.55,715.55,716.55,304575
1642752900,716.5,718.25,715.45,717.5,395443
1642753800,717.5,718.4,715.6,715.95,350121
1642754700,715.95,716.2,711.75,713.65,444723
1642755600,713.65,713.65,709.6,709.65,253117
1642756500,709.9,712.3,708.05,708.5,319691
1642757400,708.55,713.25,708.55,711.85,726468
1642758300,711.85,715.1,711.6,714.9,661124
1642995900,715.0,716.4,704.0,706.1,874689
1642996800,705.6,707.3,703.0,706.55,659326
1642997700,706.55,710.8,706.0,707.95,351862
1642998600,708.0,710.4,707.0,707.95,226675
1642999500,708.0,708.9,705.75,705.95,194940
1643000400,705.75,708.8,703.3,708.8,272054
1643001300,708.8,709.25,706.25,706.7,268292
1643002200,706.7,708.7,703.3,704.75,173664
1643003100,705.0,707.25,704.0,706.8,114605
1643004000,706.6,707.45,704.85,705.1,97259
1643004900,705.0,705.2,701.0,701.65,303640
1643005800,701.55,704.55,701.4,703.1,303471
1643006700,703.1,703.6,700.0,702.2,414209
1643007600,702.15,703.0,700.05,700.25,160868
1643008500,700.25,702.0,700.0,701.8,137814
1643009400,701.8,703.55,700.45,702.8,154293
1643010300,702.8,703.1,698.0,698.45,328043
1643011200,698.05,698.65,695.5,697.8,260542
1643012100,697.9,699.0,695.7,696.2,199249
1643013000,696.25,697.15,688.2,689.5,420016
1643013900,688.95,700.55,688.95,697.5,484620
1643014800,697.4,700.5,693.7,694.75,364740
1643015700,695.2,699.8,693.4,699.35,367994
1643016600,699.3,707.5,699.25,705.95,584602
1643017500,706.0,706.7,702.25,703.5,1073895
1643082300,714.0,728.5,708.6,728.4,5630591
1643083200,728.35,734.75,724.05,733.8,4569747
1643084100,734.1,736.0,730.15,734.75,2192760
1643085000,734.5,738.25,730.25,735.05,2271127
1643085900,735.0,737.5,733.55,735.3,1232431
1643086800,735.0,744.45,735.0,740.75,2094172
1643087700,740.5,740.85,736.9,737.1,992007
1643088600,736.9,741.55,736.8,741.15,1113016
1643089500,741.3,745.0,740.45,744.05,1389652
1643090400,744.2,744.65,741.0,743.3,862391
1643091300,743.5,745.9,742.75,744.25,1404364
1643092200,744.2,747.95,743.65,746.45,927129
1643093100,746.05,749.0,746.0,748.5,842398
1643094000,748.5,749.45,744.4,745.4,1582632
1643094900,745.4,747.2,743.7,745.7,982891
1643095800,745.75,746.1,742.65,744.95,1081818
1643096700,744.85,750.0,744.7,749.3,947182
1643097600,749.3,750.9,747.3,749.35,844192
1643098500,749.2,750.5,748.45,749.65,554520
1643099400,749.8,750.0,747.5,749.35,579602
1643100300,749.35,752.0,748.0,750.9,823220
1643101200,751.0,754.2,750.8,751.8,1091134
1643102100,751.95,754.2,751.8,752.0,651811
1643103000,752.0,755.0,748.4,754.0,1483840
1643103900,754.25,754.8,749.5,750.6,1685369
1643255100,744.0,762.4,738.1,759.2,4515130
1643256000,758.8,759.0,745.4,751.5,2192519
1643256900,751.85,756.5,749.0,754.6,1467178
1643257800,754.6,758.25,754.0,757.8,1174849
1643258700,757.75,757.9,752.1,755.55,745888
1643259600,755.55,757.75,755.4,757.7,1027042
1643260500,757.65,758.65,756.05,756.55,819320
1643261400,756.45,761.0,754.0,760.8,1221297
1643262300,760.95,761.0,758.0,758.95,733102
1643263200,758.95,760.45,756.7,759.7,662027
1643264100,759.8,762.9,757.7,761.35,1008268
1643265000,761.35,761.6,758.05,759.0,857588
1643265900,759.0,759.5,754.65,758.1,1005375
1643266800,758.25,760.3,757.1,759.05,623806
1643267700,759.05,761.8,759.05,761.05,716761
1643268600,761.05,767.05,759.55,766.3,1296650
1643269500,766.6,767.9,764.1,767.3,1037753
1643270400,767.3,768.9,764.95,768.2,1514471
1643271300,768.4,770.25,765.35,768.5,1752084
1643272200,768.65,769.4,766.05,767.4,1020386
1643273100,767.5,771.0,767.45,769.45,1446272
1643274000,769.5,772.65,768.6,771.7,1165387
1643274900,771.6,773.85,770.0,771.85,1845875
1643275800,771.8,775.6,767.3,774.75,2385698
1643276700,774.75,777.0,773.0,776.9,2469165
1643341500,778.1,783.7,774.0,779.7,2399212
1643342400,779.75,783.45,779.3,780.45,1169530
1643343300,780.45,784.65,778.1,783.85,1163863
1643344200,783.6,784.7,779.0,780.2,782624
1643345100,780.15,780.95,777.25,780.7,579998
1643346000,780.6,781.75,778.2,781.05,537695
1643346900,781.0,782.3,780.3,781.75,404251
1643347800,781.65,781.95,778.7,778.85,395810
1643348700,778.85,779.3,777.3,778.45,545299
1643349600,778.35,779.0,776.0,778.05,334046
1643350500,778.05,780.25,777.75,780.0,1623154
1643351400,780.0,782.0,779.5,780.2,315494
1643352300,780.15,781.15,778.25,779.05,676031
1643353200,779.15,779.6,772.7,773.45,498287
1643354100,773.55,776.2,773.0,775.0,296018
1643355000,774.95,775.0,770.0,772.65,461309
1643355900,772.3,773.75,770.1,773.6,396652
1643356800,773.8,775.25,770.8,772.1,465968
1643357700,772.0,772.05,767.3,770.2,499263
1643358600,770.4,770.4,765.35,768.35,515159
1643359500,768.3,772.2,763.4,767.25,919115
1643360400,766.8,770.5,766.55,769.3,446363
1643361300,769.3,770.95,766.3,767.6,516349
1643362200,767.35,768.3,761.5,764.5,1043772
1643363100,764.8,766.8,763.65,764.0,728909
1643600700,775.45,776.0,765.55,768.95,1349860
1643601600,768.95,775.35,768.1,775.2,625170
1643602500,775.05,775.8,770.55,770.85,552286
1643603400,770.75,770.95,767.95,769.05,344261
1643604300,769.05,770.9,767.75,768.8,236962
1643605200,768.8,769.1,763.25,764.05,435640
1643606100,764.0,766.3,762.35,764.85,404742
1643607000,764.85,769.9,764.1,769.5,351917
1643607900,769.5,771.65,768.95,770.7,522548
1643608800,770.85,771.95,770.2,771.0,275916
1643609700,771.2,772.5,770.15,772.25,328316
1643610600,772.25,775.75,772.25,775.0,546112
1643611500,775.05,775.55,774.25,775.4,399985
1643612400,775.45,775.45,773.65,774.75,428117
1643613300,774.75,777.2,774.6,777.2,481462
1643614200,777.2,777.8,775.9,777.15,356107
1643615100,777.3,777.5,774.0,774.75,468139
1643616000,774.75,775.0,770.1,772.5,554400
1643616900,772.6,773.9,771.1,773.3,346946
1643617800,773.4,774.5,770.8,773.25,338394
1643618700,773.25,776.25,773.15,774.65,381561
1643619600,774.7,776.5,773.2,774.7,529539
1643620500,774.8,776.05,773.2,774.25,635589
1643621400,774.15,774.65,772.15,774.0,686970
1643622300,774.05,774.55,770.6,771.0,717234
1643687100,778.1,787.95,773.05,786.6,1382810
1643688000,786.7,791.8,786.6,789.1,1166389
1643688900,789.4,790.85,787.25,789.7,751815
1643689800,789.4,790.8,785.85,788.8,500260
1643690700,788.65,793.0,788.5,790.7,713184
1643691600,790.9,791.35,788.85,791.15,529547
1643692500,791.0,793.0,789.15,791.65,585496
1643693400,791.9,793.9,790.45,792.4,388874
1643694300,792.15,792.5,785.3,786.95,611191
1643695200,786.3,786.4,781.05,785.6,730845
1643696100,785.35,792.2,784.05,792.2,424772
1643697000,792.3,793.25,789.05,790.2,404161
1643697900,790.3,791.7,788.25,791.3,312751
1643698800,791.7,792.0,784.85,787.15,526726
1643699700,787.2,787.5,781.55,782.3,475357
1643700600,782.0,782.15,770.45,771.2,856491
1643701500,771.45,779.55,769.1,777.65,611406
1643702400,778.0,779.3,772.6,776.35,417170
1643703300,776.0,781.6,775.75,779.2,516093
1643704200,779.2,781.35,778.5,780.4,275538
1643705100,780.55,785.8,780.0,784.7,484010
1643706000,784.95,786.85,783.45,786.2,651701
1643706900,786.2,786.6,780.0,780.4,520451
1643707800,780.4,782.4,777.8,780.15,594247
1643708700,780.2,785.65,779.6,783.0,1007798
1643773500,790.0,796.7,787.35,796.2,1238107
1643774400,796.05,796.95,793.3,795.7,498450
1643775300,795.8,797.7,795.0,797.35,719515
1643776200,797.35,802.05,796.8,801.75,1300953
1643777100,801.85,803.8,799.25,803.8,837974
1643778000,803.45,803.6,799.65,800.8,438535
1643778900,800.8,801.1,800.05,800.6,253294
1643779800,800.65,802.05,800.65,801.35,308998
1643780700,801.35,802.0,800.8,801.0,309718
1643781600,800.9,801.8,800.05,801.5,290376
1643782500,801.5,803.55,801.35,802.95,476961
1643783400,802.95,805.0,802.5,803.65,626144
1643784300,803.7,805.0,803.2,804.15,406323
1643785200,804.2,805.0,803.0,804.5,472364
1643786100,804.5,804.85,803.5,803.7,363204
1643787000,803.7,803.8,801.5,802.15,326263
1643787900,802.2,804.55,801.5,803.75,539859
1643788800,803.75,804.25,803.05,804.0,254364
1643789700,804.0,804.1,800.75,801.95,302724
1643790600,802.0,804.0,800.1,803.85,434452
1643791500,803.75,804.0,802.05,802.6,363532
1643792400,802.6,805.9,802.0,805.35,569016
1643793300,805.35,805.9,803.4,804.2,492507
1643794200,804.25,805.2,803.55,805.0,765682
1643795100,804.8,805.3,801.5,802.25,872868
1643859900,802.2,806.05,800.0,801.4,780975
1643860800,801.4,802.75,800.2,801.75,568145
1643861700,801.6,804.0,800.4,803.35,323403
1643862600,803.3,803.4,801.35,802.15,154665
1643863500,802.15,804.05,801.7,802.9,224941
1643864400,802.5,808.15,802.5,807.9,510882
1643865300,807.85,808.0,806.5,807.6,315419
1643866200,807.5,807.6,806.2,806.55,292290
1643867100,806.85,807.75,806.1,807.65,276356
1643868000,807.7,809.8,807.05,808.0,520988
1643868900,807.8,808.15,806.0,807.5,253064
1643869800,807.45,808.0,806.45,806.75,257309
1643870700,806.6,807.7,805.55,807.5,279156
1643871600,807.4,809.95,807.2,809.75,301045
1643872500,809.75,811.25,808.9,809.95,554107
1643873400,809.95,811.9,809.7,810.5,742233
1643874300,810.6,810.85,808.2,808.75,447203
1643875200,808.75,809.95,806.0,806.55,361242
1643876100,806.55,807.95,805.5,806.35,445570
1643877000,806.4,807.6,804.75,805.4,462430
1643877900,805.2,806.3,804.6,805.9,321340
1643878800,805.85,806.55,804.3,805.15,606537
1643879700,805.1,805.55,803.0,803.3,404519
1643880600,803.35,804.4,800.9,801.3,617030
1643881500,801.3,801.45,793.05,795.0,750245
1643946300,796.95,802.9,792.1,801.05,971669
1643947200,801.35,803.0,799.4,802.5,854730
1643948100,802.5,804.5,801.0,801.4,590702
1643949000,801.4,802.5,798.05,799.8,536870
1643949900,799.8,799.8,796.2,796.75,490733
1643950800,796.75,798.8,794.45,795.2,459887
1643951700,795.05,798.0,792.75,797.95,411444
1643952600,797.95,799.6,796.4,798.8,272289
1643953500,798.8,798.95,798.0,798.6,160058
1643954400,798.65,798.65,796.1,796.65,276714
1643955300,796.75,797.15,794.05,794.85,262243
1643956200,794.85,796.15,793.45,794.4,310109
1643957100,794.4,795.5,791.15,794.4,396925
1643958000,794.55,796.85,793.15,795.3,280775
1643958900,795.3,795.55,792.7,793.1,237529
1643959800,793.35,794.15,791.4,792.85,310441
1643960700,792.85,798.05,791.8,798.05,441439
1643961600,798.15,798.75,796.65,797.4,335283
1643962500,797.4,799.7,797.35,799.45,335927
1643963400,799.45,800.6,797.05,798.35,316573
1643964300,798.35,799.45,797.65,798.5,269710
1643965200,798.5,799.0,795.65,797.35,317301
1643966100,797.3,798.6,796.85,797.6,391561
1643967000,797.6,800.7,797.6,798.9,688875
1643967900,798.9,798.95,796.8,797.15,821331
1644205500,802.5,803.6,790.1,798.7,1200458
1644206400,798.7,799.85,792.9,794.55,641433
1644207300,794.7,797.0,793.7,794.6,484135
1644208200,794.6,799.55,794.6,798.25,531963
1644209100,798.45,800.45,797.4,798.45,403696
1644210000,798.3,798.8,793.65,796.15,381288
1644210900,796.35,796.9,795.25,795.75,245439
1644211800,795.65,795.9,794.05,794.75,324011
1644212700,794.65,795.6,793.0,793.7,274448
1644213600,793.65,794.95,792.55,792.75,247444
1644214500,792.65,794.45,792.1,793.75,229137
1644215400,793.75,794.45,791.0,791.8,435138
1644216300,791.55,793.45,790.75,793.45,251025
1644217200,793.45,793.6,790.5,792.7,247292
1644218100,792.7,793.25,790.2,791.15,268820
1644219000,791.2,791.9,790.3,791.1,230035
1644219900,791.0,792.4,790.0,792.0,320653
1644220800,792.1,792.3,788.0,790.7,500000
1644221700,790.55,790.8,785.7,786.25,522398
1644222600,786.55,789.2,786.55,788.35,239077
1644223500,788.2,789.8,787.7,788.75,397078
1644224400,788.85,789.8,785.35,785.75,422912
1644225300,785.7,786.85,784.1,786.25,367608
1644226200,786.05,790.55,786.05,789.35,799486
1644227100,789.35,791.65,788.6,790.0,924831
1644291900,794.0,795.5,787.7,790.1,1110052
1644292800,790.35,793.9,789.0,789.0,512249
1644293700,789.35,790.0,785.65,786.75,239461
1644294600,786.9,788.9,785.65,787.2,193186
1644295500,787.1,787.8,783.15,783.35,369115
1644296400,783.15,783.5,777.85,779.65,532835
1644297300,779.85,781.0,776.15,777.3,328940
1644298200,777.3,779.65,776.25,779.45,253678
1644299100,779.4,782.95,779.0,782.75,190268
1644300000,782.75,788.35,782.4,788.1,733076
1644300900,788.1,791.05,786.3,789.25,429326
1644301800,789.4,790.95,788.4,788.75,240024
1644302700,788.85,794.85,788.75,794.4,472759
1644303600,794.35,798.0,794.3,796.7,577696
1644304500,796.75,798.65,794.0,794.65,490806
1644305400,794.7,796.0,791.05,791.65,508851
1644306300,791.35,794.5,791.15,793.1,337607
1644307200,792.9,796.9,792.05,795.15,446034
1644308100,795.45,796.35,792.2,793.25,336611
1644309000,793.25,794.4,791.4,792.1,329126
1644309900,792.05,793.75,790.6,793.1,382859
1644310800,793.1,794.85,792.7,794.85,317566
1644311700,794.9,797.25,794.2,797.25,565616
1644312600,797.25,801.0,796.85,798.9,1274223
1644313500,799.0,799.9,795.95,796.7,1115923
1644291900,794.0,795.5,787.7,790.1,1110052
1644292800,790.35,793.9,789.0,789.0,512249
1644293700,789.35,790.0,785.65,786.75,239461
1644294600,786.9,788.9,785.65,787.2,193186
1644295500,787.1,787.8,783.15,783.35,369115
1644296400,783.15,783.5,777.85,779.65,532835
1644297300,779.85,781.0,776.15,777.3,328940
1644298200,777.3,779.65,776.25,779.45,253678
1644299100,779.4,782.95,779.0,782.75,190268
1644300000,782.75,788.35,782.4,788.1,733076
1644300900,788.1,791.05,786.3,789.25,429326
1644301800,789.4,790.95,788.4,788.75,240024
1644302700,788.85,794.85,788.75,794.4,472759
1644303600,794.35,798.0,794.3,796.7,577696
1644304500,796.75,798.65,794.0,794.65,490806
1644305400,794.7,796.0,791.05,791.65,508851
1644306300,791.35,794.5,791.15,793.1,337607
1644307200,792.9,796.9,792.05,795.15,446034
1644308100,795.45,796.35,792.2,793.25,336611
1644309000,793.25,794.4,791.4,792.1,329126
1644309900,792.05,793.75,790.6,793.1,382859
1644310800,793.1,794.85,792.7,794.85,317566
1644311700,794.9,797.25,794.2,797.25,565616
1644312600,797.25,801.0,796.85,798.9,1274223
1644313500,799.0,799.9,795.95,796.7,1115923
1644378300,801.0,808.8,800.15,808.25,1194044
1644379200,808.25,808.55,805.75,807.8,785181
1644380100,807.85,809.5,805.85,806.4,528136
1644381000,806.55,806.55,803.5,804.9,595171
1644381900,804.65,805.5,803.0,804.15,409804
1644382800,804.15,806.5,802.8,806.5,581580
1644383700,806.8,807.8,804.65,805.2,577173
1644384600,805.2,805.75,803.3,805.1,288947
1644385500,805.25,805.25,803.35,804.3,275584
1644386400,804.3,805.6,803.0,805.0,286447
1644387300,805.0,805.7,804.35,804.6,152856
1644388200,804.6,805.9,803.75,804.75,231469
1644389100,804.75,807.35,804.7,807.35,287116
1644390000,807.3,807.5,806.7,807.15,221159
1644390900,807.15,808.0,805.8,805.9,206423
1644391800,805.9,805.9,803.45,804.0,231693
1644392700,804.15,805.0,803.6,804.6,251038
1644393600,804.85,805.0,804.0,804.65,153793
1644394500,804.45,805.0,804.0,804.85,171996
1644395400,804.7,805.05,803.7,804.9,194757
1644396300,804.9,805.1,804.1,804.3,225630
1644397200,804.25,804.9,803.3,804.9,284345
1644398100,804.8,804.9,803.5,804.15,273219
1644399000,804.2,804.6,803.3,803.9,355819
1644399900,803.8,804.85,802.15,803.65,627121
1644464700,807.55,808.8,803.1,806.1,1105317
1644465600,806.1,808.0,804.35,807.8,599855
1644466500,807.85,808.4,804.7,805.0,666206
1644467400,804.8,810.5,804.65,808.1,921158
1644468300,808.1,810.2,805.75,810.2,565192
1644469200,810.25,812.9,809.05,812.4,713262
1644470100,812.4,814.2,811.25,812.7,564210
1644471000,812.9,814.95,812.15,814.8,419058
1644471900,814.8,815.95,812.15,813.15,549294
1644472800,813.15,813.75,811.05,811.6,326981
1644473700,811.75,812.95,811.35,811.8,275035
1644474600,812.0,813.0,812.0,812.15,236580
1644475500,812.15,812.5,807.35,809.6,610571
1644476400,809.65,812.2,809.55,811.9,293625
1644477300,811.95,813.95,811.85,813.85,337763
1644478200,813.85,814.45,812.6,813.5,405584
1644479100,813.55,814.2,811.15,812.15,461005
1644480000,812.15,813.55,811.5,812.45,337400
1644480900,812.45,813.5,810.9,811.35,364303
1644481800,811.4,812.5,810.2,812.45,369419
1644482700,812.45,813.0,810.0,810.2,457704
1644483600,810.4,811.45,808.35,810.85,403531
1644484500,810.9,811.45,808.8,809.85,421780
1644485400,809.9,810.5,808.6,808.65,660624
1644486300,808.8,810.75,807.0,807.95,756091
1644551100,800.95,809.0,800.0,808.0,808343
1644552000,808.0,809.9,806.5,808.85,445282
1644552900,808.45,808.9,806.1,807.45,430450
1644553800,807.45,809.0,803.5,805.0,543237
1644554700,804.55,806.1,803.5,805.35,498867
1644555600,805.4,805.4,803.75,804.7,220759
1644556500,804.7,805.5,801.5,802.45,390049
1644557400,802.45,803.3,800.1,802.1,360602
1644558300,802.15,802.65,798.5,799.5,327801
1644559200,799.5,800.95,798.55,800.95,220800
1644560100,800.95,804.0,800.5,804.0,375978
1644561000,804.0,805.85,802.9,805.6,266388
1644561900,805.6,805.9,802.95,803.85,596821
1644562800,803.8,807.65,803.8,807.65,330996
1644563700,807.65,807.95,805.2,806.65,236620
1644564600,806.65,808.75,805.05,808.4,240402
1644565500,808.6,808.6,806.65,807.8,213354
1644566400,807.8,808.5,806.65,807.9,211712
1644567300,807.9,808.25,806.05,806.45,230908
1644568200,806.55,806.55,803.5,805.1,284506
1644569100,805.1,806.0,803.95,804.4,238382
1644570000,804.15,804.7,801.4,801.8,440319
1644570900,801.75,802.85,801.0,802.75,390955
1644571800,802.1,805.95,801.7,805.4,822628
1644572700,805.4,805.65,800.95,802.0,566712
1644810300,790.0,803.0,781.15,781.15,1179674
1644811200,781.7,784.0,780.5,781.7,330150
1644812100,781.7,784.8,779.25,783.9,265946
1644813000,784.15,786.55,783.9,785.9,234978
1644813900,785.9,788.0,784.5,787.7,160165
1644814800,787.7,789.75,787.45,787.9,204013
1644815700,787.6,788.8,785.0,788.75,254130
1644816600,788.6,790.0,786.0,786.65,202290
1644817500,786.95,786.95,783.05,783.85,140103
1644818400,783.85,784.7,781.1,781.75,191056
1644819300,781.75,784.15,781.0,781.55,185278
1644820200,781.85,783.15,781.0,782.15,161085
1644821100,782.15,784.15,781.2,783.95,171775
1644822000,783.95,784.0,781.1,781.8,110380
1644822900,781.9,783.5,781.1,782.7,137844
1644823800,782.75,783.6,782.0,783.3,187806
1644824700,783.3,783.9,782.0,782.65,165355
1644825600,782.8,782.85,780.0,780.2,210167
1644826500,780.5,780.5,777.3,778.3,393738
1644827400,778.65,778.95,776.0,776.25,312509
1644828300,776.35,779.5,774.55,775.2,532681
1644829200,775.4,776.4,773.25,773.35,494444
1644830100,773.35,775.25,772.75,774.8,585466
1644831000,774.8,775.45,769.95,773.4,1058924
1644831900,773.4,774.75,771.95,772.4,722942
1644896700,777.0,779.55,771.05,773.55,550490
1644897600,773.75,774.25,768.0,768.75,318736
1644898500,768.55,770.25,766.5,767.15,256203
1644899400,767.05,767.6,765.4,767.35,164705
1644900300,767.7,769.9,765.85,766.0,124224
1644901200,766.3,766.8,764.3,765.55,203551
1644902100,765.55,768.0,764.85,768.0,192600
1644903000,767.85,774.5,767.05,773.35,382980
1644903900,773.1,774.4,771.65,773.0,131414
1644904800,773.05,775.95,772.95,775.5,163832
1644905700,775.5,777.95,775.4,777.9,192344
1644906600,777.9,781.8,777.0,780.4,275482
1644907500,780.4,782.8,779.2,779.55,211330
1644908400,779.55,779.6,777.35,778.15,230789
1644909300,778.1,780.5,777.0,779.65,132432
1644910200,779.7,780.9,777.1,780.0,271168
1644911100,780.15,781.5,778.0,779.05,217022
1644912000,779.05,787.85,778.85,787.05,290847
1644912900,787.3,790.8,786.25,789.05,365893
1644913800,789.35,795.35,789.35,794.65,539292
1644914700,794.55,797.0,790.65,793.6,485485
1644915600,793.75,795.4,791.2,793.15,316136
1644916500,793.1,797.5,793.1,793.7,349200
1644917400,793.45,797.4,793.45,797.05,455177
1644918300,797.0,799.1,795.25,795.9,598712
1644983100,795.0,803.0,794.1,796.9,624308
1644984000,796.6,799.2,796.0,796.3,160143
1644984900,795.85,797.75,795.2,795.65,188280
1644985800,795.65,799.95,793.2,794.95,358819
1644986700,794.7,799.9,794.6,797.65,348750
1644987600,797.65,798.0,794.5,794.9,108952
1644988500,794.9,795.0,789.6,790.45,284535
1644989400,790.0,792.15,789.3,792.15,158768
1644990300,792.0,795.8,792.0,795.1,170273
1644991200,795.25,795.35,792.65,794.05,106358
1644992100,794.05,794.95,792.65,793.25,104324
1644993000,793.2,796.5,792.9,795.1,186431
1644993900,795.1,798.65,794.9,797.5,211740
1644994800,797.55,802.5,796.85,801.2,449635
1644995700,801.25,802.0,798.9,799.5,238013
1644996600,799.75,801.8,799.65,800.45,150958
1644997500,800.45,803.0,798.5,803.0,229306
1644998400,803.4,804.9,802.2,804.65,284630
1644999300,804.5,806.8,804.3,806.4,370359
1645000200,806.2,808.3,805.0,806.0,364986
1645001100,806.0,806.6,803.5,805.75,521777
1645002000,805.5,806.2,799.05,799.75,367366
1645002900,799.9,801.5,794.4,797.45,391078
1645003800,797.7,800.05,796.2,797.9,494166
1645004700,797.9,797.9,793.4,794.15,566861
1645069500,797.0,802.0,793.35,793.5,358656
1645070400,793.7,793.75,787.7,789.0,421804
1645071300,789.0,790.4,787.05,788.75,177080
1645072200,788.9,789.2,786.1,787.25,160820
1645073100,787.5,787.5,781.45,782.25,950022
1645074000,782.25,788.55,782.0,788.05,236135
1645074900,788.1,789.9,786.25,789.6,306331
1645075800,789.6,791.0,788.25,788.6,216566
1645076700,788.7,789.0,786.65,788.0,269162
1645077600,788.2,788.95,784.7,785.55,229375
1645078500,785.5,787.9,785.05,787.9,129402
1645079400,788.2,789.4,786.2,788.35,154475
1645080300,788.15,788.9,786.45,787.9,100254
1645081200,787.9,790.45,787.65,788.4,176307
1645082100,788.45,789.8,786.5,789.5,137236
1645083000,789.55,790.45,786.7,787.85,155538
1645083900,787.7,789.0,786.5,787.3,103715
1645084800,787.3,789.0,786.6,788.95,141931
1645085700,788.7,789.2,785.4,785.75,154586
1645086600,785.75,786.45,783.0,783.1,241941
1645087500,783.1,784.95,782.1,784.8,219545
1645088400,784.75,785.65,781.7,782.5,192932
1645089300,782.65,784.0,781.0,783.25,286744
1645090200,783.25,785.95,781.5,781.6,492399
1645091100,781.6,782.55,780.5,781.0,497868
1645155900,781.15,787.05,779.0,786.95,753158
1645156800,787.0,788.5,783.2,783.25,337340
1645157700,783.25,784.75,782.0,784.35,188682
1645158600,784.5,786.9,783.25,784.1,234275
1645159500,784.25,785.5,783.25,783.85,127469
1645160400,783.85,784.75,782.5,782.85,131363
1645161300,782.85,784.65,782.5,784.5,107503
1645162200,784.35,786.8,784.35,786.65,170013
1645163100,786.65,787.7,785.4,785.9,182000
1645164000,785.9,787.6,785.5,786.0,150002
1645164900,786.25,787.8,786.0,786.6,116456
1645165800,786.95,787.45,784.5,785.85,233109
1645166700,786.0,787.2,785.65,786.3,150062
1645167600,786.4,787.5,785.65,787.05,148936
1645168500,787.35,789.4,787.35,788.75,223765
1645169400,788.7,790.0,787.35,788.95,200379
1645170300,789.0,789.9,787.8,788.7,153874
1645171200,788.7,790.55,788.25,789.05,170303
1645172100,789.1,790.3,788.85,789.7,113579
1645173000,789.7,790.0,786.65,786.65,143345
1645173900,786.55,787.4,784.05,785.65,226796
1645174800,785.65,786.65,784.5,786.2,293231
1645175700,786.15,786.4,785.0,786.05,129295
1645176600,785.65,789.0,785.65,787.2,328527
1645177500,787.2,788.8,785.9,787.1,436878
1645415100,783.55,788.4,781.05,781.1,337885
1645416000,781.0,781.3,776.25,777.85,665571
1645416900,777.85,780.8,777.0,779.8,259147
1645417800,779.65,780.1,777.75,778.2,113403
1645418700,778.45,780.45,776.1,779.75,144811
1645419600,779.75,786.5,779.65,785.2,328119
1645420500,785.1,788.25,784.1,785.5,181539
1645421400,785.55,786.9,784.85,786.6,67106
1645422300,786.45,788.0,786.1,787.4,94630
1645423200,787.4,792.25,787.3,792.25,349571
1645424100,792.2,795.0,792.1,793.9,426905
1645425000,793.9,796.0,793.7,795.35,248597
1645425900,795.35,796.8,792.6,793.0,231612
1645426800,792.8,793.8,792.0,792.05,161785
1645427700,792.05,794.2,791.3,793.35,138220
1645428600,793.35,796.3,792.75,796.0,186796
1645429500,796.0,796.45,792.35,792.4,295003
1645430400,792.35,793.75,789.75,793.1,259919
1645431300,793.15,793.7,790.75,792.0,114033
1645432200,792.0,792.9,789.0,789.2,157672
1645433100,789.35,791.9,789.05,790.9,111836
1645434000,791.15,791.15,786.3,787.75,235151
1645434900,787.75,791.3,787.0,789.4,120259
1645435800,789.6,790.55,787.7,788.25,136929
1645436700,788.25,790.3,787.8,790.2,264937
1645501500,766.1,779.95,766.1,773.8,700693
1645502400,773.7,777.35,772.3,774.65,240000
1645503300,774.65,777.5,773.85,776.7,128126
1645504200,776.65,780.6,775.6,776.6,226002
1645505100,776.45,779.0,775.0,778.3,145157
1645506000,778.3,778.85,775.35,775.4,94237
1645506900,775.6,778.9,775.25,778.9,109940
1645507800,778.85,780.0,778.0,778.8,187625
1645508700,778.95,781.3,778.45,780.0,112266
1645509600,779.95,782.0,779.2,781.9,145403
1645510500,782.0,782.5,776.5,776.9,177564
1645511400,777.05,779.1,776.3,777.9,144360
1645512300,778.0,778.95,776.1,776.9,189334
1645513200,776.95,778.25,776.0,777.1,162007
1645514100,777.0,777.55,774.45,774.65,225162
1645515000,774.65,778.5,774.6,777.25,244583
1645515900,777.35,778.7,776.0,776.0,249025
1645516800,776.0,777.95,775.2,777.9,173351
1645517700,777.95,781.9,777.3,781.65,178181
1645518600,781.4,785.75,781.4,784.65,383839
1645519500,784.75,786.0,782.1,784.8,460775
1645520400,784.85,787.0,782.0,782.9,324542
1645521300,782.85,783.5,777.9,779.8,775894
1645522200,779.95,780.3,777.3,779.8,531584
1645523100,779.85,780.8,777.75,780.0,593291
1645587900,783.5,785.5,780.2,784.55,503831
1645588800,784.55,784.6,782.35,783.05,154731
1645589700,783.0,783.6,780.5,783.15,140815
1645590600,783.15,783.7,772.25,772.45,660187
1645591500,772.5,777.15,772.35,774.65,698394
1645592400,774.95,775.9,773.35,775.25,148633
1645593300,775.35,776.5,774.1,775.85,104828
1645594200,775.85,778.45,775.8,778.2,167876
1645595100,778.2,780.0,778.0,779.8,166305
1645596000,779.8,782.15,779.25,781.85,239038
1645596900,781.85,782.75,780.4,781.15,245067
1645597800,781.0,781.5,779.45,780.55,142139
1645598700,780.55,780.9,778.25,779.5,164799
1645599600,779.45,779.7,778.05,778.3,107926
1645600500,778.55,779.2,776.65,777.0,123314
1645601400,777.0,779.4,776.65,778.9,151826
1645602300,778.9,780.6,778.8,779.05,235028
1645603200,779.0,779.0,776.7,778.85,179771
1645604100,778.85,780.95,778.05,778.45,160887
1645605000,778.55,780.5,777.0,780.0,147937
1645605900,780.0,780.5,778.45,778.7,152370
1645606800,778.75,779.0,776.7,777.9,247486
1645607700,777.9,781.2,777.8,779.7,287724
1645608600,780.0,780.75,775.0,775.95,478773
1645609500,776.2,778.9,775.45,777.2,486764
1645674300,752.4,769.15,750.0,759.1,713819
1645675200,759.0,761.5,752.8,753.4,439118
1645676100,753.5,753.6,748.4,751.05,494468
1645677000,750.9,755.1,750.0,752.45,474004
1645677900,752.45,757.8,752.0,756.7,340774
1645678800,756.75,756.8,753.2,754.75,220755
1645679700,754.6,755.55,752.0,755.0,196702
1645680600,755.05,756.4,754.7,755.75,483226
1645681500,755.7,757.3,755.6,756.0,366039
1645682400,756.2,758.1,755.6,756.1,278101
1645683300,756.1,757.2,755.55,756.05,640099
1645684200,756.05,756.05,752.1,753.8,460152
1645685100,753.8,753.8,747.05,747.4,429482
1645686000,747.35,751.0,745.15,745.8,478941
1645686900,746.0,746.85,743.0,745.8,515134
1645687800,746.1,749.95,745.8,749.9,326965
1645688700,749.9,750.0,744.1,744.6,284486
1645689600,744.55,746.0,742.7,742.75,369269
1645690500,742.75,749.55,742.55,745.45,732843
1645691400,745.5,746.3,743.8,744.4,392041
1645692300,744.55,746.35,742.7,743.0,390578
1645693200,743.0,744.0,741.35,741.6,446569
1645694100,741.65,742.2,735.5,736.15,743894
1645695000,736.1,736.4,728.7,730.95,1425634
1645695900,731.6,732.0,725.3,727.5,1409137
1645760700,742.3,750.2,737.4,748.55,793123
1645761600,748.6,753.5,745.0,753.1,606275
1645762500,753.05,757.5,752.0,754.0,680392
1645763400,754.0,755.45,751.2,754.7,239144
1645764300,754.6,756.6,753.2,756.6,178916
1645765200,756.55,762.4,756.0,762.25,576896
1645766100,762.25,763.5,760.65,761.4,368018
1645767000,761.4,762.75,757.75,759.45,228551
1645767900,759.4,763.0,757.4,762.1,298193
1645768800,762.45,762.95,760.5,761.85,180314
1645769700,761.75,763.0,759.3,760.5,230104
1645770600,760.5,761.0,758.55,758.95,213122
1645771500,759.1,762.45,758.65,762.1,223178
1645772400,761.85,762.25,757.55,760.5,348125
1645773300,760.65,764.1,759.15,763.15,442559
1645774200,763.15,764.85,761.35,762.6,217167
1645775100,762.65,762.95,760.3,762.45,169053
1645776000,762.55,763.85,760.5,762.5,349189
1645776900,762.5,763.25,760.5,761.2,258931
1645777800,761.25,762.3,760.05,760.75,233386
1645778700,760.65,761.8,759.0,759.85,609511
1645779600,760.05,761.4,753.5,757.55,594663
1645780500,757.55,762.1,756.7,759.45,619130
1645781400,759.55,760.6,757.0,757.7,539942
1645782300,757.7,760.8,756.1,760.2,845812
1646019900,749.9,749.9,742.2,742.55,651037
1646020800,742.5,744.75,741.5,743.95,373275
1646021700,743.95,744.55,740.45,742.35,440175
1646022600,742.35,742.55,738.1,738.4,414272
1646023500,738.4,741.1,736.2,739.25,250396
1646024400,739.25,741.55,737.8,739.4,758058
1646025300,739.35,740.5,738.55,739.7,380111
1646026200,739.65,742.4,739.4,741.5,625895
1646027100,741.5,742.5,739.25,741.75,422192
1646028000,741.75,741.75,738.5,739.25,311422
1646028900,739.25,743.6,738.75,743.2,662385
1646029800,743.25,746.5,742.0,745.3,384995
1646030700,745.25,747.3,744.15,746.75,227082
1646031600,746.75,747.9,743.7,743.95,619515
1646032500,743.8,745.0,741.95,743.85,205001
1646033400,743.85,745.5,743.1,743.55,482677
1646034300,743.55,744.75,742.3,744.45,178077
1646035200,744.45,745.45,742.45,743.6,377368
1646036100,743.6,744.0,740.4,741.05,190427
1646037000,740.95,741.9,737.6,740.95,273431
1646037900,740.8,742.0,740.0,741.65,229995
1646038800,741.7,744.45,740.55,741.75,1120030
1646039700,741.6,744.7,740.8,743.5,461057
1646040600,743.15,745.4,741.35,741.8,2339227
1646041500,741.8,742.65,741.1,741.8,2071951
1646192700,728.7,733.3,725.0,733.1,1626986
1646193600,733.1,735.05,730.05,734.5,878223
1646194500,734.5,735.7,731.6,735.4,530043
1646195400,735.45,739.5,733.7,738.4,420723
1646196300,738.4,741.5,738.25,739.0,339849
1646197200,739.0,739.05,736.15,736.85,188687
1646198100,736.8,740.25,735.6,738.25,278381
1646199000,738.25,739.6,737.0,738.05,137900
1646199900,737.75,740.75,737.7,738.7,123190
1646200800,738.65,740.3,736.5,737.05,142761
1646201700,737.15,737.9,732.55,732.75,224558
1646202600,732.75,735.3,730.95,731.25,234131
1646203500,731.3,731.5,727.35,729.95,600201
1646204400,729.95,730.8,727.25,729.3,288461
1646205300,729.05,732.45,727.75,732.4,217417
1646206200,732.4,737.7,731.95,737.2,388357
1646207100,737.1,738.85,735.1,736.25,231623
1646208000,736.35,737.8,735.4,737.25,176281
1646208900,737.1,740.4,736.8,738.3,310535
1646209800,738.25,739.6,737.05,738.7,259265
1646210700,738.95,739.0,733.85,734.55,299835
1646211600,734.75,738.8,734.5,738.45,218661
1646212500,738.5,739.2,737.1,738.95,311922
1646213400,739.6,749.9,739.6,749.65,1532847
1646214300,749.6,756.45,749.6,753.25,1690544
1646279100,756.0,759.45,749.6,750.65,658845
1646280000,750.65,751.1,746.1,746.65,361202
1646280900,746.8,747.95,745.4,746.05,172145
1646281800,746.05,746.75,743.95,744.5,194820
1646282700,744.5,745.0,740.4,741.15,264641
1646283600,741.15,742.8,740.0,740.05,176702
1646284500,740.1,740.1,738.0,738.3,167573
1646285400,738.0,740.7,737.6,739.85,267085
1646286300,739.8,745.35,739.5,745.05,578586
1646287200,745.0,745.3,743.1,744.1,219829
1646288100,743.9,744.0,740.8,742.25,193146
1646289000,742.3,743.2,741.35,741.55,163248
1646289900,741.7,741.7,738.5,739.15,366291
1646290800,739.05,739.05,736.1,736.9,323133
1646291700,736.95,739.5,735.65,736.45,295018
1646292600,736.5,736.75,734.15,735.65,339518
1646293500,735.65,735.9,732.6,734.45,283400
1646294400,734.45,738.0,733.8,737.6,246846
1646295300,737.6,739.9,737.0,738.2,295807
1646296200,738.3,738.5,734.15,736.2,275527
1646297100,736.2,738.95,734.0,738.15,288121
1646298000,737.9,740.8,736.8,740.5,331728
1646298900,740.4,740.4,737.0,737.65,320417
1646299800,737.75,742.95,732.4,742.15,780560
1646300700,741.95,743.8,734.4,736.1,774100
1646365500,723.0,727.15,718.2,718.4,1334946
1646366400,718.4,721.7,716.55,720.75,489716
1646367300,720.75,724.0,719.9,720.1,769391
1646368200,720.35,721.9,719.45,720.35,261595
1646369100,720.35,720.35,715.1,715.35,437518
1646370000,714.55,717.4,714.0,716.0,245967
1646370900,716.0,717.0,712.6,713.25,292391
1646371800,713.25,713.8,711.35,712.6,310797
1646372700,712.45,714.9,711.0,714.55,311114
1646373600,714.6,716.9,711.35,711.45,396415
1646374500,711.45,713.25,710.4,712.65,731443
1646375400,712.75,713.0,711.55,712.25,366062
1646376300,712.15,714.0,710.05,712.9,489806
1646377200,712.95,718.5,712.05,718.0,773124
1646378100,718.0,726.65,718.0,723.25,702366
1646379000,723.8,727.9,723.65,725.05,388129
1646379900,725.0,731.7,725.0,731.2,407027
1646380800,731.45,732.5,727.45,729.2,411473
1646381700,729.1,730.85,725.75,728.65,316400
1646382600,728.35,728.9,720.05,721.95,466577
1646383500,722.1,723.2,720.4,721.8,237166
1646384400,721.75,724.9,717.0,717.5,299513
1646385300,717.3,721.35,716.5,718.15,305751
1646386200,718.1,719.4,716.8,717.45,279159
1646387100,717.5,717.55,712.15,713.75,600053
1646624700,693.0,705.0,686.45,686.45,850286
1646625600,686.4,687.4,679.1,681.65,986988
1646626500,681.65,682.45,678.0,680.1,771766
1646627400,680.1,680.35,675.55,675.7,582839
1646628300,675.6,678.0,673.35,677.5,471393
1646629200,677.5,678.0,674.0,677.05,366252
1646630100,677.3,678.5,675.8,678.0,1029361
1646631000,678.0,678.7,672.5,675.45,707990
1646631900,675.45,678.0,674.6,677.1,447647
1646632800,677.1,677.15,673.55,674.2,615289
1646633700,674.2,676.5,672.7,676.5,634338
1646634600,676.5,677.25,673.45,673.9,411072
1646635500,673.95,674.85,671.0,671.15,416597
1646636400,671.35,672.35,668.0,670.6,768103
1646637300,670.55,674.15,670.3,670.55,769575
1646638200,670.55,671.15,666.4,667.6,539561
1646639100,667.6,668.05,662.6,663.7,806909
1646640000,663.65,666.55,663.05,664.8,728121
1646640900,664.9,665.3,661.05,663.75,718447
1646641800,663.3,665.0,655.6,657.0,1660525
1646642700,657.1,664.1,656.55,663.55,1184698
1646643600,663.65,666.5,662.6,664.4,781601
1646644500,664.45,668.0,663.6,663.9,906428
1646645400,664.15,668.75,662.0,668.0,1515636
1646646300,668.0,671.25,667.65,669.0,1437443
1646711100,665.0,668.75,658.0,660.0,2357824
1646712000,659.95,660.45,654.0,656.45,795989
1646712900,656.45,657.3,655.35,656.85,742998
1646713800,656.85,660.9,655.05,658.9,2398995
1646714700,658.9,661.9,656.0,660.35,1084627
1646715600,660.5,660.5,654.45,655.95,574198
1646716500,656.05,656.05,647.55,649.0,793719
1646717400,648.7,649.55,645.25,648.0,730961
1646718300,648.0,648.1,642.1,645.55,954652
1646719200,645.6,645.95,639.3,639.85,1015858
1646720100,639.85,641.65,637.0,639.85,876319
1646721000,639.85,646.65,639.85,645.75,740630
1646721900,645.55,650.2,645.55,649.15,1120345
1646722800,649.25,649.95,645.3,647.0,777473
1646723700,647.0,651.2,646.15,647.8,586830
1646724600,647.7,648.85,643.0,648.0,529829
1646725500,648.35,648.9,644.15,644.3,303491
1646726400,644.6,651.55,644.2,651.55,606643
1646727300,651.55,654.0,649.5,653.0,597126
1646728200,653.25,658.0,652.8,656.0,1101110
1646729100,656.25,656.25,650.15,653.25,484733
1646730000,653.65,660.0,653.0,659.2,887686
1646730900,659.2,669.0,659.2,668.7,1707674
1646731800,668.7,671.4,665.1,670.0,1654559
1646732700,670.4,673.75,669.15,670.5,1377683
1646797500,671.5,674.45,666.05,670.5,1358548
1646798400,670.2,671.55,662.9,665.3,683804
1646799300,665.3,668.0,661.3,665.3,650104
1646800200,665.3,667.15,662.1,663.4,648692
1646801100,663.4,666.75,663.35,663.75,704496
1646802000,664.0,664.5,660.65,662.05,598214
1646802900,662.05,663.6,662.0,663.55,346829
1646803800,663.9,664.9,661.45,662.1,421500
1646804700,662.3,663.3,659.1,660.5,625537
1646805600,660.7,662.65,660.5,662.0,431014
1646806500,662.0,663.7,660.0,663.65,475963
1646807400,663.65,663.7,662.0,662.0,316455
1646808300,662.0,671.4,661.55,670.45,655936
1646809200,670.45,672.0,669.7,671.0,727800
1646810100,671.0,674.25,670.95,673.8,691365
1646811000,673.8,674.85,671.75,674.3,616717
1646811900,674.3,674.4,671.0,671.2,548096
1646812800,671.15,673.4,666.5,672.7,851588
1646813700,672.7,674.65,671.3,672.9,488943
1646814600,672.6,672.95,669.8,670.0,995180
1646815500,670.1,672.3,670.1,671.55,1180677
1646816400,671.4,672.95,669.45,670.0,1009679
1646817300,670.0,680.5,669.15,674.0,1910612
1646818200,674.4,676.6,671.3,674.0,1744878
1646819100,674.15,677.05,673.45,677.0,1724510
1646883900,707.9,710.45,696.6,703.35,4561886
1646884800,703.55,710.85,702.75,707.0,1350475
1646885700,707.0,712.5,706.8,711.4,960216
1646886600,711.6,714.85,710.65,714.5,716709
1646887500,714.55,717.95,713.3,717.8,588544
1646888400,718.0,720.4,715.85,715.85,1361618
1646889300,715.55,718.35,715.55,716.35,582076
1646890200,716.35,717.45,715.15,715.55,432738
1646891100,715.65,715.9,714.0,714.2,363441
1646892000,714.35,714.35,708.55,710.9,816588
1646892900,711.15,712.0,708.8,710.4,420020
1646893800,710.4,711.05,706.0,706.3,555873
1646894700,706.3,709.4,704.45,707.85,620442
1646895600,707.8,707.85,702.75,703.95,520560
1646896500,703.95,704.9,701.4,704.15,507571
1646897400,704.2,704.35,698.95,701.95,603481
1646898300,702.0,704.85,702.0,703.75,447129
1646899200,703.7,703.95,695.35,697.55,690450
1646900100,697.5,697.5,689.5,693.55,1362771
1646901000,693.4,695.75,689.2,695.5,764469
1646901900,695.45,696.0,688.25,689.3,593430
1646902800,689.25,699.1,689.25,694.1,900385
1646903700,694.1,694.55,689.0,691.15,914344
1646904600,691.0,697.55,689.35,696.25,1325200
1646905500,696.25,697.3,693.6,694.95,1097494
1646970300,691.9,700.65,687.45,700.25,1140693
1646971200,700.3,706.0,699.35,704.0,1392742
1646972100,704.0,705.8,702.45,704.3,550724
1646973000,704.25,706.65,702.5,703.4,488094
1646973900,703.4,704.25,698.2,699.15,595940
1646974800,699.05,699.7,696.35,699.0,439616
1646975700,698.95,700.7,695.25,699.1,391526
1646976600,699.15,700.2,696.35,696.35,351086
1646977500,696.3,700.95,695.6,700.6,263741
1646978400,700.65,703.9,700.3,701.95,400627
1646979300,701.95,703.6,700.5,700.9,425550
1646980200,701.0,701.9,698.25,701.5,367723
1646981100,701.5,703.3,699.45,699.5,453782
1646982000,699.85,700.75,697.7,698.45,570316
1646982900,698.4,700.45,696.15,697.45,433985
1646983800,697.4,697.4,691.85,694.9,697839
1646984700,694.65,695.45,691.5,694.9,555308
1646985600,695.3,695.8,689.2,689.45,695420
1646986500,689.5,690.95,688.4,690.25,555403
1646987400,690.25,692.7,689.7,692.1,336878
1646988300,692.1,694.6,690.55,690.6,516581
1646989200,690.6,693.75,689.5,693.0,495524
1646990100,693.2,693.85,689.85,689.9,494198
1646991000,689.9,693.35,689.15,691.0,806432
1646991900,691.0,691.5,689.85,691.2,781935
1647229500,694.7,699.0,690.2,691.2,1149701
1647230400,691.0,691.9,686.5,686.9,682810
1647231300,686.9,694.5,685.0,693.8,655017
1647232200,693.75,696.85,693.6,696.1,351728
1647233100,696.1,698.0,694.15,695.75,286216
1647234000,695.95,697.9,695.4,696.25,216159
1647234900,696.55,698.85,695.5,698.85,233982
1647235800,698.9,701.5,697.6,700.95,933702
1647236700,700.85,702.45,699.3,701.95,248133
1647237600,701.95,703.55,700.2,702.7,279749
1647238500,702.9,705.0,701.65,703.3,309871
1647239400,703.3,704.5,702.4,703.0,206595
1647240300,703.0,704.95,702.05,703.7,312293
1647241200,703.9,706.45,703.55,705.5,327665
1647242100,705.3,708.0,705.0,706.5,315869
1647243000,706.7,707.5,706.0,706.15,208782
1647243900,706.15,706.9,704.2,705.8,306645
1647244800,705.7,708.45,705.0,707.6,227407
1647245700,707.7,708.9,706.2,707.75,268220
1647246600,707.75,708.1,705.55,706.65,170736
1647247500,706.65,710.6,706.55,710.5,596536
1647248400,710.45,712.1,709.4,711.25,327155
1647249300,711.25,712.0,709.0,711.3,369645
1647250200,711.3,712.4,709.9,710.4,626541
1647251100,710.25,711.95,706.8,711.45,1062936
1647315900,713.0,718.0,711.5,714.75,1138823
1647316800,714.75,716.0,710.05,711.8,565085
1647317700,711.7,712.45,707.3,708.95,475876
1647318600,708.95,713.75,708.45,713.1,362328
1647319500,713.1,716.7,712.8,716.7,556847
1647320400,716.95,717.0,713.05,714.6,343898
1647321300,714.75,714.75,709.7,710.55,334092
1647322200,710.4,711.45,709.0,709.75,465798
1647323100,709.7,710.8,707.5,709.85,347418
1647324000,709.85,710.0,708.2,709.1,244227
1647324900,709.1,712.65,709.05,712.0,389811
1647325800,711.95,713.25,711.5,711.75,314567
1647326700,711.75,711.9,706.9,709.1,312495
1647327600,709.0,709.0,702.5,705.9,711248
1647328500,706.25,707.6,704.0,705.7,386927
1647329400,705.55,705.55,703.2,703.5,431253
1647330300,703.5,703.55,699.35,702.2,436282
1647331200,702.1,704.2,700.05,701.55,301505
1647332100,701.55,701.7,697.05,698.1,330012
1647333000,697.95,700.0,696.0,698.05,366485
1647333900,698.0,698.0,695.3,697.0,315964
1647334800,696.95,699.9,696.45,697.95,361151
1647335700,697.95,704.5,697.25,704.5,642096
1647336600,704.5,705.45,697.1,697.35,971235
1647337500,697.25,698.75,695.0,695.5,1022084
1647402300,711.0,722.0,709.1,721.85,1741537
1647403200,722.3,725.5,721.45,721.5,1083450
1647404100,721.8,723.65,720.25,722.15,502952
1647405000,722.15,724.15,720.5,720.9,362601
1647405900,720.95,722.5,718.55,720.5,355145
1647406800,720.5,722.5,720.5,722.2,190035
1647407700,722.2,723.25,720.85,721.35,160730
1647408600,721.1,721.5,719.8,721.15,150178
1647409500,721.0,722.0,720.0,720.2,153285
1647410400,720.4,722.95,720.2,721.9,171861
1647411300,721.75,723.6,721.55,722.0,253570
1647412200,722.2,723.6,721.1,722.85,170420
1647413100,722.75,724.8,722.5,723.35,202225
1647414000,723.3,726.0,722.55,724.15,401833
1647414900,724.25,725.4,722.6,722.6,234695
1647415800,722.6,722.9,720.0,720.0,466635
1647416700,719.7,722.75,718.5,722.75,369422
1647417600,722.75,723.85,721.95,722.05,254269
1647418500,722.05,723.8,721.55,722.0,154891
1647419400,722.15,723.5,721.55,721.7,154657
1647420300,721.7,722.5,720.3,722.5,179366
1647421200,722.7,722.85,720.55,722.0,238228
1647422100,722.0,723.45,721.5,723.15,403051
1647423000,723.25,725.6,722.9,723.9,729530
1647423900,723.95,724.55,722.1,722.95,904039
1647488700,737.0,745.2,737.0,740.8,1999521
1647489600,740.85,741.8,739.0,739.15,671199
1647490500,739.1,740.95,738.0,740.9,412535
1647491400,740.95,741.3,739.0,739.85,295834
1647492300,739.65,740.75,738.15,739.6,320988
1647493200,739.6,741.0,739.05,739.65,269879
1647494100,739.65,739.9,739.0,739.55,298362
1647495000,739.5,739.8,738.05,739.4,290627
1647495900,739.45,740.5,738.3,740.5,225936
1647496800,740.3,741.5,739.8,741.4,536129
1647497700,741.45,741.95,740.8,741.4,361649
1647498600,741.45,741.7,738.15,739.9,407530
1647499500,739.9,741.2,737.1,741.0,407607
1647500400,740.95,742.35,740.4,742.2,321149
1647501300,742.2,742.9,741.05,741.6,294709
1647502200,741.65,742.65,741.0,742.3,326197
1647503100,742.4,743.95,741.25,742.0,485522
1647504000,742.05,743.5,741.9,742.7,333902
1647504900,742.7,744.5,741.7,743.5,459979
1647505800,743.45,746.65,742.75,744.85,690854
1647506700,744.95,746.0,744.1,745.7,427220
1647507600,745.75,746.75,743.65,744.6,482442
1647508500,744.5,745.8,743.0,745.55,406097
1647509400,745.35,745.35,737.25,738.35,1590018
1647510300,738.35,739.5,736.45,737.5,1252525
1647834300,745.0,749.4,737.1,739.5,976785
1647835200,739.5,739.65,734.2,735.25,361776
1647836100,735.25,736.7,734.5,735.3,160146
1647837000,735.25,737.15,735.0,735.1,122799
1647837900,735.1,735.3,732.85,734.8,168664
1647838800,734.85,735.85,733.3,735.3,76390
1647839700,735.35,736.35,734.1,735.05,86708
1647840600,735.1,738.95,735.0,736.2,195473
1647841500,736.2,737.45,735.05,735.35,109752
1647842400,735.3,735.6,733.15,733.15,171084
1647843300,733.15,733.2,730.4,730.5,370816
1647844200,730.55,731.6,730.0,730.55,195993
1647845100,730.55,731.0,729.55,730.0,168832
1647846000,730.1,730.1,726.05,727.05,308221
1647846900,727.05,727.7,725.5,725.8,322640
1647847800,725.85,726.55,723.7,724.35,745068
1647848700,724.4,725.65,724.2,724.9,180799
1647849600,724.85,728.2,724.3,727.15,271277
1647850500,727.35,727.4,726.0,727.4,167602
1647851400,727.45,730.35,727.15,729.7,287959
1647852300,729.75,729.9,726.05,727.5,205986
1647853200,727.5,727.5,725.0,726.5,233134
1647854100,726.3,727.4,725.4,725.9,207706
1647855000,726.05,728.15,724.0,726.5,623360
1647855900,726.55,727.9,725.35,726.7,668315
1647920700,729.0,729.0,714.65,714.7,914497
1647921600,715.4,716.95,710.65,711.05,1352467
1647922500,711.0,712.65,709.5,710.8,805771
1647923400,710.85,714.0,708.05,708.5,499540
1647924300,708.8,711.5,706.35,711.4,498730
1647925200,711.4,712.4,710.3,711.65,177496
1647926100,711.6,713.9,711.3,713.3,242043
1647927000,713.3,716.5,713.3,715.55,314124
1647927900,715.6,715.7,714.65,715.15,145379
1647928800,715.15,715.65,711.7,711.9,295245
1647929700,711.85,711.9,708.7,709.8,664339
1647930600,709.85,712.0,709.05,709.95,427546
1647931500,710.0,712.5,709.3,712.35,274116
1647932400,712.25,719.3,709.4,717.35,421447
1647933300,717.4,721.0,717.4,720.75,344033
1647934200,720.55,726.75,720.55,725.75,462574
1647935100,725.75,727.9,724.15,726.9,404328
1647936000,727.0,729.35,725.65,728.05,330317
1647936900,728.3,731.55,727.1,731.1,378651
1647937800,731.1,732.4,728.4,730.0,354504
1647938700,730.0,730.75,727.65,729.0,244225
1647939600,729.0,730.45,726.55,729.5,188503
1647940500,729.5,730.7,727.85,729.0,204627
1647941400,729.2,731.65,728.2,731.0,464208
1647942300,731.0,736.0,730.1,735.0,692263
1648007100,736.1,742.9,736.1,738.2,742017
1648008000,738.45,738.85,733.2,734.4,447920
1648008900,734.25,737.0,732.0,733.75,324188
1648009800,733.75,734.9,732.45,734.35,165613
1648010700,734.25,735.0,731.3,732.75,241134
1648011600,732.65,734.45,732.0,733.4,133486
1648012500,733.35,736.0,733.15,736.0,160237
1648013400,735.85,736.0,729.55,731.25,172965
1648014300,731.0,732.4,730.35,732.05,130180
1648015200,732.05,732.7,730.5,730.5,112439
1648016100,730.5,734.25,729.9,730.45,217247
1648017000,731.0,731.5,728.45,731.25,161874
1648017900,731.25,731.55,728.5,729.15,187728
1648018800,729.15,729.8,726.75,727.85,206168
1648019700,727.85,729.25,727.2,728.35,143797
1648020600,728.2,730.45,727.5,729.5,158553
1648021500,729.2,732.5,727.7,730.95,189887
1648022400,730.7,731.8,728.35,728.8,207837
1648023300,728.75,728.75,725.2,726.7,202287
1648024200,726.7,727.9,725.2,726.75,165566
1648025100,726.7,728.75,725.6,727.9,114139
1648026000,727.85,729.85,726.45,727.55,199056
1648026900,727.5,729.0,726.75,728.25,172551
1648027800,728.2,729.5,726.05,727.15,389776
1648028700,727.1,728.55,724.65,725.15,524701
1648093500,719.1,728.65,719.0,721.05,792923
1648094400,720.9,723.9,720.0,723.6,452313
1648095300,723.45,727.0,722.5,727.0,497419
1648096200,727.0,727.25,725.05,726.25,252517
1648097100,725.9,726.15,724.25,724.8,223425
1648098000,724.95,726.4,724.55,724.75,191652
1648098900,724.85,725.9,723.05,724.45,237008
1648099800,724.45,728.3,724.45,727.4,421110
1648100700,727.35,730.0,726.4,729.7,283717
1648101600,729.7,730.45,728.2,728.4,206609
1648102500,728.5,729.0,723.0,723.55,266144
1648103400,723.4,724.1,720.65,721.3,234819
1648104300,721.6,722.75,719.8,720.0,361811
1648105200,720.0,723.4,719.55,722.55,206866
1648106100,722.5,722.95,721.0,721.85,125216
1648107000,721.9,722.9,720.5,720.75,126987
1648107900,720.85,726.9,720.45,725.9,257281
1648108800,725.85,726.55,722.15,722.25,197783
1648109700,722.25,722.75,720.0,721.7,172116
1648110600,721.65,725.25,721.65,724.3,125925
1648111500,724.2,725.25,722.1,724.85,166098
1648112400,725.0,725.9,723.0,724.25,137414
1648113300,724.25,725.5,723.0,724.25,238615
1648114200,724.25,725.2,720.8,722.0,692492
1648115100,721.85,722.55,721.1,721.85,646522
1648179900,723.3,726.65,717.5,718.75,618534
1648180800,718.35,719.95,716.2,719.1,356691
1648181700,719.0,721.9,717.05,721.2,397180
1648182600,721.2,722.4,719.05,719.65,373421
1648183500,719.65,722.15,718.5,722.0,174255
1648184400,722.0,722.85,719.0,721.65,138890
1648185300,721.65,722.2,720.3,720.85,102487
1648186200,720.85,720.95,719.25,720.85,100272
1648187100,720.85,721.5,719.8,721.25,79826
1648188000,721.25,721.85,719.5,720.95,125877
1648188900,720.95,721.5,719.15,720.7,93935
1648189800,720.65,720.7,716.35,716.9,245156
1648190700,716.9,718.1,716.2,717.45,102911
1648191600,717.2,718.95,716.5,718.4,148774
1648192500,718.4,718.85,717.25,717.65,102410
1648193400,717.7,720.5,717.05,719.3,153143
1648194300,719.45,720.3,718.4,719.85,87115
1648195200,719.85,722.2,717.65,717.8,246152
1648196100,717.75,719.1,716.3,717.95,145125
1648197000,717.8,719.0,715.5,717.75,154484
1648197900,717.9,719.8,717.45,719.0,126577
1648198800,719.0,719.7,716.75,717.4,97144
1648199700,717.4,718.45,716.5,718.2,129107
1648200600,718.4,720.8,716.6,718.85,470582
1648201500,718.9,726.5,718.6,724.55,642340
1648439100,726.0,728.55,717.55,719.0,506168
1648440000,718.95,720.3,717.8,718.5,204988
1648440900,718.5,719.5,716.25,719.35,259711
1648441800,719.1,719.7,715.7,717.1,187946
1648442700,717.1,718.9,716.2,718.45,111650
1648443600,718.2,719.3,716.9,718.2,90973
1648444500,718.15,720.0,717.95,719.15,107638
1648445400,719.15,719.35,717.1,718.5,114599
1648446300,718.5,719.5,717.25,718.7,208720
1648447200,718.7,719.25,716.5,716.6,158832
1648448100,716.6,717.75,715.05,717.5,174153
1648449000,717.5,720.75,715.8,719.6,200243
1648449900,719.7,723.0,719.55,721.8,394175
1648450800,721.8,726.55,721.55,725.7,356722
1648451700,725.95,730.8,725.85,730.7,365486
1648452600,730.7,731.75,728.7,730.7,285518
1648453500,730.95,732.8,730.35,731.6,370385
1648454400,731.4,731.4,728.2,729.9,215253
1648455300,729.9,731.5,729.0,731.2,147398
1648456200,731.15,731.6,727.5,729.95,343678
1648457100,729.95,732.25,729.5,731.5,213868
1648458000,731.5,735.5,731.5,734.2,478266
1648458900,734.3,737.9,733.2,737.4,446255
1648459800,737.5,737.5,734.35,735.2,511846
1648460700,735.0,737.0,735.0,736.5,617594
1648525500,741.65,741.65,735.55,737.05,675653
1648526400,737.0,738.6,735.95,736.2,255287
1648527300,736.35,736.6,733.35,733.6,286720
1648528200,733.6,735.95,733.6,733.95,130214
1648529100,733.85,736.8,733.85,735.05,134325
1648530000,735.15,736.8,735.0,736.0,159517
1648530900,736.0,737.45,735.2,737.25,149348
1648531800,737.2,739.6,737.2,738.3,239282
1648532700,738.25,738.8,737.5,738.4,87334
1648533600,738.25,738.4,735.5,736.25,171896
1648534500,736.2,736.8,734.15,734.6,137815
1648535400,734.55,737.05,734.0,735.75,93050
1648536300,735.85,740.0,735.3,739.8,172924
1648537200,739.8,739.8,735.85,736.1,137792
1648538100,736.15,739.45,736.05,738.5,140122
1648539000,738.5,738.9,734.15,735.35,152797
1648539900,735.3,735.3,731.1,733.65,306161
1648540800,733.75,733.8,732.0,732.5,137129
1648541700,732.5,733.75,731.3,731.3,145585
1648542600,731.25,734.0,731.25,732.95,232548
1648543500,732.85,734.9,732.65,733.6,201676
1648544400,733.6,734.25,731.0,732.35,209821
1648545300,732.3,734.95,732.0,733.8,181473
1648546200,734.05,739.0,732.55,737.6,695075
1648547100,737.7,740.0,737.35,738.8,921258
1648611900,747.0,747.0,741.3,744.7,578681
1648612800,744.75,751.0,742.5,750.9,764916
1648613700,750.65,757.5,748.5,756.0,1195981
1648614600,756.05,756.45,753.55,754.1,558167
1648615500,754.1,761.0,754.1,760.05,626071
1648616400,760.0,765.4,759.1,763.45,1006333
1648617300,763.45,763.8,761.5,762.55,543958
1648618200,762.85,765.85,762.35,762.35,487084
1648619100,762.65,762.95,759.5,760.35,463648
1648620000,760.35,762.95,758.55,758.55,342428
1648620900,758.65,760.75,757.35,757.75,468703
1648621800,757.65,759.0,753.1,753.6,512395
1648622700,753.6,755.5,751.0,754.5,517923
1648623600,754.7,757.4,753.3,756.5,245918
1648624500,756.5,756.65,752.6,754.2,214685
1648625400,754.15,754.2,751.2,753.4,283081
1648626300,753.4,756.5,753.25,754.75,219586
1648627200,754.65,755.65,752.15,753.3,173639
1648628100,753.3,756.4,751.9,755.1,238192
1648629000,755.1,756.1,753.5,754.9,194804
1648629900,754.9,754.9,752.7,753.45,202001
1648630800,753.45,754.5,750.25,750.3,357066
1648631700,750.45,753.45,749.25,752.45,564771
1648632600,752.15,754.45,749.0,749.0,2861283
1648633500,749.35,755.4,746.55,754.5,2937290
1648698300,763.0,763.0,751.3,752.8,5742342
1648699200,752.8,759.5,752.7,758.2,1770077
1648700100,758.0,761.75,757.95,760.1,1594429
1648701000,760.1,760.9,757.85,760.0,747996
1648701900,759.95,761.2,758.6,759.1,476204
1648702800,759.1,759.25,757.15,757.85,412332
1648703700,757.85,759.5,757.5,759.0,285655
1648704600,758.8,760.0,758.45,758.8,290035
1648705500,759.0,759.8,757.6,757.95,242825
1648706400,757.95,758.55,756.7,757.45,273089
1648707300,757.45,758.45,756.2,756.9,294554
1648708200,756.95,757.75,754.3,757.5,523301
1648709100,757.6,757.7,756.1,757.55,237892
1648710000,757.55,758.55,756.4,756.85,296963
1648710900,756.9,757.15,755.6,756.6,237345
1648711800,756.6,758.5,756.4,757.45,311370
1648712700,757.5,758.5,756.45,756.6,236682
1648713600,756.6,758.0,756.25,756.65,249109
1648714500,756.8,758.0,756.0,757.25,288546
1648715400,757.3,758.45,755.7,757.6,408468
1648716300,757.75,761.8,757.7,761.65,750447
1648717200,761.55,761.8,757.05,757.8,711567
1648718100,757.6,760.0,757.55,759.35,474813
1648719000,759.0,762.8,758.55,760.75,1691456
1648719900,760.75,762.15,760.05,761.15,1626759
1648784700,760.0,763.8,755.15,759.4,1125112
1648785600,759.3,762.5,758.35,761.9,411931
1648786500,761.9,763.5,760.85,763.1,331315
1648787400,763.1,765.0,761.85,762.25,370080
1648788300,762.1,767.65,762.0,767.65,429919
1648789200,767.65,768.25,764.3,766.0,399560
1648790100,766.0,766.9,763.6,764.75,187713
1648791000,764.75,766.35,764.0,765.3,165168
1648791900,765.35,765.55,763.7,765.1,137009
1648792800,765.3,765.35,763.5,764.25,152161
1648793700,764.25,765.2,762.15,762.9,298608
1648794600,762.9,763.55,759.3,762.8,422323
1648795500,762.75,765.3,762.75,764.75,250335
1648796400,764.75,766.6,764.35,766.1,279346
1648797300,766.1,766.55,764.45,764.45,196655
1648798200,764.45,764.8,763.5,764.05,152994
1648799100,764.05,766.9,764.05,766.05,190736
1648800000,766.3,769.4,765.35,768.7,519948
1648800900,768.7,772.7,768.5,769.95,709644
1648801800,770.0,772.45,769.95,772.2,255146
1648802700,772.25,773.95,771.7,772.25,258323
1648803600,772.3,772.9,770.9,772.35,183336
1648804500,772.6,773.9,771.1,771.8,265172
1648805400,771.8,775.45,771.7,775.25,772490
1648806300,775.45,775.75,773.0,773.05,826160
1649043900,780.0,780.8,767.0,778.0,1858166
1649044800,778.05,780.55,775.6,775.6,692718
1649045700,775.55,777.0,772.3,773.5,395371
1649046600,773.55,774.8,771.05,773.6,551902
1649047500,773.8,774.75,770.15,773.55,438595
1649048400,773.35,775.95,771.8,773.25,387356
1649049300,773.65,774.7,771.2,772.7,315848
1649050200,772.5,774.1,771.3,771.45,375277
1649051100,771.45,775.55,771.1,772.95,365849
1649052000,773.3,773.3,770.95,772.75,426829
1649052900,772.75,775.5,772.3,775.05,287924
1649053800,775.0,775.5,773.55,773.65,180928
1649054700,773.6,776.95,773.55,776.1,226382
1649055600,776.1,776.5,773.45,774.5,144954
1649056500,774.6,775.9,773.25,775.05,181992
1649057400,775.05,778.05,774.55,776.8,240582
1649058300,776.45,778.85,776.2,778.6,241897
1649059200,778.45,780.0,777.35,778.2,370343
1649060100,778.15,780.0,777.5,778.8,312253
1649061000,778.8,781.55,778.55,780.5,311515
1649061900,780.55,782.0,779.5,781.5,250475
1649062800,781.35,785.0,781.05,784.75,418140
1649063700,785.0,785.5,783.0,783.7,411006
1649064600,784.0,785.2,782.6,784.9,875674
1649065500,784.6,785.0,782.5,783.55,654656
1649130300,776.0,788.5,776.0,783.8,720241
1649131200,783.8,783.8,778.4,778.85,398372
1649132100,778.75,780.0,777.3,779.95,224394
1649133000,779.75,780.75,778.4,779.75,173540
1649133900,779.75,782.65,779.75,781.65,264682
1649134800,781.8,782.35,779.3,780.15,238921
1649135700,780.2,782.15,780.2,781.9,153698
1649136600,781.9,784.7,781.65,782.2,497383
1649137500,782.25,784.0,781.45,783.7,119085
1649138400,783.65,785.6,783.55,785.3,271105
1649139300,785.15,786.35,784.6,785.25,327994
1649140200,785.15,786.25,784.7,786.2,127277
1649141100,786.25,786.45,785.0,786.0,171079
1649142000,786.0,786.65,785.65,786.3,124193
1649142900,786.35,788.0,786.2,787.55,184405
1649143800,787.55,791.1,787.35,791.1,276735
1649144700,791.05,795.55,791.05,794.4,444295
1649145600,794.75,796.0,793.3,795.0,350764
1649146500,795.0,795.7,793.8,794.45,296594
1649147400,794.4,794.4,789.0,789.65,376013
1649148300,789.65,791.4,786.3,787.3,287303
1649149200,787.25,789.1,786.8,788.2,170768
1649150100,788.2,788.2,784.6,786.5,314013
1649151000,786.5,787.1,782.45,782.7,317391
1649151900,782.45,783.5,780.0,781.0,448239
1649216700,777.0,779.95,774.2,776.65,1324907
1649217600,776.3,777.55,773.5,773.6,595163
1649218500,773.6,774.1,770.3,771.5,616927
1649219400,771.8,771.8,769.2,771.25,635508
1649220300,771.2,772.4,770.0,770.15,553853
1649221200,770.15,772.6,769.6,771.95,704234
1649222100,772.15,774.5,771.6,773.45,340765
1649223000,773.45,775.25,772.45,774.65,423889
1649223900,774.65,776.45,774.05,775.65,325225
1649224800,775.55,776.25,774.15,774.9,159473
1649225700,774.9,776.9,773.0,776.55,329413
1649226600,776.75,777.8,776.25,776.6,334100
1649227500,776.45,778.0,775.45,776.3,195028
1649228400,776.2,779.8,776.15,779.55,267843
1649229300,779.55,779.9,776.75,776.9,245992
1649230200,776.6,778.05,774.5,775.7,208906
1649231100,775.7,776.25,773.55,773.55,146807
1649232000,773.8,775.7,773.05,775.7,139522
1649232900,775.5,776.8,774.05,775.4,146453
1649233800,775.4,775.4,773.0,773.6,185229
1649234700,773.4,776.25,773.1,776.2,227704
1649235600,776.05,778.5,775.05,777.3,378455
1649236500,777.15,777.9,774.3,774.5,242684
1649237400,774.55,777.45,772.4,773.5,580340
1649238300,773.5,774.55,772.05,773.75,623554
1649303100,769.5,777.5,769.2,773.5,665772
1649304000,773.75,779.4,773.35,779.0,393590
1649304900,779.0,779.25,777.1,778.65,277112
1649305800,778.5,783.0,777.75,782.25,338032
1649306700,782.65,783.45,778.4,779.3,359446
1649307600,779.15,780.5,778.05,780.3,184201
1649308500,780.5,782.0,777.25,779.5,185053
1649309400,779.3,784.0,779.3,783.0,270179
1649310300,783.15,784.85,782.4,784.8,236385
1649311200,785.35,787.0,784.05,786.75,334482
1649312100,786.65,790.95,786.5,790.65,446293
1649313000,790.8,795.0,790.55,792.15,735274
1649313900,792.1,794.9,791.8,793.65,402873
1649314800,793.7,794.8,792.8,794.15,251221
1649315700,794.4,794.5,791.35,793.3,243484
1649316600,793.5,794.8,792.5,793.3,256382
1649317500,793.25,793.5,792.0,792.0,219642
1649318400,792.1,792.25,788.25,788.35,465787
1649319300,788.5,788.5,785.3,787.5,514131
1649320200,787.5,790.2,786.75,787.45,289629
1649321100,787.45,789.5,785.4,789.35,342950
1649322000,789.1,791.1,788.75,790.5,283148
1649322900,790.35,793.5,790.2,792.3,393111
1649323800,792.3,794.3,791.1,791.85,759159
1649324700,791.85,793.25,790.0,791.9,951248
1649389500,794.9,797.15,790.4,790.5,1114699
1649390400,790.6,794.9,789.0,793.85,437796
1649391300,793.85,796.55,790.15,793.65,514728
1649392200,793.9,798.85,789.5,797.15,806689
1649393100,797.6,798.0,790.95,794.75,568865
1649394000,794.65,796.0,792.6,794.5,179955
1649394900,794.5,795.15,793.25,794.5,87151
1649395800,794.5,794.7,791.25,791.55,167422
1649396700,791.7,791.9,790.0,790.95,184858
1649397600,790.95,794.0,790.15,792.7,139424
1649398500,792.75,794.0,791.8,793.4,113164
1649399400,793.4,794.6,792.2,794.25,217811
1649400300,794.25,795.9,793.4,795.5,241687
1649401200,795.5,797.4,794.75,796.55,413417
1649402100,796.55,796.55,794.5,795.2,147587
1649403000,795.15,797.3,794.0,796.2,144913
1649403900,796.35,796.8,795.55,796.7,74729
1649404800,796.7,799.6,796.5,798.05,325773
1649405700,798.2,798.95,797.15,798.45,196142
1649406600,798.5,800.7,798.5,800.35,356045
1649407500,800.35,800.45,796.95,797.4,236111
1649408400,797.35,797.75,796.0,796.7,195824
1649409300,796.7,797.05,792.7,795.95,449825
1649410200,796.0,796.1,793.3,794.4,294242
1649411100,794.4,796.45,794.0,796.2,469147
1649648700,789.45,792.65,786.05,787.7,642958
1649649600,787.95,792.3,787.05,790.0,554619
1649650500,790.0,792.0,789.5,790.95,289815
1649651400,791.0,791.9,789.35,791.55,242207
1649652300,791.75,794.25,790.5,792.1,330507
1649653200,791.75,793.6,791.0,791.25,192745
1649654100,791.2,791.35,789.0,789.85,185955
1649655000,789.85,790.75,788.75,790.15,175271
1649655900,790.15,790.9,789.8,790.5,96926
1649656800,790.55,790.8,790.0,790.15,72899
1649657700,790.1,791.1,789.8,790.5,149638
1649658600,790.55,791.9,789.4,790.25,153660
1649659500,790.3,790.65,788.05,788.05,192288
1649660400,788.0,788.55,786.25,787.3,329867
1649661300,787.2,791.5,786.7,791.5,206545
1649662200,791.5,792.5,790.55,791.8,282006
1649663100,791.85,792.4,790.35,791.55,134096
1649664000,791.45,792.2,789.6,789.6,177841
1649664900,789.6,790.45,788.4,788.8,185868
1649665800,788.8,790.35,788.05,789.95,158697
1649666700,789.95,790.65,789.05,789.45,130942
1649667600,789.35,790.05,788.0,788.4,172850
1649668500,788.4,788.4,786.2,787.0,254271
1649669400,786.75,787.0,784.05,785.3,371818
1649670300,785.3,789.2,784.5,788.65,639418
1649735100,780.1,783.5,779.45,782.25,481174
1649736000,782.2,784.8,781.0,784.15,269733
1649736900,784.2,785.25,781.35,781.9,328486
1649737800,781.9,782.65,779.05,781.45,209587
1649738700,781.45,784.2,781.3,783.9,181729
1649739600,784.1,786.15,781.7,783.1,558673
1649740500,783.2,783.2,779.55,780.2,235126
1649741400,780.15,781.3,779.7,780.55,156690
1649742300,780.55,781.3,779.65,780.45,132932
1649743200,780.4,782.9,777.8,782.6,239536
1649744100,782.65,783.4,781.45,783.15,126969
1649745000,783.15,785.4,782.6,784.0,170929
1649745900,784.0,786.0,783.75,785.0,135093
1649746800,785.05,787.95,784.0,787.35,366261
1649747700,787.55,791.7,787.55,790.75,411410
1649748600,790.85,791.0,787.4,787.55,251059
1649749500,787.6,789.85,787.3,788.3,184601
1649750400,787.9,788.5,786.2,786.95,204258
1649751300,786.85,790.95,786.55,790.65,273336
1649752200,790.65,794.9,790.65,794.0,381505
1649753100,794.0,797.4,792.85,797.05,386147
1649754000,797.05,801.0,797.0,799.4,556920
1649754900,799.35,799.95,795.7,797.85,403370
1649755800,798.45,799.0,797.05,798.95,407156
1649756700,799.0,799.75,797.45,798.5,589493
1649821500,805.8,805.8,801.0,802.95,1036281
1649822400,802.75,804.25,801.2,801.7,390340
1649823300,801.8,802.45,799.25,800.0,430698
1649824200,799.95,800.0,795.55,796.75,516853
1649825100,796.7,799.2,796.25,797.25,332423
1649826000,797.05,800.0,796.8,797.5,192100
1649826900,797.5,799.75,797.2,798.45,178884
1649827800,798.25,799.8,797.5,798.0,141254
1649828700,798.0,799.6,796.6,799.35,271648
1649829600,799.35,800.0,798.6,798.65,230886
1649830500,798.65,799.65,797.55,798.65,137481
1649831400,798.85,799.15,793.1,793.65,302308
1649832300,793.35,795.45,793.0,793.3,229821
1649833200,793.25,797.35,791.0,797.15,344447
1649834100,797.15,797.15,794.9,796.15,149831
1649835000,796.15,797.3,794.7,796.7,136204
1649835900,796.8,797.55,795.0,795.9,179118
1649836800,795.9,797.15,795.25,796.2,156977
1649837700,796.0,796.95,793.15,793.45,173922
1649838600,793.5,797.0,792.35,796.55,177214
1649839500,796.55,797.7,795.2,796.0,146701
1649840400,796.05,797.5,794.35,797.0,174812
1649841300,797.0,797.05,794.1,794.1,247370
1649842200,794.1,795.4,792.2,793.0,631080
1649843100,793.0,793.8,790.85,791.65,691439
1650253500,780.0,785.5,776.0,782.75,1056491
1650254400,782.75,787.5,782.75,786.1,877249
1650255300,786.15,786.25,781.6,782.9,549438
1650256200,782.95,782.95,779.85,781.55,554468
1650257100,781.55,781.7,779.7,780.0,382828
1650258000,780.0,782.75,779.8,781.35,381532
1650258900,781.35,782.2,780.4,780.4,251803
1650259800,780.5,781.45,779.15,780.25,303989
1650260700,780.25,785.0,780.25,785.0,345377
1650261600,785.0,787.0,784.0,786.95,373034
1650262500,787.0,788.9,784.8,786.7,396557
1650263400,786.7,787.75,785.0,786.9,254242
1650264300,786.9,787.45,784.8,784.8,285227
1650265200,784.8,785.0,783.5,783.75,340230
1650266100,783.85,784.7,781.9,782.6,295579
1650267000,782.6,783.85,780.95,782.6,312031
1650267900,782.55,785.25,782.5,784.75,221647
1650268800,784.75,786.6,784.2,785.5,274264
1650269700,785.5,787.8,785.0,787.3,230937
1650270600,787.4,788.75,785.4,788.7,270094
1650271500,788.3,791.0,788.3,790.1,297410
1650272400,790.1,795.95,790.0,795.65,710584
1650273300,795.85,797.5,794.6,797.25,579488
1650274200,797.1,799.0,796.55,798.85,833379
1650275100,798.85,801.65,798.0,798.55,1074289
1650339900,805.0,809.0,802.0,804.0,826367
1650340800,804.0,807.35,803.55,806.7,518202
1650341700,806.55,806.95,801.4,803.8,387919
1650342600,803.9,805.2,802.6,803.7,180524
1650343500,803.7,807.5,802.8,807.2,312228
1650344400,807.1,810.0,807.05,809.7,492838
1650345300,809.7,811.0,808.35,809.5,388807
1650346200,809.45,810.5,808.95,810.5,155971
1650347100,810.5,811.85,808.4,808.8,230958
1650348000,808.6,809.35,807.75,809.2,158789
1650348900,809.0,810.6,808.6,810.45,251948
1650349800,810.6,811.8,809.85,811.8,267643
1650350700,811.65,814.25,811.65,812.85,650015
1650351600,812.9,813.8,812.0,813.0,205914
1650352500,812.95,814.2,812.35,812.95,183832
1650353400,812.95,813.95,808.0,808.15,353223
1650354300,808.2,812.75,808.15,811.75,220160
1650355200,811.95,812.95,810.75,811.0,163330
1650356100,810.8,815.0,810.8,814.25,306800
1650357000,814.25,816.2,813.5,814.7,312549
1650357900,814.75,815.4,812.05,812.8,221217
1650358800,812.85,813.65,811.35,813.25,192369
1650359700,813.25,813.9,808.5,809.4,294776
1650360600,809.5,809.5,797.05,797.8,698357
1650361500,798.0,798.6,785.55,789.55,714178
1650426300,800.85,801.9,794.15,797.7,864036
1650427200,797.7,802.45,797.35,800.0,284807
1650428100,799.7,800.0,797.0,797.85,174359
1650429000,797.95,798.5,794.0,794.25,248108
1650429900,794.25,795.9,793.0,793.2,211844
1650430800,793.0,793.25,788.6,790.0,319726
1650431700,789.7,793.85,789.4,793.0,277321
1650432600,793.0,795.5,793.0,794.45,164490
1650433500,794.4,795.45,792.95,793.5,162058
1650434400,793.35,795.05,791.7,794.1,172006
1650435300,794.45,795.6,793.4,794.85,99422
1650436200,795.0,796.95,794.35,796.0,132330
1650437100,796.1,798.2,795.95,798.05,277058
1650438000,798.15,800.0,797.0,799.4,305127
1650438900,799.45,800.0,798.6,799.9,155762
1650439800,799.95,800.5,797.65,797.85,180801
1650440700,797.95,798.8,795.45,798.7,179666
1650441600,798.7,799.0,796.8,797.35,126682
1650442500,797.35,798.55,794.0,795.15,434270
1650443400,795.25,796.65,794.2,794.7,146647
1650444300,794.7,795.0,792.0,793.7,212400
1650445200,793.7,797.0,792.3,796.65,212686
1650446100,796.9,798.95,793.3,794.2,270968
1650447000,794.35,797.5,792.95,793.35,360518
1650447900,793.4,798.25,792.7,795.55,673388
1650512700,795.1,799.2,792.25,793.8,675000
1650513600,793.8,795.15,792.05,792.6,269437
1650514500,792.6,794.9,792.4,794.0,212206
1650515400,794.0,794.8,792.3,792.3,184640
1650516300,792.3,793.45,790.55,792.6,251587
1650517200,792.65,795.5,792.55,794.55,203504
1650518100,794.5,797.15,794.3,796.9,252070
1650519000,796.85,798.9,796.05,798.75,379728
1650519900,798.75,799.8,797.6,799.5,301214
1650520800,799.5,800.75,799.1,799.45,302803
1650521700,799.65,799.8,797.15,799.05,186842
1650522600,799.25,799.6,796.6,797.05,213474
1650523500,797.0,797.3,795.6,795.8,171510
1650524400,795.8,797.8,795.35,797.55,191577
1650525300,797.75,798.35,796.05,796.65,158296
1650526200,796.65,797.95,796.3,796.55,144866
1650527100,796.55,798.2,796.15,798.1,145177
1650528000,798.1,798.8,797.05,798.8,145995
1650528900,798.8,799.4,796.85,797.1,170823
1650529800,797.0,798.85,796.95,798.85,235020
1650530700,798.75,800.8,798.75,799.7,323589
1650531600,799.7,800.0,797.7,798.95,192623
1650532500,799.1,800.0,798.55,799.1,184168
1650533400,799.2,803.55,799.2,801.75,733798
1650534300,801.75,804.0,801.3,803.05,603960
1650599100,796.0,798.0,792.1,792.25,543790
1650600000,792.3,792.4,790.05,791.8,309224
1650600900,791.85,793.35,790.5,790.7,235079
1650601800,790.9,790.9,786.0,786.1,446854
1650602700,786.1,786.6,784.1,786.5,244636
1650603600,786.5,787.9,786.35,787.65,123168
1650604500,787.65,788.25,785.0,785.65,157086
1650605400,785.65,787.8,784.3,787.6,247385
1650606300,787.6,787.8,785.1,785.2,121915
1650607200,785.2,786.5,785.0,786.0,82985
1650608100,786.0,787.2,785.75,787.0,106981
1650609000,787.0,787.25,785.45,785.5,145045
1650609900,785.45,786.8,785.0,785.0,111790
1650610800,785.05,788.5,784.5,787.45,260389
1650611700,787.4,787.7,785.6,785.6,93778
1650612600,785.65,786.9,785.0,786.25,101644
1650613500,786.25,786.9,785.1,785.9,89393
1650614400,785.9,786.0,784.5,784.6,151462
1650615300,784.55,784.55,780.7,782.75,430903
1650616200,782.9,783.3,778.2,780.1,360425
1650617100,780.1,782.2,779.9,780.7,251991
1650618000,780.7,781.4,778.3,781.0,279125
1650618900,781.0,781.95,779.8,780.95,257672
1650619800,781.4,782.2,780.1,780.95,542751
1650620700,780.95,781.3,778.85,779.5,533504
1650858300,772.0,780.45,761.25,779.25,942280
1650859200,779.15,784.2,777.5,783.55,621142
1650860100,783.55,785.3,779.4,783.45,454660
1650861000,783.2,787.8,780.95,787.1,332505
1650861900,787.3,788.8,784.45,785.85,375713
1650862800,785.6,786.8,784.0,786.0,211553
1650863700,786.1,787.45,785.5,786.45,147188
1650864600,786.4,787.45,785.05,786.5,172437
1650865500,786.5,786.9,784.9,785.05,123730
1650866400,785.05,785.9,781.5,782.3,197949
1650867300,782.6,784.95,782.0,784.35,120914
1650868200,784.3,786.95,784.0,784.35,153932
1650869100,784.15,785.05,782.9,783.55,149304
1650870000,784.0,784.65,781.2,782.65,159370
1650870900,782.6,786.25,782.15,785.5,154325
1650871800,785.75,786.8,784.5,786.7,202776
1650872700,786.75,788.5,784.3,784.85,322749
1650873600,784.85,785.4,782.65,783.6,205323
1650874500,783.6,784.35,782.2,783.3,169898
1650875400,783.35,786.1,782.6,784.7,192451
1650876300,784.8,784.8,781.6,783.5,211522
1650877200,783.55,784.35,780.25,780.25,166974
1650878100,780.35,784.4,779.05,780.05,375613
1650879000,780.1,781.5,778.55,779.5,724256
1650879900,779.55,784.0,779.25,783.55,1112439
1650944700,791.0,794.0,788.05,792.75,623722
1650945600,793.0,795.0,792.0,794.0,367792
1650946500,794.2,794.8,792.25,793.1,275902
1650947400,793.1,794.5,791.45,791.5,291850
1650948300,791.65,793.4,791.15,791.8,235998
1650949200,791.8,793.8,791.15,792.95,191254
1650950100,792.95,794.0,791.2,792.0,182843
1650951000,792.2,792.5,790.65,791.75,172501
1650951900,791.65,793.6,791.1,791.85,196233
1650952800,791.8,793.6,791.8,793.0,329267
1650953700,793.0,794.7,792.5,794.5,216134
1650954600,794.75,794.8,792.8,792.9,189941
1650955500,792.95,794.2,792.6,793.7,349546
1650956400,793.7,794.2,793.2,793.75,297717
1650957300,793.8,793.8,790.0,790.1,455432
1650958200,790.1,792.3,789.0,791.35,277271
1650959100,791.3,794.0,791.3,793.3,547767
1650960000,793.3,794.2,792.35,793.75,231730
1650960900,793.75,796.6,793.0,793.5,348058
1650961800,793.5,793.95,791.65,792.1,259289
1650962700,792.25,792.85,771.55,783.3,1032175
1650963600,783.05,785.0,772.2,777.05,931696
1650964500,776.4,778.65,769.0,771.0,1025467
1650965400,771.1,776.0,770.15,776.0,1013672
1650966300,776.0,777.5,774.0,776.7,1030797
1651031100,765.6,772.95,761.0,765.5,1708395
1651032000,765.5,767.7,762.3,767.25,931177
1651032900,767.25,767.4,764.2,766.2,435777
1651033800,766.2,766.55,760.6,763.0,693776
1651034700,763.0,764.7,761.75,764.15,208676
1651035600,764.05,766.0,763.35,765.8,219196
1651036500,765.8,766.35,764.55,765.0,151187
1651037400,765.0,766.0,764.7,764.85,144976
1651038300,764.8,765.35,763.3,764.2,203538
1651039200,764.05,764.2,761.05,762.1,222057
1651040100,762.15,763.75,759.0,759.5,738595
1651041000,759.3,760.95,758.6,759.45,212349
1651041900,759.45,760.2,755.6,756.1,230832
1651042800,756.1,758.3,755.35,756.5,173302
1651043700,756.5,756.8,751.6,751.7,356420
1651044600,751.6,753.9,749.0,750.15,564461
1651045500,750.15,755.75,750.15,755.35,256440
1651046400,755.4,755.9,753.7,755.65,171197
1651047300,755.65,760.5,755.45,757.75,618868
1651048200,757.65,762.35,757.1,761.35,364431
1651049100,761.35,763.55,759.5,762.2,752082
1651050000,762.2,767.1,761.25,765.45,491707
1651050900,765.45,769.45,765.3,768.9,503733
1651051800,769.15,769.5,762.3,763.45,461067
1651052700,763.65,771.85,763.05,770.4,639453
1651117500,776.9,776.9,767.75,770.9,1378192
1651118400,770.85,772.35,769.7,770.5,507992
1651119300,770.5,770.8,766.35,767.45,323603
1651120200,767.5,770.7,767.3,770.1,227922
1651121100,770.1,770.45,768.0,769.0,206850
1651122000,769.0,769.5,768.0,768.9,245140
1651122900,768.9,770.4,768.0,769.6,219940
1651123800,769.7,770.0,766.95,767.1,216261
1651124700,767.15,769.0,766.35,768.6,214669
1651125600,768.8,769.45,768.05,768.1,379578
1651126500,768.1,769.85,766.55,767.95,200209
1651127400,767.95,769.85,767.95,769.45,134390
1651128300,769.5,771.25,768.75,769.7,251711
1651129200,769.7,772.95,769.3,772.25,199074
1651130100,772.25,772.25,769.6,769.9,343842
1651131000,770.0,773.0,770.0,772.65,256698
1651131900,772.8,773.0,770.2,772.25,579658
1651132800,772.45,777.0,772.15,776.5,397366
1651133700,776.5,779.75,776.35,779.45,353333
1651134600,779.55,780.7,777.8,778.2,443921
1651135500,778.4,781.5,777.5,780.9,313472
1651136400,780.9,781.4,779.25,780.95,296589
1651137300,780.95,785.45,780.7,783.5,510248
1651138200,783.85,784.15,775.95,778.0,1265478
1651139100,778.0,781.45,775.65,777.55,1431800
1651203900,765.0,766.85,747.95,749.85,4672055
1651204800,749.1,753.55,748.25,753.0,2352818
1651205700,752.95,753.2,741.0,742.2,3372636
1651206600,742.55,744.5,739.1,743.4,2088456
1651207500,743.95,748.0,743.4,746.85,1663279
1651208400,746.85,749.0,745.85,746.55,764338
1651209300,746.6,747.8,746.0,747.0,439279
1651210200,746.9,747.0,743.55,745.5,1017737
1651211100,745.5,746.5,743.65,744.8,665193
1651212000,744.6,746.55,743.5,745.5,543225
1651212900,745.25,747.5,744.75,744.85,449001
1651213800,745.0,745.65,743.4,745.05,568082
1651214700,745.05,745.5,744.3,744.7,324203
1651215600,744.65,745.2,743.1,743.55,531226
1651216500,743.55,744.05,742.0,742.85,583383
1651217400,742.85,743.5,740.5,741.95,1083762
1651218300,741.95,742.55,741.05,741.8,622499
1651219200,741.7,742.0,737.8,738.75,1163682
1651220100,738.7,739.0,734.1,735.0,1425462
1651221000,735.15,736.4,732.4,733.2,1202924
1651221900,733.25,734.5,728.85,733.5,1501657
1651222800,733.45,735.2,731.55,733.2,869453
1651223700,733.0,735.6,732.0,735.05,861476
1651224600,734.85,734.9,727.1,727.8,2375186
1651225500,727.95,730.0,725.0,730.0,2875814
1651463100,722.0,738.2,718.5,733.0,2805172
1651464000,733.15,736.3,730.0,734.45,965357
1651464900,734.25,734.95,732.0,733.05,383758
1651465800,733.05,735.85,728.35,728.5,617391
1651466700,728.45,730.3,726.65,728.5,495254
1651467600,728.15,729.85,727.0,729.65,401902
1651468500,729.95,729.95,725.1,725.3,407001
1651469400,725.3,729.3,725.1,728.45,619536
1651470300,728.45,729.0,727.2,727.3,233126
1651471200,727.3,728.45,725.75,725.75,266520
1651472100,725.7,727.85,722.5,722.5,637618
1651473000,722.35,725.65,722.0,725.3,743282
1651473900,725.3,728.0,724.7,727.45,420683
1651474800,727.45,728.4,726.75,727.25,370901
1651475700,727.05,727.5,723.65,727.3,445556
1651476600,727.2,727.55,725.35,726.5,253059
1651477500,726.4,727.25,724.75,725.5,377028
1651478400,725.45,727.7,725.1,725.75,578343
1651479300,725.6,727.0,724.5,726.8,396811
1651480200,726.75,726.75,724.15,725.0,281215
1651481100,725.0,725.5,722.4,725.0,702725
1651482000,724.95,725.6,723.6,724.05,682478
1651482900,724.0,730.9,724.0,727.75,1287811
1651483800,727.85,728.75,726.7,727.8,668392
1651484700,727.7,728.15,726.55,728.05,1020270
1651635900,733.0,735.15,728.25,730.0,1150602
1651636800,729.6,730.4,727.0,728.5,458087
1651637700,728.6,728.65,727.75,727.75,344913
1651638600,727.75,728.0,725.5,725.65,637522
1651639500,725.7,728.0,724.35,726.75,545956
1651640400,726.7,726.75,725.0,725.7,360032
1651641300,725.7,725.8,724.55,725.75,311349
1651642200,726.2,727.8,725.75,727.25,335594
1651643100,727.2,728.35,726.3,727.95,566278
1651644000,727.9,728.2,726.35,726.75,306366
1651644900,726.75,726.85,724.95,725.0,334554
1651645800,724.85,725.15,719.55,720.75,584718
1651646700,720.75,720.85,718.85,720.0,412343
1651647600,720.0,720.05,718.0,718.8,425753
1651648500,718.7,719.15,714.55,716.35,531732
1651649400,716.35,719.55,716.2,719.1,423919
1651650300,719.4,721.1,718.95,719.3,423716
1651651200,719.3,720.3,717.55,720.0,390918
1651652100,720.15,720.4,718.9,719.45,321491
1651653000,719.5,724.7,708.4,714.1,1581407
1651653900,714.35,721.0,713.5,715.55,761357
1651654800,715.5,715.5,706.6,707.5,621105
1651655700,707.7,710.0,705.25,707.2,750387
1651656600,707.25,711.5,704.0,708.6,919022
1651657500,708.6,709.05,705.35,708.0,1028060
1651722300,716.0,718.6,710.25,713.0,1556088
1651723200,712.85,714.0,711.0,712.5,605110
1651724100,712.7,714.4,712.5,713.05,247376
1651725000,713.1,715.25,713.0,715.0,389764
1651725900,715.0,716.2,714.35,716.0,723816
1651726800,716.0,717.3,715.0,716.7,507934
1651727700,716.7,720.45,716.55,718.25,418210
1651728600,718.45,721.8,718.2,720.4,348040
1651729500,720.5,720.5,716.7,718.0,338623
1651730400,717.6,718.0,715.5,717.0,302907
1651731300,716.8,718.05,715.0,715.3,469627
1651732200,715.2,715.7,712.9,714.5,415210
1651733100,714.5,716.0,713.55,715.8,592399
1651734000,715.8,717.9,715.3,716.75,229843
1651734900,716.6,717.8,716.0,716.75,417929
1651735800,716.8,717.25,713.3,713.95,339662
1651736700,713.95,715.85,712.05,715.25,615423
1651737600,715.25,716.0,708.2,708.4,382225
1651738500,708.6,711.0,706.6,707.3,394096
1651739400,706.7,707.15,702.0,703.9,681465
1651740300,703.9,706.15,702.1,705.1,459485
1651741200,705.3,705.8,703.25,704.25,443432
1651742100,704.05,706.5,703.3,705.25,477221
1651743000,705.35,706.3,701.55,701.9,562547
1651743900,701.85,703.95,698.9,700.65,776424
1651808700,690.0,691.95,683.3,685.0,1750918
1651809600,684.95,692.5,684.85,689.7,921104
1651810500,689.8,689.95,685.5,686.0,316431
1651811400,686.1,686.15,681.0,681.5,487384
1651812300,681.35,681.8,679.0,679.45,572179
1651813200,679.5,681.25,677.4,678.6,469945
1651814100,678.45,679.4,677.25,678.7,407899
1651815000,678.7,679.0,675.2,676.0,394383
1651815900,675.95,676.2,673.0,673.25,449135
1651816800,673.25,678.95,672.45,678.35,625768
1651817700,678.35,678.65,674.6,674.95,345047
1651818600,675.0,675.5,673.0,674.5,433026
1651819500,674.5,675.0,673.05,673.95,397357
1651820400,673.95,674.3,670.4,674.3,505696
1651821300,674.75,675.25,673.0,673.3,394696
1651822200,673.35,673.75,670.0,670.15,966823
1651823100,670.1,676.0,668.1,674.95,1014988
1651824000,674.95,675.2,673.5,673.6,568581
1651824900,673.85,674.1,671.9,672.65,413192
1651825800,672.65,676.9,672.45,675.65,775181
1651826700,675.65,678.65,673.6,674.05,758466
1651827600,673.85,674.8,672.0,672.25,373290
1651828500,672.35,674.0,671.15,673.45,391847
1651829400,673.25,675.75,671.4,672.4,644065
1651830300,672.65,674.05,671.75,673.95,1089856
1652067900,660.2,662.7,648.8,657.55,3667745
1652068800,657.5,662.3,655.7,661.35,1036081
1652069700,661.2,666.5,660.0,663.15,585086
1652070600,663.15,664.2,660.6,661.8,252795
1652071500,661.95,663.6,661.0,662.5,195040
1652072400,662.5,665.4,662.0,664.1,253272
1652073300,664.1,664.3,660.2,661.0,265174
1652074200,661.0,661.9,658.8,660.0,355359
1652075100,660.0,661.15,659.0,660.1,256860
1652076000,660.1,664.8,660.0,664.4,499188
1652076900,664.15,665.1,663.7,664.5,500235
1652077800,664.3,665.25,663.05,664.8,282689
1652078700,664.8,666.0,662.0,664.25,275454
1652079600,664.35,668.85,663.45,668.35,476898
1652080500,668.6,668.7,664.0,664.55,383842
1652081400,664.55,667.6,663.45,665.15,244960
1652082300,665.1,665.8,663.5,663.75,160801
1652083200,663.55,664.7,662.0,663.5,212384
1652084100,663.5,663.85,661.25,662.85,143088
1652085000,662.7,664.2,660.0,663.2,476820
1652085900,663.2,666.15,662.85,663.8,369996
1652086800,663.8,669.0,663.55,666.55,661514
1652087700,666.6,668.8,663.45,664.3,806102
1652088600,664.25,665.45,661.7,664.65,803207
1652089500,664.65,666.0,663.55,664.25,788504
1652154300,663.7,672.1,663.5,664.7,779395
1652155200,664.7,666.0,662.55,664.4,420448
1652156100,664.15,664.5,659.7,660.4,796610
1652157000,660.65,662.15,659.25,660.0,378149
1652157900,660.3,661.1,659.2,660.05,528402
1652158800,660.05,663.3,659.1,662.0,460475
1652159700,662.1,662.8,661.0,662.35,278903
1652160600,662.35,662.5,661.0,661.9,198350
1652161500,661.7,662.7,660.25,660.55,198663
1652162400,660.6,663.2,660.1,662.35,263193
1652163300,662.35,662.85,661.5,662.75,222881
1652164200,662.65,666.75,662.65,666.15,447933
1652165100,666.15,668.7,665.55,666.15,392450
1652166000,666.15,667.55,665.2,665.9,265276
1652166900,666.0,667.8,665.0,667.55,269104
1652167800,667.65,667.7,665.8,666.05,267925
1652168700,666.05,666.8,664.4,665.05,272351
1652169600,665.0,666.1,663.95,665.2,235339
1652170500,665.0,666.1,664.05,665.15,218131
1652171400,664.85,667.5,663.8,666.0,247657
1652172300,666.0,667.2,663.05,663.45,374528
1652173200,663.25,666.2,663.25,665.55,260508
1652174100,665.6,666.1,661.0,661.5,329776
1652175000,661.75,662.45,657.55,659.65,858229
1652175900,659.7,660.7,658.25,659.0,533422
1652240700,661.7,663.0,659.1,662.2,618439
1652241600,662.05,662.4,660.25,660.5,233566
1652242500,660.6,661.2,656.15,658.25,275491
1652243400,658.45,659.5,657.5,658.5,214167
1652244300,658.55,659.85,656.9,657.3,211918
1652245200,657.3,658.1,656.45,658.05,502601
1652246100,658.05,663.8,658.0,661.15,335298
1652247000,661.2,662.85,660.6,661.1,181612
1652247900,661.15,664.55,660.85,663.65,300548
1652248800,663.7,665.6,662.6,665.15,217350
1652249700,665.15,666.0,663.25,664.65,183616
1652250600,664.6,665.25,662.15,664.0,257308
1652251500,664.0,664.9,663.05,663.7,231417
1652252400,663.7,664.5,660.0,660.05,439527
1652253300,660.05,662.5,659.9,660.05,554930
1652254200,660.1,660.8,655.45,656.6,415333
1652255100,656.65,659.45,656.0,658.85,277244
1652256000,658.85,663.65,658.85,662.5,427350
1652256900,662.5,666.0,661.7,665.55,302388
1652257800,665.8,671.8,665.8,670.1,636998
1652258700,670.25,671.0,669.0,670.15,299788
1652259600,670.0,673.55,667.85,673.0,411740
1652260500,673.15,673.15,670.35,671.25,425943
1652261400,671.25,672.6,668.4,672.4,604958
1652262300,672.4,676.0,672.1,675.85,770879
1652327100,667.0,667.0,659.35,660.0,1134339
1652328000,660.0,661.45,655.3,658.0,619989
1652328900,658.0,661.95,657.8,661.55,410233
1652329800,661.35,661.6,657.2,657.75,277275
1652330700,657.7,661.45,656.5,661.15,257817
1652331600,661.0,661.65,657.0,657.5,261911
1652332500,657.2,659.3,651.0,652.95,471480
1652333400,653.0,654.0,651.1,651.5,215701
1652334300,651.55,651.75,648.6,650.9,335709
1652335200,651.0,653.75,650.75,652.05,200647
1652336100,652.05,653.7,650.2,652.55,175491
1652337000,652.55,653.95,652.2,653.7,221424
1652337900,654.0,654.45,650.35,652.0,279183
1652338800,651.75,652.7,649.05,652.65,282178
1652339700,652.45,653.85,650.65,653.5,166411
1652340600,653.6,653.8,650.7,653.25,226089
1652341500,653.15,656.7,652.85,653.6,298728
1652342400,653.6,654.3,650.6,651.05,213343
1652343300,651.05,651.9,647.7,648.75,362898
1652344200,648.7,649.0,645.1,646.8,312070
1652345100,646.9,649.2,644.4,647.75,411079
1652346000,647.75,648.35,644.0,647.95,803924
1652346900,647.75,651.2,647.05,650.0,864264
1652347800,650.05,650.5,647.25,650.05,616408
1652348700,650.25,652.5,645.0,648.15,1723370
1652413500,656.4,658.55,652.2,658.2,788617
1652414400,658.2,659.4,652.5,652.85,500997
1652415300,652.9,653.8,650.1,651.75,302208
1652416200,651.3,651.6,648.05,649.35,342001
1652417100,649.25,653.5,648.35,652.7,364745
1652418000,652.75,652.95,650.2,650.85,157745
1652418900,650.75,653.1,650.25,651.1,140079
1652419800,651.0,653.0,649.65,651.4,145964
1652420700,651.45,651.55,648.0,649.75,250193
1652421600,649.85,652.75,649.85,651.8,272722
1652422500,651.65,653.9,650.9,651.3,251534
1652423400,651.2,651.95,649.3,650.2,176451
1652424300,650.25,651.55,649.3,649.95,172258
1652425200,649.8,651.55,649.3,650.6,192506
1652426100,650.6,651.5,648.35,650.8,301833
1652427000,650.8,655.0,650.1,654.6,594502
1652427900,654.55,654.75,649.55,650.4,442333
1652428800,650.4,653.3,649.55,651.7,267034
1652429700,651.6,652.65,650.25,650.45,197030
1652430600,650.5,651.5,646.0,646.05,428335
1652431500,646.0,646.55,637.1,637.7,765316
1652432400,637.7,642.0,637.5,638.45,392534
1652433300,638.5,640.9,638.0,639.8,355973
1652434200,640.0,641.55,633.4,634.8,855608
1652435100,634.9,638.3,634.3,636.0,930700
1652672700,639.85,643.0,630.05,639.0,1046566
1652673600,639.05,643.5,638.55,642.85,306279
1652674500,642.9,649.2,642.85,646.7,446664
1652675400,646.8,648.0,644.8,645.15,148838
1652676300,645.15,647.0,643.35,646.1,132649
1652677200,646.1,648.0,645.5,646.75,122243
1652678100,646.75,647.75,644.85,645.85,126003
1652679000,645.85,647.0,645.5,645.85,96635
1652679900,645.85,646.5,642.3,643.2,180221
1652680800,643.25,644.0,639.65,640.55,225386
1652681700,640.85,642.25,639.8,640.75,137380
1652682600,640.85,641.6,638.15,640.25,183436
1652683500,640.25,644.35,639.85,640.65,201692
1652684400,640.75,643.05,638.05,638.7,234918
1652685300,638.7,640.5,637.0,639.2,216973
1652686200,639.6,640.7,638.05,638.8,163107
1652687100,638.95,642.4,638.6,639.7,195952
1652688000,639.7,643.9,639.7,642.95,196927
1652688900,642.95,643.85,639.55,641.6,205907
1652689800,642.35,643.85,641.0,641.25,172598
1652690700,641.25,643.45,639.0,642.3,180147
1652691600,642.3,643.0,640.0,643.0,163854
1652692500,642.75,644.95,639.0,639.5,283555
1652693400,639.6,639.95,637.6,638.2,332457
1652694300,638.1,640.25,637.8,639.2,440066
1652759100,642.9,648.95,641.35,645.1,851072
1652760000,645.2,646.35,644.0,644.2,219651
1652760900,644.0,644.2,641.8,643.0,244384
1652761800,643.0,644.55,641.15,643.45,189425
1652762700,643.45,645.6,643.15,644.2,236285
1652763600,644.25,645.85,643.8,645.85,166817
1652764500,645.75,647.0,644.1,646.2,272618
1652765400,646.2,647.5,644.2,644.5,279016
1652766300,644.2,651.35,643.75,649.1,505985
1652767200,649.2,652.85,647.55,652.1,398865
1652768100,652.0,655.5,651.9,653.25,850097
1652769000,653.35,654.75,650.0,650.25,319852
1652769900,650.3,652.0,649.45,651.45,155781
1652770800,651.6,653.9,650.45,652.9,234825
1652771700,652.95,653.65,651.55,651.8,197153
1652772600,651.8,653.5,651.7,653.35,169047
1652773500,653.35,654.8,649.95,650.95,276479
1652774400,650.95,652.8,650.9,652.05,163920
1652775300,652.15,653.8,650.6,653.25,174874
1652776200,653.25,656.35,653.15,655.6,467225
1652777100,655.6,655.85,652.55,653.15,226519
1652778000,653.15,655.85,652.7,655.25,249668
1652778900,655.3,657.5,654.85,654.85,355540
1652779800,654.9,656.95,653.75,654.0,441893
1652780700,653.95,655.8,653.25,654.75,484311
1652845500,654.75,666.3,650.3,665.95,1959967
1652846400,665.85,669.4,664.0,667.3,1540419
1652847300,667.2,670.4,666.35,667.7,1364471
1652848200,667.4,668.5,665.7,666.6,572760
1652849100,666.3,667.0,664.4,665.5,269360
1652850000,665.6,669.25,664.05,668.95,344580
1652850900,668.9,669.0,666.0,666.1,195670
1652851800,666.4,667.5,665.5,666.5,246403
1652852700,666.65,668.0,666.0,667.3,265817
1652853600,667.35,667.7,666.0,667.1,182329
1652854500,667.1,667.5,666.0,666.1,128678
1652855400,666.2,666.8,659.5,660.7,460845
1652856300,660.65,661.3,658.2,658.9,400072
1652857200,659.1,660.75,657.55,659.1,404279
1652858100,659.1,659.1,656.3,658.7,389005
1652859000,658.85,659.95,658.4,659.75,317734
1652859900,659.45,661.8,657.45,658.9,332845
1652860800,658.65,664.1,658.65,663.05,726891
1652861700,663.05,663.5,659.0,661.6,300998
1652862600,661.45,661.6,659.2,660.1,282294
1652863500,660.05,661.65,659.45,660.5,299213
1652864400,660.3,661.0,658.55,660.45,225600
1652865300,660.45,661.65,658.55,660.7,389470
1652866200,660.6,660.75,656.75,659.25,619197
1652867100,659.6,660.85,658.8,659.95,768939
1652931900,643.3,648.6,641.2,646.2,949038
1652932800,646.0,647.5,644.25,646.75,420464
1652933700,646.4,650.0,646.05,649.85,296721
1652934600,649.85,652.8,649.05,650.75,324146
1652935500,650.75,653.85,649.95,653.2,328256
1652936400,653.3,657.75,653.0,656.0,450271
1652937300,656.05,656.1,653.4,655.5,299097
1652938200,655.45,657.5,654.0,654.45,196789
1652939100,654.3,655.75,652.0,652.25,260602
1652940000,652.25,652.8,650.0,650.1,220880
1652940900,650.05,651.75,647.0,648.8,500019
1652941800,648.8,652.95,648.2,651.85,301450
1652942700,651.85,656.0,651.5,655.1,343433
1652943600,655.1,655.1,652.85,653.55,163373
1652944500,653.55,654.35,652.0,653.55,185496
1652945400,653.65,654.0,651.05,651.65,256049
1652946300,651.6,653.65,650.2,653.3,277930
1652947200,653.1,654.75,652.15,654.75,192005
1652948100,654.8,657.35,654.45,655.1,276387
1652949000,655.3,655.85,651.75,651.9,290131
1652949900,651.7,652.85,650.5,650.55,329768
1652950800,650.45,650.5,647.55,647.95,568036
1652951700,647.95,649.5,647.8,648.95,354754
1652952600,648.9,652.8,648.55,649.05,750791
1652953500,649.2,651.6,648.95,649.75,654042
1652931900,643.3,648.6,641.2,646.2,949038
1652932800,646.0,647.5,644.25,646.75,420464
1652933700,646.4,650.0,646.05,649.85,296721
1652934600,649.85,652.8,649.05,650.75,324146
1652935500,650.75,653.85,649.95,653.2,328256
1652936400,653.3,657.75,653.0,656.0,450271
1652937300,656.05,656.1,653.4,655.5,299097
1652938200,655.45,657.5,654.0,654.45,196789
1652939100,654.3,655.75,652.0,652.25,260602
1652940000,652.25,652.8,650.0,650.1,220880
1652940900,650.05,651.75,647.0,648.8,500019
1652941800,648.8,652.95,648.2,651.85,301450
1652942700,651.85,656.0,651.5,655.1,343433
1652943600,655.1,655.1,652.85,653.55,163373
1652944500,653.55,654.35,652.0,653.55,185496
1652945400,653.65,654.0,651.05,651.65,256049
1652946300,651.6,653.65,650.2,653.3,277930
1652947200,653.1,654.75,652.15,654.75,192005
1652948100,654.8,657.35,654.45,655.1,276387
1652949000,655.3,655.85,651.75,651.9,290131
1652949900,651.7,652.85,650.5,650.55,329768
1652950800,650.45,650.5,647.55,647.95,568036
1652951700,647.95,649.5,647.8,648.95,354754
1652952600,648.9,652.8,648.55,649.05,750791
1652953500,649.2,651.6,648.95,649.75,654042
1653018300,659.75,665.65,658.0,662.35,948922
1653019200,662.35,664.7,661.55,664.1,274148
1653020100,664.2,669.9,664.1,669.4,571719
1653021000,669.4,669.6,667.2,668.5,265177
1653021900,668.4,668.55,666.0,667.4,225233
1653022800,667.1,668.6,666.5,667.35,240161
1653023700,667.3,667.95,665.7,666.6,290570
1653024600,666.75,667.5,666.0,666.6,155320
1653025500,666.6,666.9,664.4,665.05,211597
1653026400,665.15,666.0,664.7,665.6,157891
1653027300,665.6,668.5,665.0,665.65,462870
1653028200,665.45,666.35,662.05,664.25,476317
1653029100,664.25,664.25,662.2,663.35,151697
1653030000,663.4,664.45,662.1,664.2,161815
1653030900,664.15,668.0,664.15,668.0,238767
1653031800,667.95,672.0,667.15,671.0,517276
1653032700,671.25,673.45,670.5,672.85,435386
1653033600,672.95,673.5,672.55,672.95,498871
1653034500,673.0,673.0,670.2,671.2,264016
1653035400,671.25,673.8,671.0,673.7,308057
1653036300,673.7,675.75,671.6,672.25,697861
1653037200,672.25,674.65,671.8,674.65,316097
1653038100,674.65,675.35,672.8,674.35,409382
1653039000,674.4,675.15,672.9,673.05,605886
1653039900,673.05,674.0,671.55,674.0,814524
1653277500,673.0,678.1,668.55,672.1,727909
1653278400,672.1,675.15,671.0,675.05,284778
1653279300,675.05,678.8,674.85,677.2,410967
1653280200,677.3,678.45,675.35,678.0,250455
1653281100,678.1,678.85,676.35,678.25,360656
1653282000,678.4,678.55,676.45,677.45,187104
1653282900,677.45,678.5,676.0,677.35,156407
1653283800,677.25,678.5,676.0,677.2,117416
1653284700,677.1,680.75,677.1,680.15,321044
1653285600,680.1,682.0,679.7,680.45,334792
1653286500,680.5,681.15,679.55,681.15,132446
1653287400,681.0,682.5,680.85,682.45,279813
1653288300,682.4,682.9,681.2,682.65,167498
1653289200,682.65,683.5,679.6,681.7,373634
1653290100,681.6,682.5,680.75,681.6,186326
1653291000,681.8,683.3,681.05,681.05,174172
1653291900,681.05,684.25,681.05,683.5,188539
1653292800,683.5,684.8,681.45,681.7,224393
1653293700,681.7,682.2,679.5,680.0,201012
1653294600,680.05,680.05,675.45,676.65,453429
1653295500,676.5,679.1,676.0,678.2,189028
1653296400,678.0,678.15,675.15,676.4,283472
1653297300,676.75,678.0,676.0,676.9,244503
1653298200,676.85,677.7,673.95,675.0,757869
1653299100,675.05,676.9,671.0,671.8,886665
1653363900,669.7,681.45,668.8,678.75,742372
1653364800,678.45,680.9,676.65,679.1,342008
1653365700,679.3,679.95,676.2,676.25,203936
1653366600,676.1,676.95,674.25,674.95,384907
1653367500,675.15,675.15,672.1,674.4,225091
1653368400,674.4,675.0,673.0,673.7,267008
1653369300,673.85,674.7,672.6,673.7,140730
1653370200,673.7,673.85,671.3,671.6,182780
1653371100,671.6,672.6,670.75,671.05,247150
1653372000,671.1,673.95,670.55,673.95,377955
1653372900,673.9,674.6,672.25,673.7,271902
1653373800,673.65,673.65,670.6,672.5,196727
1653374700,672.55,672.95,671.5,671.8,86103
1653375600,671.8,673.3,671.0,672.9,102122
1653376500,672.9,673.1,671.6,672.5,140066
1653377400,672.5,674.3,669.4,671.1,526388
1653378300,671.35,672.45,670.05,672.45,188261
1653379200,672.45,672.8,670.0,671.75,166417
1653380100,671.65,672.05,669.55,670.85,381350
1653381000,670.65,671.85,667.2,667.25,265187
1653381900,667.3,668.1,663.5,663.85,453478
1653382800,663.85,666.15,661.2,664.0,433146
1653383700,664.0,669.0,663.1,666.2,361150
1653384600,666.35,667.3,663.0,664.25,672701
1653385500,664.25,664.65,662.1,664.0,694812
1653450300,668.0,672.65,665.65,669.95,619455
1653451200,669.95,670.6,667.8,669.55,184708
1653452100,669.55,671.0,668.8,669.65,209589
1653453000,669.7,670.0,668.5,669.1,99941
1653453900,669.05,669.1,667.3,668.5,204032
1653454800,668.5,669.8,668.0,669.25,118397
1653455700,669.25,669.25,668.05,668.7,106727
1653456600,668.65,669.4,668.0,669.25,183724
1653457500,669.35,669.65,665.45,667.05,303658
1653458400,667.05,667.8,666.15,667.45,122661
1653459300,667.45,667.45,664.0,664.0,213061
1653460200,664.0,664.3,662.55,664.0,196518
1653461100,664.0,665.45,663.0,663.05,150134
1653462000,663.0,664.15,660.5,661.15,210743
1653462900,661.15,661.9,660.05,661.45,190168
1653463800,661.45,664.85,660.95,664.85,171014
1653464700,664.85,665.05,663.0,663.75,130345
1653465600,663.55,663.75,662.0,663.05,113519
1653466500,663.05,663.65,661.8,662.9,119409
1653467400,662.9,665.6,661.8,665.2,202867
1653468300,665.2,666.3,664.4,665.35,169289
1653469200,665.5,667.0,664.7,665.3,143086
1653470100,665.2,665.45,663.2,664.55,288674
1653471000,664.55,665.5,663.95,664.3,293595
1653471900,664.3,666.05,664.0,665.0,415549
1653536700,672.95,673.35,670.0,670.85,500207
1653537600,670.85,670.9,668.0,668.5,293372
1653538500,668.6,671.75,668.4,671.75,245385
1653539400,671.75,671.75,670.2,670.95,208248
1653540300,671.0,674.5,670.5,670.5,452738
1653541200,670.65,671.85,669.5,671.15,384878
1653542100,671.15,672.25,669.55,671.15,405469
1653543000,671.55,671.95,670.85,671.05,191831
1653543900,671.05,672.5,670.75,671.3,223425
1653544800,671.3,671.5,670.8,671.2,317065
1653545700,671.2,671.5,670.8,671.1,193658
1653546600,671.1,671.5,670.8,671.1,191132
1653547500,671.1,672.8,670.9,671.0,293762
1653548400,671.0,673.8,670.8,673.65,260742
1653549300,673.6,676.6,673.5,675.65,455162
1653550200,675.65,678.7,675.65,678.7,486548
1653551100,678.75,680.95,678.6,679.85,503442
1653552000,679.9,681.95,679.3,680.6,396281
1653552900,680.5,681.0,678.25,679.1,421918
1653553800,679.1,680.1,677.1,678.75,380528
1653554700,678.75,683.9,678.75,683.15,620008
1653555600,683.15,683.5,680.85,683.05,518754
1653556500,682.75,685.25,682.6,684.45,476434
1653557400,684.35,684.6,681.0,682.55,760449
1653558300,682.55,685.25,682.5,684.25,917794
1653623100,689.0,691.3,686.3,691.0,688382
1653624000,690.95,693.8,690.8,691.6,405197
1653624900,691.65,691.7,689.4,690.65,178489
1653625800,690.65,690.9,688.05,688.95,165007
1653626700,688.8,689.5,687.15,688.7,125000
1653627600,688.7,692.3,687.5,691.6,156896
1653628500,691.6,691.7,688.25,688.8,95790
1653629400,688.95,689.0,685.75,686.15,145929
1653630300,685.95,687.5,685.4,685.9,138485
1653631200,686.1,687.1,684.6,685.35,129794
1653632100,685.3,686.3,684.6,686.1,95299
1653633000,686.45,687.0,684.25,685.25,127826
1653633900,685.3,688.4,684.75,687.95,116482
1653634800,687.95,689.95,687.5,688.75,114948
1653635700,688.75,688.8,686.65,688.3,121094
1653636600,688.35,688.95,687.1,688.65,92316
1653637500,688.65,690.6,687.6,690.25,178808
1653638400,690.5,690.5,688.0,689.9,129634
1653639300,690.0,691.45,686.5,691.3,224038
1653640200,691.25,692.5,690.55,691.35,196181
1653641100,691.35,692.45,690.4,692.4,202538
1653642000,692.4,692.4,690.55,690.95,222396
1653642900,691.0,692.8,690.25,690.9,304723
1653643800,690.55,691.4,687.0,687.6,411760
1653644700,687.6,689.0,686.8,687.95,757238
1653882300,695.1,698.0,693.0,694.55,440443
1653883200,694.35,696.45,693.5,695.1,200881
1653884100,695.1,696.6,695.0,695.6,120007
1653885000,695.6,696.4,694.55,696.35,94321
1653885900,696.15,697.0,694.5,695.25,109418
1653886800,695.25,695.35,692.5,692.5,176346
1653887700,692.65,693.55,692.0,692.8,123401
1653888600,692.75,693.2,691.05,692.55,150469
1653889500,692.65,692.8,690.55,692.15,116738
1653890400,692.15,694.85,691.85,694.65,265848
1653891300,694.6,695.0,692.4,693.7,136880
1653892200,693.7,693.7,691.7,692.35,98952
1653893100,692.35,692.35,690.1,691.65,164513
1653894000,691.75,693.35,691.5,692.35,121815
1653894900,692.4,693.25,691.8,692.85,89387
1653895800,693.0,694.75,692.85,694.6,134504
1653896700,694.6,696.0,692.95,695.3,180624
1653897600,695.25,695.95,693.9,694.7,87786
1653898500,694.7,695.0,693.65,694.9,69385
1653899400,694.9,695.3,692.6,692.8,102400
1653900300,692.7,694.5,692.0,693.85,99546
1653901200,693.9,694.15,691.85,692.75,142115
1653902100,692.75,694.3,692.05,693.6,121813
1653903000,693.75,694.3,693.0,693.1,169987
1653903900,693.25,694.2,693.0,693.5,284169
1653968700,689.0,693.15,687.75,689.75,407060
1653969600,689.6,691.5,689.5,691.1,210577
1653970500,691.1,693.1,691.0,692.85,188111
1653971400,692.85,695.5,692.85,695.15,250537
1653972300,695.2,695.25,693.6,695.1,130959
1653973200,695.2,695.5,694.6,695.15,107762
1653974100,695.1,695.9,694.05,695.65,144525
1653975000,695.7,696.0,695.0,695.1,144159
1653975900,695.0,695.2,692.3,692.4,200907
1653976800,692.4,693.25,691.5,691.95,178394
1653977700,692.0,692.9,690.4,692.4,141733
1653978600,692.4,693.45,691.6,692.5,169112
1653979500,692.5,692.8,690.3,690.5,162954
1653980400,690.35,690.75,688.2,688.9,270279
1653981300,688.9,688.9,686.3,687.75,296128
1653982200,687.75,689.0,687.35,688.55,158117
1653983100,688.55,689.25,687.3,687.35,214000
1653984000,687.35,688.7,687.15,688.35,552150
1653984900,688.35,690.8,688.0,689.85,454958
1653985800,689.7,690.4,688.55,688.6,315501
1653986700,688.65,689.25,687.2,688.0,330255
1653987600,687.9,688.8,685.0,685.7,428931
1653988500,685.75,687.0,685.2,685.85,356845
1653989400,686.0,687.5,683.65,683.7,2413196
1653990300,683.7,685.65,683.05,684.1,2169582
1654055100,683.0,690.5,682.0,687.5,521411
1654056000,687.5,687.5,685.5,686.0,229793
1654056900,686.0,687.9,684.5,685.1,186661
1654057800,685.1,687.3,684.5,686.95,101933
1654058700,686.95,687.4,686.05,687.3,118188
1654059600,687.3,690.35,687.0,689.7,256174
1654060500,689.75,690.15,688.1,689.6,193510
1654061400,689.6,689.8,687.55,688.15,163051
1654062300,688.1,689.95,687.35,689.95,238950
1654063200,690.0,692.45,689.5,691.5,392672
1654064100,691.5,691.85,688.0,688.2,244251
1654065000,688.0,688.2,684.4,687.25,648230
1654065900,687.5,689.0,687.15,687.8,162547
1654066800,687.8,690.45,687.35,689.8,201548
1654067700,689.85,691.5,689.85,690.65,314766
1654068600,690.8,691.0,687.85,688.2,192535
1654069500,688.05,689.0,686.0,686.1,237129
1654070400,686.1,688.0,685.7,686.0,188484
1654071300,686.0,686.3,684.65,685.0,281881
1654072200,685.0,686.4,683.5,684.4,304749
1654073100,684.5,685.0,682.7,682.85,263941
1654074000,682.85,684.45,681.8,682.0,249406
1654074900,681.95,682.5,680.5,681.8,364365
1654075800,681.8,686.8,681.8,686.0,486905
1654076700,685.95,689.35,685.95,688.0,397463
1654141500,682.0,687.45,682.0,685.5,627630
1654142400,685.55,689.0,685.55,687.3,261708
1654143300,687.4,692.95,687.0,691.25,587233
1654144200,691.5,693.0,690.25,691.35,1194416
1654145100,691.35,691.45,689.1,690.15,169098
1654146000,690.15,691.0,688.55,688.75,141880
1654146900,688.95,689.15,686.4,687.05,232824
1654147800,686.9,687.05,684.3,686.2,188850
1654148700,686.05,687.25,685.3,687.0,111250
1654149600,686.95,687.45,686.15,686.3,97221
1654150500,686.45,686.65,685.0,685.4,101829
1654151400,685.3,686.7,685.0,685.8,83419
1654152300,685.75,687.3,685.45,687.05,75367
1654153200,687.05,689.0,686.75,687.65,124273
1654154100,687.65,687.7,686.3,687.4,70155
1654155000,687.4,688.1,685.75,686.55,102704
1654155900,686.5,686.7,685.15,686.4,65923
1654156800,686.5,688.55,685.9,688.5,216290
1654157700,688.5,690.0,687.75,689.7,401169
1654158600,689.6,690.2,688.35,688.95,231499
1654159500,689.0,689.2,688.15,688.3,120421
1654160400,688.5,690.55,688.1,690.45,153012
1654161300,690.45,693.15,689.7,692.6,279850
1654162200,692.55,692.8,690.3,692.3,296100
1654163100,692.1,692.75,690.0,691.25,387584
1654227900,697.3,698.0,693.7,695.35,643591
1654228800,695.35,695.6,692.8,693.15,336236
1654229700,693.15,695.0,692.1,693.1,472452
1654230600,693.15,693.6,691.25,692.55,282761
1654231500,692.55,693.6,691.5,691.55,162084
1654232400,691.5,692.85,691.05,691.6,165527
1654233300,691.6,694.1,691.5,693.8,415634
1654234200,693.8,694.4,692.65,692.75,137967
1654235100,692.75,692.8,691.5,692.35,133699
1654236000,692.35,692.5,690.3,691.8,169429
1654236900,691.85,691.9,689.5,690.0,197044
1654237800,690.1,690.5,689.2,689.25,137669
1654238700,689.4,689.8,687.05,687.6,252147
1654239600,687.6,688.0,685.55,687.9,284901
1654240500,687.9,688.65,685.5,686.0,199658
1654241400,686.0,686.7,685.0,685.35,208452
1654242300,685.3,685.55,682.75,682.95,325140
1654243200,682.95,684.7,682.45,683.2,254443
1654244100,683.35,684.75,682.7,683.25,249833
1654245000,683.2,684.75,683.0,683.55,346185
1654245900,683.55,684.3,680.0,680.95,394815
1654246800,680.95,681.15,676.5,676.85,475898
1654247700,676.55,676.9,674.3,674.6,388895
1654248600,674.8,675.75,673.15,675.0,571666
1654249500,675.05,680.15,675.0,679.65,1245931
1654487100,677.0,684.0,672.2,678.7,761384
1654488000,678.7,680.0,676.8,678.45,334586
1654488900,678.25,682.9,678.25,681.6,297663
1654489800,681.55,683.4,679.7,679.9,215890
1654490700,679.9,682.0,678.1,679.1,262727
1654491600,679.15,679.5,676.3,677.2,177258
1654492500,677.3,678.9,675.85,677.45,136562
1654493400,677.5,678.2,676.5,676.65,110717
1654494300,676.75,677.55,676.0,676.95,136435
1654495200,676.95,677.0,674.2,674.45,220583
1654496100,674.2,675.15,673.5,673.95,186967
1654497000,674.0,675.95,673.75,675.95,279355
1654497900,675.95,676.3,674.5,674.95,185347
1654498800,674.95,676.35,674.5,675.6,148536
1654499700,675.65,677.0,675.1,676.4,247366
1654500600,676.15,676.55,674.5,675.35,233362
1654501500,675.35,676.5,674.4,674.9,229361
1654502400,675.0,675.75,673.8,675.5,202961
1654503300,675.45,675.65,673.75,674.85,307364
1654504200,674.85,675.25,673.6,674.1,266401
1654505100,674.1,674.55,672.65,673.95,247749
1654506000,674.15,674.4,672.4,672.85,292209
1654506900,672.85,674.0,672.5,673.1,335030
1654507800,673.1,674.0,670.3,672.85,608414
1654508700,672.9,673.25,671.35,672.4,306232
1654573500,672.2,678.0,670.1,671.7,934631
1654574400,671.65,671.65,666.5,668.5,476496
1654575300,668.4,669.5,665.55,666.9,444548
1654576200,666.9,667.65,666.2,666.95,412469
1654577100,667.0,671.5,666.5,671.25,813698
1654578000,671.2,671.2,669.7,669.95,672038
1654578900,670.0,670.05,668.5,668.5,651054
1654579800,668.7,668.7,665.7,665.95,258674
1654580700,666.0,667.45,664.45,665.85,308740
1654581600,665.85,666.6,665.3,665.8,110337
1654582500,665.85,666.25,665.0,665.45,234124
1654583400,665.35,665.5,663.45,664.05,139934
1654584300,664.0,666.05,663.65,665.05,174282
1654585200,665.05,666.0,664.0,665.65,85116
1654586100,665.6,665.8,664.1,664.45,56351
1654587000,664.5,664.7,662.55,663.5,130914
1654587900,663.5,664.35,663.1,663.45,68129
1654588800,663.45,664.05,662.55,662.95,98100
1654589700,663.0,663.2,661.6,662.05,112528
1654590600,662.15,663.2,662.15,663.05,97805
1654591500,663.05,665.0,662.8,664.4,135221
1654592400,664.45,664.85,662.0,662.45,297217
1654593300,662.45,664.1,661.1,663.95,363424
1654594200,663.95,666.35,663.95,665.95,652883
1654595100,665.9,666.25,665.0,665.6,535634
1654659900,670.0,672.15,668.05,670.4,557630
1654660800,670.7,671.0,667.5,669.65,213322
1654661700,669.6,669.9,665.5,666.5,204080
1654662600,666.5,668.9,664.0,668.65,646013
1654663500,668.9,670.9,667.6,668.2,627973
1654664400,668.2,672.75,667.85,672.0,773139
1654665300,672.15,673.55,669.6,670.3,554556
1654666200,670.1,670.6,667.65,667.75,210096
1654667100,667.75,669.35,667.55,668.85,150732
1654668000,668.85,669.3,666.85,666.95,138735
1654668900,666.95,667.45,665.5,666.0,225654
1654669800,666.05,667.25,665.65,665.95,166219
1654670700,666.0,667.2,665.5,667.0,210786
1654671600,666.8,667.2,665.7,666.6,297697
1654672500,666.65,666.7,664.75,665.15,233220
1654673400,665.1,665.55,662.3,662.55,257574
1654674300,662.55,662.55,660.1,660.4,497648
1654675200,660.4,660.65,657.35,658.75,436690
1654676100,658.65,660.0,658.0,659.5,207343
1654677000,659.9,659.9,656.6,658.1,288097
1654677900,658.3,659.4,656.8,658.15,254376
1654678800,658.15,658.55,655.75,656.7,437913
1654679700,656.65,658.1,655.45,656.15,474779
1654680600,656.35,659.8,656.35,658.4,628858
1654681500,658.45,659.7,658.0,658.55,576016
1654746300,656.95,658.5,652.0,653.25,666159
1654747200,653.3,653.8,651.6,653.0,317866
1654748100,653.0,653.8,652.5,652.8,179718
1654749000,652.55,653.45,652.1,652.5,117321
1654749900,652.3,654.75,651.5,654.65,270786
1654750800,654.7,655.0,653.2,653.7,186894
1654751700,653.65,654.95,652.8,654.5,191414
1654752600,654.75,655.3,652.55,653.45,176073
1654753500,653.5,653.6,652.25,652.95,148843
1654754400,652.9,654.8,652.6,653.05,142517
1654755300,653.3,653.95,652.5,653.1,94288
1654756200,653.1,653.65,652.5,653.05,86529
1654757100,653.05,654.25,652.65,652.95,166147
1654758000,652.95,656.4,652.8,654.95,381233
1654758900,654.95,655.05,652.5,652.95,198563
1654759800,652.95,653.1,650.0,650.85,475992
1654760700,650.8,653.7,650.5,653.1,150343
1654761600,653.1,653.45,651.85,652.85,84729
1654762500,652.85,653.8,652.5,653.4,92970
1654763400,653.25,655.5,653.05,655.0,151728
1654764300,655.0,657.45,654.4,656.6,184472
1654765200,657.25,658.6,656.0,658.15,178220
1654766100,658.15,660.0,657.95,659.2,168710
1654767000,659.2,661.7,658.85,661.65,383199
1654767900,661.7,662.75,661.25,661.85,473466
1654832700,655.5,656.95,652.2,655.75,462688
1654833600,655.8,658.5,654.7,658.05,282255
1654834500,658.05,659.7,657.2,658.4,212969
1654835400,658.5,660.35,658.25,660.3,150912
1654836300,660.2,661.95,659.45,661.95,153458
1654837200,661.95,662.4,660.8,662.0,148817
1654838100,662.2,662.9,660.0,660.6,156465
1654839000,660.6,663.35,660.6,662.5,235608
1654839900,662.15,663.55,661.2,661.2,306648
1654840800,661.05,662.35,660.4,661.85,116296
1654841700,661.85,662.25,661.1,662.25,111397
1654842600,662.05,662.15,660.45,661.85,181420
1654843500,662.0,662.25,661.25,661.9,192948
1654844400,662.2,662.2,659.1,659.75,338237
1654845300,659.9,661.3,659.1,660.65,128732
1654846200,660.75,662.0,660.5,661.0,126316
1654847100,661.0,661.95,660.5,661.2,120556
1654848000,661.4,663.4,660.5,662.7,486759
1654848900,662.7,663.7,660.4,661.35,384887
1654849800,661.35,662.2,660.6,661.75,192620
1654850700,661.75,662.3,659.6,660.5,364550
1654851600,660.45,662.0,660.45,660.95,274090
1654852500,660.8,662.15,659.6,660.55,385539
1654853400,660.4,662.0,660.0,661.2,720665
1654854300,661.4,661.55,659.55,660.0,501752
1655091900,646.95,650.3,641.65,643.4,889215
1655092800,643.2,643.9,640.1,642.8,539065
1655093700,642.85,644.2,642.05,644.2,239042
1655094600,644.35,645.0,642.0,642.55,225596
1655095500,642.5,643.7,641.9,643.3,184045
1655096400,643.25,644.35,642.6,643.2,131020
1655097300,642.95,645.55,642.3,645.05,183145
1655098200,645.1,647.55,645.0,647.0,247567
1655099100,647.2,647.5,646.0,646.0,352442
1655100000,646.1,646.5,643.8,644.4,404995
1655100900,644.4,646.3,644.25,645.8,132720
1655101800,645.95,646.5,645.4,646.15,71817
1655102700,646.2,647.1,644.3,644.5,136518
1655103600,644.35,646.0,644.1,645.7,108273
1655104500,645.7,646.7,645.5,646.2,106241
1655105400,646.2,647.4,645.2,646.95,130814
1655106300,647.0,647.85,646.8,647.4,114713
1655107200,647.4,648.85,646.0,647.05,220846
1655108100,647.05,648.0,645.05,645.55,252796
1655109000,645.65,646.4,644.55,645.05,213243
1655109900,645.1,646.0,644.5,645.65,156931
1655110800,645.75,648.25,645.6,647.0,207827
1655111700,647.05,648.7,646.5,647.95,174431
1655112600,648.05,649.35,647.4,648.3,337051
1655113500,648.35,652.0,648.35,650.9,358463
1655178300,645.0,650.5,643.1,644.15,665416
1655179200,644.15,645.55,643.2,644.2,261055
1655180100,644.2,647.0,644.05,646.8,203399
1655181000,646.55,646.95,644.6,645.9,150814
1655181900,645.75,648.8,645.75,648.4,156316
1655182800,648.4,651.25,648.0,650.8,196355
1655183700,650.8,652.3,650.15,651.45,178057
1655184600,651.45,654.9,651.0,654.5,246456
1655185500,654.45,655.0,652.15,652.6,178299
1655186400,652.7,654.75,652.45,654.15,139146
1655187300,654.1,655.0,652.95,653.3,179379
1655188200,653.3,655.25,653.0,654.85,183357
1655189100,654.85,655.7,650.0,650.8,283171
1655190000,650.45,652.0,649.85,650.7,218176
1655190900,650.65,651.1,649.65,649.85,164678
1655191800,649.85,651.85,648.3,651.7,173205
1655192700,651.75,653.8,651.25,652.25,165857
1655193600,652.1,652.35,649.6,650.55,217630
1655194500,650.45,651.0,648.8,650.45,112182
1655195400,650.45,650.95,647.35,647.35,110879
1655196300,647.35,648.0,645.7,647.95,143884
1655197200,648.0,648.6,646.35,647.9,140587
1655198100,647.9,648.95,647.05,647.5,103058
1655199000,647.5,649.85,647.5,649.8,251957
1655199900,649.75,653.95,649.0,650.6,555334
1655264700,654.0,656.35,649.25,649.6,341259
1655265600,649.6,652.15,649.0,649.1,148885
1655266500,649.1,650.4,648.55,649.45,140850
1655267400,649.45,650.35,648.2,650.1,93674
1655268300,650.05,650.35,649.2,650.1,71887
1655269200,650.1,651.45,649.2,650.95,124058
1655270100,650.95,651.25,649.55,650.3,74190
1655271000,650.25,651.0,649.6,650.6,65692
1655271900,650.8,651.25,650.0,650.55,75656
1655272800,650.65,651.1,649.0,649.05,111513
1655273700,649.0,650.0,647.2,649.8,222137
1655274600,649.65,650.3,648.7,650.0,107878
1655275500,650.0,650.9,648.0,648.75,184083
1655276400,648.9,650.85,648.8,650.3,147072
1655277300,650.25,651.6,650.0,650.6,223944
1655278200,650.6,651.0,649.3,650.55,113732
1655279100,650.55,651.0,648.8,649.9,160197
1655280000,649.9,651.7,649.4,650.85,136532
1655280900,650.8,652.55,650.75,651.85,284886
1655281800,652.0,652.4,650.0,650.2,161777
1655282700,650.15,651.0,648.25,649.1,169192
1655283600,649.3,649.5,648.1,649.25,113775
1655284500,649.2,650.0,648.4,649.8,188678
1655285400,649.75,651.5,649.0,650.25,652839
1655286300,650.0,651.75,650.0,650.3,518031
1655351100,657.5,658.2,655.05,655.5,356561
1655352000,655.6,656.4,653.45,654.0,182774
1655352900,654.1,654.9,652.2,652.9,108817
1655353800,652.65,653.8,652.25,652.25,114547
1655354700,652.25,653.35,652.15,653.2,112475
1655355600,653.05,654.5,652.45,653.05,332605
1655356500,653.0,653.15,651.25,652.15,190758
1655357400,652.2,652.65,650.5,651.45,97159
1655358300,651.25,651.4,647.35,647.95,172907
1655359200,647.95,648.4,644.1,645.1,145742
1655360100,645.05,645.05,642.2,642.5,149424
1655361000,642.45,642.45,640.35,641.05,219458
1655361900,641.2,643.5,641.0,641.45,133662
1655362800,641.3,642.8,640.8,641.6,135081
1655363700,641.55,643.15,640.3,642.9,141380
1655364600,643.1,643.2,640.05,640.55,187070
1655365500,640.65,641.2,635.2,635.55,395085
1655366400,635.55,639.1,635.5,638.0,305909
1655367300,637.9,639.45,636.5,638.1,201907
1655368200,638.1,638.35,635.1,635.55,273058
1655369100,635.5,635.85,632.1,633.55,340209
1655370000,633.55,633.85,631.05,632.35,246203
1655370900,632.25,635.5,631.9,634.45,208273
1655371800,634.3,636.65,633.7,635.5,601004
1655372700,635.5,636.25,632.1,634.3,592462
1655437500,630.0,632.95,626.6,630.5,941121
1655438400,630.5,640.2,630.5,638.75,410639
1655439300,638.85,640.25,636.15,639.45,200887
1655440200,639.45,639.7,634.05,634.15,192284
1655441100,634.45,636.25,633.7,634.85,112413
1655442000,634.9,637.45,634.45,635.5,86404
1655442900,635.7,637.05,634.05,634.4,191621
1655443800,634.45,635.8,633.6,634.7,101735
1655444700,634.65,635.8,631.8,632.0,118277
1655445600,631.8,633.5,630.5,632.25,190992
1655446500,632.2,633.9,632.1,633.3,122564
1655447400,633.3,635.4,632.0,635.1,157882
1655448300,635.1,636.3,634.0,635.7,196778
1655449200,635.8,637.8,635.0,637.65,331123
1655450100,637.5,640.8,637.45,637.95,350561
1655451000,637.8,638.1,634.6,634.85,116800
1655451900,634.8,637.0,633.6,636.2,147276
1655452800,636.1,636.5,634.1,636.2,90044
1655453700,636.6,637.2,635.05,636.4,99438
1655454600,636.8,638.0,633.0,633.6,160883
1655455500,633.6,633.6,631.05,632.35,159263
1655456400,632.35,634.9,631.9,634.3,108231
1655457300,634.3,639.25,634.0,638.75,184816
1655458200,638.6,639.0,632.25,633.75,1072493
1655459100,633.75,637.05,632.8,636.25,983373
1655696700,635.25,637.15,632.85,633.55,345596
1655697600,633.4,635.35,630.6,630.75,227411
1655698500,630.7,634.6,630.2,632.95,215166
1655699400,632.85,636.5,632.85,635.0,388800
1655700300,634.9,636.4,631.2,631.6,145449
1655701200,631.55,632.8,631.0,631.7,140469
1655702100,631.75,631.95,630.95,631.0,120887
1655703000,631.0,633.4,631.0,632.8,164240
1655703900,632.75,633.6,631.05,631.85,86957
1655704800,631.85,632.7,631.0,631.8,86214
1655705700,631.9,633.85,631.4,632.5,87828
1655706600,632.55,634.5,632.0,632.5,172725
1655707500,632.65,634.5,631.8,633.55,114860
1655708400,633.5,634.4,631.85,632.55,81277
1655709300,632.7,632.95,631.0,631.8,178348
1655710200,632.0,632.5,631.0,631.45,195793
1655711100,631.35,631.5,626.45,627.8,380754
1655712000,628.05,630.85,627.05,628.8,135264
1655712900,628.9,629.8,627.65,628.7,103723
1655713800,628.75,630.7,628.0,628.25,126152
1655714700,628.25,629.25,625.45,625.5,239872
1655715600,625.7,626.4,622.75,622.75,421883
1655716500,622.95,627.0,622.2,625.9,432889
1655717400,625.85,628.8,625.05,628.45,378117
1655718300,628.3,630.35,628.3,630.0,326206
1655783100,632.0,633.6,629.5,630.7,455549
1655784000,630.65,632.5,628.15,629.55,722601
1655784900,629.95,632.4,629.1,630.55,828676
1655785800,630.55,633.0,630.55,632.75,519952
1655786700,632.95,634.35,631.2,634.0,627295
1655787600,634.0,635.65,633.15,633.15,690266
1655788500,633.2,633.25,631.4,632.5,196062
1655789400,632.5,634.8,632.5,634.3,299874
1655790300,634.5,634.5,633.0,633.6,124839
1655791200,633.7,635.8,633.45,634.85,199561
1655792100,634.9,635.9,634.6,635.2,596109
1655793000,635.35,635.9,634.6,635.05,298818
1655793900,635.35,638.85,635.0,637.9,1261582
1655794800,637.95,639.6,637.5,638.3,188030
1655795700,638.25,641.95,638.25,640.8,291878
1655796600,640.8,644.45,640.7,643.9,252798
1655797500,644.05,645.0,642.5,645.0,146175
1655798400,644.8,645.35,643.4,644.05,312238
1655799300,643.75,644.0,641.2,643.1,144497
1655800200,643.1,643.7,641.65,641.95,157781
1655801100,641.95,643.5,641.0,641.8,478167
1655802000,641.8,642.4,639.45,640.0,199622
1655802900,639.95,640.7,638.2,638.4,310295
1655803800,638.4,638.65,635.6,636.05,410998
1655804700,636.0,637.05,635.2,636.0,609758
1655869500,632.55,633.65,622.6,623.1,973035
1655870400,623.0,625.75,621.25,625.0,638022
1655871300,625.25,626.85,625.0,626.0,330900
1655872200,626.1,626.45,625.0,626.25,374236
1655873100,626.2,628.4,626.1,627.95,160604
1655874000,628.0,630.8,627.8,629.0,246029
1655874900,628.95,631.5,628.9,631.3,148206
1655875800,631.3,631.9,628.85,629.55,93842
1655876700,629.6,630.0,626.3,628.1,178220
1655877600,627.8,629.0,626.1,626.2,104333
1655878500,626.2,627.05,625.05,626.25,143771
1655879400,626.2,627.55,626.05,627.0,86026
1655880300,627.0,628.75,626.9,628.2,93222
1655881200,628.3,628.65,626.7,628.45,183060
1655882100,628.6,629.0,627.05,627.85,110916
1655883000,627.85,629.35,627.4,627.55,90247
1655883900,627.55,627.85,625.0,625.15,185150
1655884800,625.1,626.2,624.5,625.55,460150
1655885700,625.55,626.0,624.7,624.9,67219
1655886600,624.9,628.6,624.65,628.3,165438
1655887500,628.3,628.5,626.75,627.9,100484
1655888400,627.9,628.7,627.25,627.45,80520
1655889300,627.45,630.15,627.1,628.25,179492
1655890200,628.2,628.7,625.65,626.55,326863
1655891100,626.6,627.9,625.75,627.4,364963
1655955900,627.4,633.0,626.15,632.05,570258
1655956800,632.05,635.0,632.0,635.0,239786
1655957700,634.95,637.95,634.8,637.4,354476
1655958600,637.45,639.7,637.0,639.25,229153
1655959500,639.25,640.6,638.5,639.8,266328
1655960400,639.8,640.85,637.95,638.3,179808
1655961300,638.25,638.65,635.4,636.0,575119
1655962200,636.0,636.9,635.55,635.95,166396
1655963100,635.95,637.0,635.1,635.95,133394
1655964000,636.1,636.1,634.35,634.55,139533
1655964900,634.55,634.7,632.4,633.3,230179
1655965800,633.3,634.4,632.25,633.95,186241
1655966700,633.75,633.95,629.1,629.1,306996
1655967600,629.1,630.7,628.6,629.2,109185
1655968500,629.3,629.3,624.35,624.9,573255
1655969400,624.9,625.8,620.05,620.8,419481
1655970300,620.95,621.25,618.25,619.0,426785
1655971200,618.95,626.75,618.8,625.85,670871
1655972100,625.9,627.5,624.2,627.2,293331
1655973000,627.05,627.4,622.2,622.35,341476
1655973900,622.25,624.95,622.25,624.0,321008
1655974800,624.0,628.6,623.15,628.45,347591
1655975700,628.3,629.6,626.15,628.25,329682
1655976600,628.3,630.25,626.1,630.0,567792
1655977500,630.3,630.9,628.65,630.5,461895
1656042300,634.35,642.45,633.9,636.0,818558
1656043200,636.0,636.0,634.5,634.95,266891
1656044100,635.0,636.5,634.0,635.45,430356
1656045000,635.6,636.25,634.3,635.15,439410
1656045900,635.15,635.8,634.15,635.0,120622
1656046800,635.0,635.4,634.55,635.1,100700
1656047700,635.05,635.5,634.8,635.2,84654
1656048600,635.1,635.4,634.5,635.0,110723
1656049500,635.05,635.3,633.55,633.9,124250
1656050400,634.0,634.5,632.7,633.35,265438
1656051300,633.45,633.55,631.7,632.6,184925
1656052200,632.6,633.6,632.4,632.4,120823
1656053100,632.4,633.15,631.65,632.65,140173
1656054000,632.5,634.45,632.0,633.8,218938
1656054900,633.75,634.95,633.0,633.95,168414
1656055800,634.0,635.0,633.75,634.75,188621
1656056700,634.75,634.9,633.2,634.0,104596
1656057600,634.05,634.95,633.45,633.65,126650
1656058500,633.75,635.5,633.25,634.95,717196
1656059400,635.0,637.4,634.1,635.85,412661
1656060300,635.8,636.3,634.0,634.9,195334
1656061200,634.9,635.4,633.0,634.85,174132
1656062100,634.85,635.0,633.75,634.5,156919
1656063000,634.5,634.95,633.45,634.1,542033
1656063900,634.3,634.9,633.15,634.0,687585
1656301500,644.0,646.9,640.05,641.9,593070
1656302400,641.9,642.0,639.1,640.3,230270
1656303300,640.3,640.9,638.6,639.55,194253
1656304200,639.55,640.7,638.0,638.8,122003
1656305100,638.8,639.9,638.3,639.4,83734
1656306000,639.45,639.9,638.8,639.1,77181
1656306900,639.1,639.2,637.35,637.75,125557
1656307800,637.75,641.4,637.6,640.0,163806
1656308700,640.0,640.5,639.0,639.25,79447
1656309600,639.25,639.25,636.35,636.6,184778
1656310500,636.6,636.6,635.3,635.45,132664
1656311400,635.5,636.25,634.7,635.0,124024
1656312300,634.75,635.7,634.75,635.0,68053
1656313200,635.0,637.2,634.7,636.65,139155
1656314100,636.8,638.3,636.4,638.2,125758
1656315000,638.2,640.35,638.2,638.55,165651
1656315900,638.3,640.3,638.25,639.8,152240
1656316800,640.0,640.15,638.5,639.3,163613
1656317700,639.3,639.4,636.5,636.95,130760
1656318600,636.95,638.5,635.65,636.2,163498
1656319500,636.25,636.9,635.0,636.1,136622
1656320400,636.1,637.1,635.4,635.7,137983
1656321300,635.65,636.95,635.05,636.6,124893
1656322200,636.6,637.2,635.0,636.95,375765
1656323100,636.95,639.0,636.2,637.5,517065
1656387900,634.0,640.5,632.0,639.4,1977249
1656388800,639.4,639.55,636.0,636.85,1759650
1656389700,636.9,637.35,634.45,634.5,224258
1656390600,634.7,635.4,633.95,634.15,115827
1656391500,634.1,636.3,633.9,635.0,148160
1656392400,635.25,636.95,633.75,633.9,110074
1656393300,633.85,634.55,633.2,633.8,134794
1656394200,633.9,636.5,633.4,636.0,122149
1656395100,636.0,636.9,635.65,636.65,78581
1656396000,636.75,639.5,636.5,638.9,205114
1656396900,638.85,640.5,638.5,640.05,229619
1656397800,640.05,640.3,639.1,639.8,276068
1656398700,639.8,642.0,639.5,641.1,293717
1656399600,641.0,643.5,640.9,642.85,322907
1656400500,642.85,643.55,641.5,642.55,304303
1656401400,642.55,643.0,639.3,641.15,367854
1656402300,641.25,643.3,640.7,642.85,1383506
1656403200,642.85,643.8,642.15,643.0,249899
1656404100,643.0,644.7,641.45,642.0,252643
1656405000,642.0,642.1,639.95,640.2,160271
1656405900,640.15,641.4,639.5,641.3,228436
1656406800,641.3,643.7,641.3,642.85,273703
1656407700,642.8,643.45,641.3,641.35,260148
1656408600,641.3,644.0,641.3,642.0,630484
1656409500,642.05,644.0,641.4,643.5,594970
1656474300,636.35,637.5,633.55,635.1,549392
1656475200,635.1,635.4,633.0,634.3,318108
1656476100,634.35,635.2,633.75,635.05,188709
1656477000,635.1,635.85,634.45,635.55,148382
1656477900,635.55,637.2,635.3,636.8,198632
1656478800,636.8,637.8,636.2,636.25,178414
1656479700,636.25,636.45,634.8,634.9,124161
1656480600,634.9,635.5,634.55,635.45,135853
1656481500,635.45,636.8,635.35,636.45,107955
1656482400,636.35,636.7,635.5,635.65,181708
1656483300,635.65,636.35,635.05,636.25,135632
1656484200,636.25,636.95,635.35,635.7,166611
1656485100,635.8,635.8,634.3,635.0,226472
1656486000,634.75,636.45,634.75,635.05,225034
1656486900,635.05,636.3,634.8,635.1,229058
1656487800,635.1,636.25,634.8,634.85,279983
1656488700,634.85,635.35,633.55,633.85,256795
1656489600,633.8,635.05,633.7,634.25,335635
1656490500,634.2,634.3,630.15,631.2,380340
1656491400,631.15,632.3,629.6,630.05,685831
1656492300,630.15,631.0,629.25,630.85,376779
1656493200,630.85,630.85,628.7,630.35,361922
1656494100,630.4,631.3,629.3,629.4,634786
1656495000,629.4,629.4,623.6,623.7,3665596
1656495900,623.65,629.55,623.5,624.2,3507630
1656560700,624.0,631.75,623.65,631.35,825858
1656561600,631.4,636.75,631.0,636.4,604474
1656562500,636.15,638.65,636.15,637.8,485061
1656563400,637.8,637.8,635.6,636.5,305910
1656564300,636.4,636.65,634.2,635.5,411394
1656565200,635.4,637.8,634.75,637.6,270244
1656566100,637.7,639.3,636.7,636.7,394860
1656567000,636.8,638.3,636.1,636.8,276505
1656567900,636.6,638.1,636.3,637.55,223175
1656568800,637.55,637.9,635.55,636.4,243214
1656569700,636.4,637.3,635.7,636.5,192214
1656570600,636.5,636.7,634.8,635.2,239312
1656571500,635.3,635.9,634.1,634.1,296712
1656572400,634.25,638.5,633.35,636.25,439538
1656573300,636.15,637.3,635.3,636.9,231321
1656574200,636.9,637.4,636.3,636.55,181083
1656575100,636.4,637.3,635.0,635.95,232623
1656576000,636.0,636.4,635.25,635.9,156812
1656576900,635.8,636.5,635.1,635.2,192948
1656577800,635.4,636.7,635.0,636.65,221860
1656578700,636.65,636.9,635.25,635.95,186145
1656579600,635.95,636.7,635.2,635.9,315226
1656580500,636.05,637.45,635.7,636.95,393646
1656581400,636.85,637.1,635.3,636.1,1586344
1656582300,636.2,638.9,634.6,634.9,1622803
1656647100,633.0,636.0,632.45,632.85,542310
1656648000,632.65,634.95,631.8,634.9,311304
1656648900,634.95,637.7,634.6,636.6,379841
1656649800,636.6,638.0,636.55,637.0,318292
1656650700,637.0,639.3,637.0,638.15,365610
1656651600,638.15,640.9,638.0,640.65,257137
1656652500,640.75,642.45,640.0,642.4,250245
1656653400,642.25,642.45,639.45,640.85,216578
1656654300,640.9,642.0,640.6,641.5,149711
1656655200,641.05,641.95,640.6,641.65,125391
1656656100,641.65,641.7,639.8,641.25,139451
1656657000,641.1,641.55,640.4,641.5,143073
1656657900,641.55,642.3,640.4,640.4,157834
1656658800,640.7,640.85,639.25,639.9,175110
1656659700,639.95,641.05,638.0,639.6,177913
1656660600,639.55,641.65,639.55,640.3,194536
1656661500,640.35,641.15,639.05,640.1,215134
1656662400,640.25,642.35,639.6,642.25,192879
1656663300,642.3,642.35,640.95,641.25,175760
1656664200,641.25,642.25,641.0,641.45,170905
1656665100,641.45,642.8,641.15,641.3,295860
1656666000,641.35,642.5,640.0,642.05,213137
1656666900,642.05,643.9,642.05,642.35,242748
1656667800,642.3,643.85,641.7,642.8,399098
1656668700,642.75,646.6,642.7,644.0,728857
1656906300,641.55,647.85,641.55,645.8,388144
1656907200,645.8,647.1,642.4,642.5,185827
1656908100,642.5,646.45,640.5,646.25,426847
1656909000,646.1,648.25,646.0,647.2,243347
1656909900,647.4,649.25,647.0,647.0,128379
1656910800,646.65,648.85,646.6,647.5,57357
1656911700,647.55,650.9,647.5,650.9,159109
1656912600,650.9,650.95,649.0,649.5,94735
1656913500,649.45,649.65,648.1,649.25,72301
1656914400,649.55,650.25,649.25,650.15,67856
1656915300,650.1,650.2,646.9,647.55,106453
1656916200,647.55,648.2,647.0,647.35,53374
1656917100,647.35,649.0,647.0,648.7,65098
1656918000,648.7,649.5,647.25,648.1,77755
1656918900,648.05,650.0,647.45,650.0,79908
1656919800,649.95,650.7,648.0,648.35,127213
1656920700,648.35,648.8,647.7,648.1,63115
1656921600,648.1,648.45,647.0,647.35,67801
1656922500,647.3,648.0,645.75,647.35,101162
1656923400,647.35,649.4,647.0,649.05,87716
1656924300,649.05,651.35,649.0,649.55,143223
1656925200,649.7,650.5,648.8,650.5,110006
1656926100,650.5,653.5,650.5,653.35,223757
1656927000,653.25,654.8,653.25,654.75,367926
1656927900,654.6,655.15,653.9,654.7,418529
1656992700,656.1,657.7,654.0,656.8,308630
1656993600,656.55,657.2,655.5,657.1,132776
1656994500,657.1,658.5,657.0,658.2,158886
1656995400,658.2,658.95,657.6,658.4,114376
1656996300,658.4,659.9,658.0,659.7,121646
1656997200,659.6,659.85,656.65,657.6,229385
1656998100,657.5,657.65,655.5,656.85,126366
1656999000,656.75,656.8,654.6,655.0,191397
1656999900,655.0,656.35,654.3,655.55,149366
1657000800,655.55,656.7,654.55,655.15,159300
1657001700,655.2,655.35,653.65,654.3,123084
1657002600,654.3,656.1,653.95,656.05,146635
1657003500,656.0,657.0,655.9,656.6,179619
1657004400,656.4,657.15,656.0,656.25,140197
1657005300,656.25,657.35,656.25,656.35,132529
1657006200,656.35,656.9,656.1,656.55,143632
1657007100,656.55,657.6,656.4,657.0,169283
1657008000,657.0,657.8,656.45,657.3,158239
1657008900,657.3,657.4,652.1,653.45,424396
1657009800,653.3,654.55,652.75,653.75,218794
1657010700,653.75,654.25,652.2,653.3,187515
1657011600,653.4,653.4,650.5,652.25,229785
1657012500,651.85,652.75,649.35,650.3,206816
1657013400,650.25,650.25,646.5,648.35,354514
1657014300,648.3,650.0,646.0,647.25,528425
1657079100,652.0,657.0,651.0,656.45,860829
1657080000,656.45,657.7,654.0,654.8,424535
1657080900,654.6,658.85,654.3,656.7,307832
1657081800,656.8,656.9,655.15,655.7,110377
1657082700,655.7,656.35,654.25,654.95,133033
1657083600,654.95,655.8,653.05,654.1,149953
1657084500,654.1,656.95,653.5,654.4,223992
1657085400,654.4,655.55,653.6,654.55,120601
1657086300,654.55,655.75,654.0,654.0,243586
1657087200,654.0,654.1,651.85,652.95,381603
1657088100,652.95,653.7,652.0,653.6,147614
1657089000,653.6,655.5,652.95,655.35,164490
1657089900,655.35,655.9,654.2,655.35,108174
1657090800,655.35,657.25,654.65,654.75,132725
1657091700,654.9,658.0,654.7,658.0,154703
1657092600,658.0,659.25,656.7,659.0,184244
1657093500,658.9,659.15,656.15,656.5,144494
1657094400,656.5,657.65,655.05,656.25,121101
1657095300,656.25,656.35,654.45,654.95,122974
1657096200,654.95,655.75,653.9,655.05,286528
1657097100,654.55,659.4,654.45,656.9,613487
1657098000,656.95,658.0,654.65,655.05,232385
1657098900,655.3,658.4,654.45,657.55,255942
1657099800,657.95,658.35,656.9,658.0,465099
1657100700,657.95,658.85,656.85,656.85,582049
1657165500,663.45,664.5,661.0,661.25,633246
1657166400,661.4,661.85,658.55,659.65,1042435
1657167300,659.7,660.15,655.8,656.15,506168
1657168200,656.2,657.25,655.5,656.25,243618
1657169100,656.3,656.8,655.05,656.0,464481
1657170000,656.05,657.0,655.15,656.7,230406
1657170900,656.75,656.95,655.5,656.0,167066
1657171800,655.8,656.3,654.2,656.1,831020
1657172700,656.2,656.2,654.4,654.85,706570
1657173600,655.1,656.0,654.0,655.8,219724
1657174500,655.8,656.5,654.7,655.85,409430
1657175400,655.85,656.2,655.5,655.7,223916
1657176300,655.7,657.8,655.3,657.3,231464
1657177200,657.3,658.0,656.1,656.25,223075
1657178100,656.5,656.7,654.75,655.0,187284
1657179000,655.0,656.9,654.75,656.6,231392
1657179900,656.6,660.6,656.55,659.95,801851
1657180800,659.95,660.0,658.2,659.0,329388
1657181700,659.0,659.35,654.45,654.9,639039
1657182600,654.9,655.45,652.2,652.35,408965
1657183500,652.35,655.8,651.65,655.45,605120
1657184400,655.4,657.4,655.2,657.4,263209
1657185300,657.2,658.65,656.65,657.25,321490
1657186200,657.2,658.75,655.6,658.1,538408
1657187100,658.1,660.0,657.55,659.5,699476
1657251900,667.0,667.35,661.4,665.25,1385232
1657252800,665.25,671.9,665.0,671.5,1278690
1657253700,671.55,674.2,671.55,672.0,713890
1657254600,672.0,672.95,671.2,672.7,482178
1657255500,672.7,674.6,671.55,673.45,496456
1657256400,673.45,676.8,673.0,675.7,651534
1657257300,675.65,675.7,673.55,674.15,308546
1657258200,674.15,674.15,672.0,672.35,328313
1657259100,672.35,672.55,669.45,669.7,506189
1657260000,669.75,670.65,669.1,669.55,230072
1657260900,669.5,669.55,665.95,666.2,404725
1657261800,666.1,667.3,665.2,665.85,373166
1657262700,665.9,669.9,665.6,669.9,482606
1657263600,669.6,670.9,668.8,670.05,429646
1657264500,670.15,671.5,668.15,668.85,471484
1657265400,668.85,669.2,668.05,668.15,373263
1657266300,668.2,668.75,666.55,668.5,183633
1657267200,668.5,669.9,668.45,669.05,396414
1657268100,669.05,669.1,666.55,666.95,139292
1657269000,666.7,667.4,665.85,667.05,324020
1657269900,667.05,667.25,665.4,665.75,262713
1657270800,665.5,667.85,665.05,667.7,313379
1657271700,667.7,668.65,666.3,668.1,325595
1657272600,668.1,671.25,667.75,670.3,791612
1657273500,670.3,670.95,667.65,670.5,973765
1657511100,666.55,675.0,665.35,674.3,923692
1657512000,674.3,674.45,671.6,672.5,184573
1657512900,672.5,673.5,671.0,671.2,917696
1657513800,671.4,674.9,671.0,673.75,1149650
1657514700,673.75,677.15,673.05,675.9,270038
1657515600,675.9,675.9,673.55,673.95,312286
1657516500,673.95,674.75,673.1,673.9,284264
1657517400,673.9,674.0,672.05,672.15,275065
1657518300,672.35,672.45,670.85,671.4,323597
1657519200,671.4,672.45,670.55,671.3,450291
1657520100,671.3,671.9,670.25,671.5,630070
1657521000,671.5,674.0,671.4,672.65,286494
1657521900,672.65,672.7,668.95,669.5,687587
1657522800,669.75,673.5,669.5,672.6,283323
1657523700,672.6,675.5,672.4,675.25,639212
1657524600,675.15,676.35,675.0,676.1,515537
1657525500,676.1,677.9,676.0,676.65,679287
1657526400,676.8,677.85,674.9,677.35,571394
1657527300,677.6,678.45,675.5,675.7,393066
1657528200,675.4,679.25,675.3,677.75,426043
1657529100,677.75,681.7,677.7,680.7,748064
1657530000,681.05,681.5,679.15,680.7,1192702
1657530900,680.6,681.4,679.6,680.4,588967
1657531800,680.4,681.95,679.55,680.0,839784
1657532700,680.1,680.5,678.55,680.25,1276655
1657597500,677.0,685.25,676.1,683.55,936271
1657598400,683.7,683.7,678.75,679.55,396393
1657599300,679.5,681.9,679.35,681.0,212558
1657600200,681.0,683.0,680.95,682.0,164936
1657601100,682.0,683.7,681.95,683.45,156751
1657602000,683.5,683.6,682.75,683.0,355355
1657602900,683.2,683.9,683.05,683.45,288381
1657603800,683.45,683.45,681.4,681.95,175547
1657604700,682.0,683.1,681.15,682.15,154900
1657605600,682.15,682.3,680.7,681.8,157810
1657606500,681.75,682.95,681.05,682.95,127243
1657607400,682.95,684.4,682.3,683.9,230670
1657608300,683.9,684.0,682.15,682.7,198822
1657609200,682.75,684.0,682.4,683.1,269714
1657610100,683.1,683.25,681.1,681.85,236273
1657611000,681.85,682.25,680.25,681.25,248233
1657611900,681.25,682.1,680.4,680.95,197659
1657612800,680.95,682.85,680.55,682.25,142584
1657613700,682.25,682.4,680.25,680.4,197583
1657614600,680.4,682.85,680.05,682.6,204453
1657615500,682.6,682.8,681.45,682.45,212235
1657616400,682.45,683.45,681.25,681.35,168702
1657617300,681.35,681.7,678.15,678.15,273642
1657618200,678.15,678.85,676.05,676.15,403227
1657619100,676.2,676.5,673.0,674.0,324797
1657683900,680.0,680.65,677.2,679.0,411267
1657684800,679.0,680.9,678.3,680.5,430298
1657685700,680.5,681.65,679.4,681.4,765262
1657686600,681.5,682.95,680.75,682.2,620325
1657687500,682.15,682.2,680.15,681.5,303691
1657688400,681.5,682.85,681.15,681.85,859864
1657689300,681.65,682.0,680.0,681.45,146245
1657690200,681.25,681.9,680.1,680.3,91958
1657691100,680.3,685.0,679.7,683.0,964062
1657692000,683.0,683.5,681.95,682.2,70982
1657692900,682.2,682.75,681.35,681.9,74000
1657693800,681.95,681.95,680.7,681.7,273678
1657694700,681.6,683.0,681.4,681.8,494073
1657695600,681.85,682.0,681.0,681.25,88870
1657696500,681.25,683.15,681.0,682.05,212301
1657697400,682.0,682.35,680.5,681.05,356545
1657698300,681.05,681.4,680.05,680.7,237386
1657699200,680.95,681.85,679.4,679.7,673470
1657700100,679.7,681.8,679.5,681.05,203984
1657701000,681.05,681.5,679.9,681.0,298968
1657701900,681.0,683.0,680.5,682.0,221669
1657702800,681.95,682.0,680.2,681.15,194767
1657703700,681.05,681.6,680.5,681.5,230279
1657704600,681.5,681.5,679.5,680.0,679675
1657705500,679.95,680.05,676.95,677.85,703821
1657770300,678.6,680.45,674.55,675.05,756129
1657771200,675.5,678.5,674.55,675.7,421323
1657772100,675.9,678.95,675.2,678.35,417435
1657773000,678.3,679.5,678.1,678.9,104587
1657773900,678.8,679.3,676.3,676.35,522924
1657774800,676.35,677.15,675.1,676.75,356353
1657775700,676.7,676.75,675.4,675.5,170585
1657776600,675.55,676.05,672.8,673.3,352731
1657777500,673.3,673.3,670.95,671.75,350770
1657778400,671.65,674.15,670.4,672.65,374694
1657779300,672.6,672.9,670.65,671.0,294536
1657780200,671.0,671.0,668.0,670.0,554561
1657781100,669.95,670.85,667.65,668.45,454023
1657782000,668.4,669.95,668.1,668.95,59025
1657782900,668.95,670.35,668.8,670.0,70264
1657783800,670.0,670.35,667.75,668.35,265458
1657784700,668.35,668.85,667.5,668.5,241493
1657785600,668.35,668.5,667.25,668.5,76348
1657786500,668.45,669.5,668.1,668.35,157196
1657787400,668.3,669.05,666.2,666.35,191347
1657788300,666.3,667.4,665.6,666.3,193716
1657789200,666.3,667.9,666.0,667.3,162204
1657790100,667.1,667.55,665.7,666.6,284661
1657791000,666.35,669.4,666.25,668.75,640972
1657791900,668.75,668.95,667.5,668.85,534999
1657856700,670.0,674.2,663.4,663.6,817107
1657857600,663.6,666.5,663.3,664.4,513378
1657858500,664.45,665.25,663.9,664.75,151840
1657859400,664.65,665.9,663.65,664.95,188958
1657860300,665.0,665.5,662.1,662.1,189283
1657861200,662.3,663.0,661.05,662.5,210088
1657862100,662.6,663.0,661.0,662.8,202084
1657863000,662.75,663.7,662.0,662.9,143172
1657863900,662.6,663.5,662.25,662.8,84953
1657864800,662.95,664.0,662.8,663.5,188192
1657865700,663.7,664.75,662.45,662.85,98928
1657866600,662.85,663.4,661.1,661.85,130383
1657867500,661.85,662.0,659.8,661.1,147700
1657868400,661.1,662.0,659.1,660.6,135818
1657869300,660.6,662.85,660.3,662.45,90983
1657870200,662.2,662.95,661.2,662.45,84294
1657871100,662.5,663.0,661.5,662.35,100500
1657872000,662.35,662.4,660.5,660.95,121703
1657872900,660.95,662.6,660.5,662.3,109185
1657873800,662.25,663.55,661.05,663.5,124644
1657874700,663.15,664.0,661.6,663.5,238836
1657875600,663.75,665.4,663.1,664.7,287244
1657876500,664.65,665.25,663.05,663.55,672797
1657877400,663.25,664.15,661.15,661.5,514645
1657878300,661.55,663.5,660.95,662.5,457425
1658115900,668.05,668.9,666.0,666.35,384438
1658116800,666.2,668.1,663.45,663.6,235938
1658117700,664.0,665.8,663.5,665.45,158428
1658118600,665.5,666.25,664.6,665.5,129788
1658119500,665.5,666.25,664.55,665.95,106909
1658120400,665.8,665.9,663.65,664.2,124136
1658121300,664.2,665.95,664.2,665.8,149206
1658122200,665.9,667.0,665.15,666.3,159773
1658123100,666.4,668.5,666.0,666.75,554977
1658124000,666.75,667.05,665.0,665.55,167234
1658124900,665.45,665.95,665.05,665.45,101018
1658125800,665.45,668.2,665.2,667.35,365761
1658126700,667.45,669.4,667.1,667.45,995678
1658127600,667.45,667.5,666.65,667.25,525976
1658128500,667.2,667.95,666.15,667.8,394665
1658129400,667.8,669.3,667.2,667.75,101490
1658130300,667.65,668.4,666.05,666.85,548345
1658131200,666.85,670.0,666.5,669.15,343094
1658132100,669.45,674.9,669.2,674.75,429178
1658133000,674.55,677.75,673.8,677.45,3436359
1658133900,677.45,681.85,677.15,679.0,528725
1658134800,679.2,680.2,678.55,680.2,208367
1658135700,680.1,688.0,679.15,686.4,765074
1658136600,686.4,687.3,682.5,682.55,689939
1658137500,682.5,685.75,682.45,683.55,859152
1658138400,683.5,683.5,683.5,683.5,6
1658202300,678.6,685.65,678.6,685.1,607078
1658203200,685.05,686.2,684.1,684.95,311120
1658204100,684.95,688.9,684.7,688.5,396138
1658205000,688.85,689.9,686.55,688.65,249063
1658205900,688.65,689.5,687.9,688.95,124516
1658206800,688.95,693.0,688.65,692.9,332297
1658207700,693.0,693.8,691.7,693.7,250072
1658208600,693.6,698.55,693.5,698.35,622172
1658209500,698.35,698.45,695.25,695.8,352478
1658210400,695.85,697.0,693.7,693.95,314660
1658211300,693.95,696.4,692.5,696.25,545908
1658212200,696.2,700.4,696.05,699.85,492031
1658213100,699.9,702.3,699.2,699.7,469361
1658214000,699.7,700.0,697.65,698.45,253338
1658214900,698.45,699.75,696.75,699.4,261260
1658215800,699.4,700.45,696.65,696.9,344178
1658216700,697.0,698.55,695.55,697.0,333833
1658217600,697.0,699.3,696.4,699.3,285175
1658218500,699.5,702.2,698.5,701.0,491289
1658219400,700.35,701.0,699.5,699.95,317548
1658220300,699.95,702.4,698.3,702.05,383969
1658221200,702.1,703.85,701.85,702.9,597826
1658222100,702.9,703.65,700.75,701.5,414918
1658223000,701.5,701.9,700.0,700.6,658723
1658223900,700.5,701.5,699.6,699.75,734615
1658288700,706.3,707.45,703.65,706.8,1454060
1658289600,706.75,714.0,706.65,713.65,937568
1658290500,713.6,714.5,710.3,711.5,635542
1658291400,711.5,713.9,710.5,712.5,439398
1658292300,712.7,712.7,711.05,711.5,244771
1658293200,711.5,712.9,711.2,712.35,339988
1658294100,712.35,712.9,711.1,711.8,299249
1658295000,711.8,712.7,710.8,712.35,210195
1658295900,712.15,712.5,711.0,711.7,190604
1658296800,711.7,712.2,709.5,709.9,346514
1658297700,709.9,710.4,707.6,708.85,538463
1658298600,708.85,710.7,706.7,709.6,558133
1658299500,709.6,710.0,707.9,708.75,235668
1658300400,708.85,710.0,708.1,709.2,256127
1658301300,709.2,710.75,708.2,709.1,294255
1658302200,709.0,709.3,707.05,707.05,421116
1658303100,707.25,708.3,706.05,707.6,468433
1658304000,707.6,709.0,706.5,708.6,290661
1658304900,708.8,710.0,707.95,709.7,269456
1658305800,709.7,710.25,707.5,708.3,283493
1658306700,708.3,709.5,706.4,707.9,457890
1658307600,707.9,708.85,707.3,707.5,322969
1658308500,707.4,709.75,707.15,707.2,296821
1658309400,707.45,707.75,704.2,704.2,1030231
1658310300,704.2,706.75,702.7,703.95,776672
1658375100,707.95,709.7,704.35,708.85,648319
1658376000,708.75,710.45,708.5,710.1,414686
1658376900,710.0,711.15,710.0,710.95,262691
1658377800,710.95,711.0,708.65,709.05,205044
1658378700,709.05,709.3,708.05,708.65,133779
1658379600,708.65,708.9,705.7,706.8,266174
1658380500,706.75,709.4,706.5,708.75,105698
1658381400,708.75,709.5,707.1,708.95,141179
1658382300,708.95,710.5,708.5,710.25,192975
1658383200,710.4,713.0,710.3,711.85,285593
1658384100,711.9,713.5,711.2,712.4,242589
1658385000,712.4,713.35,711.7,712.85,158174
1658385900,712.6,713.15,710.2,712.8,529601
1658386800,712.6,714.6,711.5,714.6,287491
1658387700,714.6,715.95,713.3,713.95,343455
1658388600,713.95,714.4,712.4,713.25,234137
1658389500,713.2,714.9,713.2,714.0,191807
1658390400,714.05,714.45,712.6,713.8,179293
1658391300,713.6,714.55,712.4,712.85,221341
1658392200,712.8,714.0,712.5,713.65,191841
1658393100,713.65,714.3,713.1,714.2,234597
1658394000,714.05,715.25,713.4,714.9,335843
1658394900,714.85,715.15,714.35,714.45,375117
1658395800,714.45,715.25,712.9,715.2,822694
1658396700,715.15,718.45,714.8,715.5,1019418
1658461500,717.0,718.6,715.1,717.05,553261
1658462400,717.15,719.0,716.5,718.25,696179
1658463300,718.25,719.5,717.0,717.0,282410
1658464200,717.0,719.0,716.25,718.0,359780
1658465100,718.0,718.4,716.75,718.0,268846
1658466000,718.0,720.95,717.85,719.45,499319
1658466900,719.45,720.0,719.0,719.5,141737
1658467800,719.65,719.7,718.85,719.25,96759
1658468700,719.25,719.5,718.15,719.0,121840
1658469600,719.05,720.05,719.0,719.95,294332
1658470500,719.9,720.5,719.0,720.2,397545
1658471400,720.25,723.65,720.0,723.45,435625
1658472300,723.5,723.65,722.4,723.05,289436
1658473200,723.15,724.45,721.8,722.4,370139
1658474100,722.4,723.75,721.5,723.75,203252
1658475000,723.75,723.8,722.5,723.0,187353
1658475900,723.1,723.95,721.7,721.7,205227
1658476800,721.7,722.35,721.1,721.95,346918
1658477700,721.85,725.0,721.6,724.25,464603
1658478600,724.3,724.95,722.85,723.7,347857
1658479500,723.9,725.7,723.1,725.0,309048
1658480400,725.05,725.85,724.4,724.9,199839
1658481300,724.9,726.0,724.55,725.35,324343
1658482200,725.65,735.0,725.35,734.15,1183718
1658483100,734.2,734.35,730.0,731.0,1119583
1658720700,733.5,738.8,731.05,738.65,788697
1658721600,738.5,738.5,735.45,736.3,366417
1658722500,736.3,736.3,731.2,732.1,335603
1658723400,732.1,732.45,725.0,726.55,389000
1658724300,726.3,729.6,726.05,727.55,243251
1658725200,727.35,728.9,726.8,728.2,118384
1658726100,728.2,728.2,726.7,727.75,101275
1658727000,727.75,727.8,722.55,722.55,219148
1658727900,722.55,725.9,722.5,725.25,112392
1658728800,725.2,725.7,724.2,725.0,279149
1658729700,724.9,726.35,724.55,725.0,160366
1658730600,724.5,726.4,724.5,725.7,103038
1658731500,725.8,727.9,725.65,727.45,113767
1658732400,727.45,727.5,724.6,725.45,145168
1658733300,725.3,727.0,724.85,726.75,74906
1658734200,726.85,728.5,726.25,727.9,117277
1658735100,728.0,729.8,728.0,729.45,129248
1658736000,729.45,729.45,726.8,727.15,162242
1658736900,727.05,728.5,727.0,727.95,91801
1658737800,727.95,733.5,727.4,733.3,267929
1658738700,733.1,734.0,732.25,733.7,206791
1658739600,733.8,734.5,731.75,732.6,237618
1658740500,732.55,732.8,730.85,731.7,189867
1658741400,731.8,731.8,726.75,727.0,540647
1658742300,726.75,729.0,724.75,727.1,716075
1658807100,722.9,723.45,713.35,718.5,2196119
1658808000,718.55,720.8,718.2,720.7,564824
1658808900,720.7,721.0,719.0,719.5,528921
1658809800,719.65,719.65,711.0,713.85,1231024
1658810700,713.5,716.35,712.1,712.9,473382
1658811600,712.65,713.0,705.7,707.0,992009
1658812500,706.7,711.15,706.45,710.5,538796
1658813400,710.25,710.45,702.05,702.5,798727
1658814300,702.9,705.8,702.65,705.1,485468
1658815200,705.25,707.65,703.5,706.45,366743
1658816100,706.45,708.9,705.55,708.45,220886
1658817000,708.45,709.85,708.05,709.0,312427
1658817900,708.95,711.9,708.75,709.85,985714
1658818800,709.85,711.65,709.7,710.0,382415
1658819700,709.9,710.55,709.8,710.35,381943
1658820600,710.4,712.5,710.0,711.1,315720
1658821500,711.15,711.8,710.5,711.1,155297
1658822400,711.1,711.5,710.0,710.05,208771
1658823300,710.0,710.5,706.15,706.5,449592
1658824200,706.45,708.5,706.2,708.0,222904
1658825100,708.1,708.5,705.7,706.0,272925
1658826000,706.0,708.5,705.4,708.3,345649
1658826900,708.35,709.05,706.45,706.85,336978
1658827800,707.05,707.8,706.45,707.4,512604
1658828700,707.45,707.55,705.0,706.4,676227
1658893500,707.95,710.4,703.6,703.8,514756
1658894400,703.8,706.35,703.6,704.85,158460
1658895300,704.75,707.45,704.1,707.3,220154
1658896200,707.25,709.9,707.0,709.55,221588
1658897100,709.6,710.9,708.1,708.95,202502
1658898000,708.95,710.6,707.1,710.0,607950
1658898900,710.1,713.65,710.0,713.6,238149
1658899800,713.65,716.55,713.5,714.0,417936
1658900700,713.75,715.5,713.75,715.05,138414
1658901600,714.75,717.5,713.7,717.0,232918
1658902500,717.15,718.4,716.8,717.3,287567
1658903400,717.25,717.75,716.85,717.5,97437
1658904300,717.5,717.7,714.0,714.25,170087
1658905200,714.3,718.3,714.0,717.3,211279
1658906100,717.3,720.55,717.15,719.15,374456
1658907000,719.15,720.5,718.9,719.5,153428
1658907900,719.5,720.2,719.0,719.15,119348
1658908800,719.2,720.4,719.1,719.15,95514
1658909700,719.2,719.35,717.35,718.5,202884
1658910600,718.35,718.95,718.0,718.4,105028
1658911500,718.45,719.9,717.5,717.6,145873
1658912400,717.7,718.9,717.1,717.4,155226
1658913300,717.35,718.95,716.6,718.8,240432
1658914200,719.0,719.95,718.0,719.1,287068
1658915100,719.3,720.1,717.0,720.0,494581
1658979900,725.0,729.25,723.05,727.7,709144
1658980800,727.7,728.6,726.1,726.85,256944
1658981700,726.65,729.75,726.25,727.45,332092
1658982600,727.0,732.95,727.0,732.6,371361
1658983500,732.65,733.7,731.6,731.9,281385
1658984400,731.9,732.2,729.45,730.35,282581
1658985300,730.35,731.0,729.5,730.0,183952
1658986200,730.0,731.15,729.55,730.5,157863
1658987100,730.75,731.0,728.0,728.4,197983
1658988000,728.4,728.8,727.5,727.75,150044
1658988900,727.6,728.2,727.1,727.5,169285
1658989800,727.5,728.4,727.0,728.05,203720
1658990700,728.0,729.45,726.2,726.45,285276
1658991600,726.4,726.8,725.5,726.45,149607
1658992500,726.45,727.25,726.05,726.4,122641
1658993400,726.2,727.65,725.75,726.85,125589
1658994300,726.8,727.45,726.0,726.9,115592
1658995200,726.9,726.9,723.75,724.0,239988
1658996100,724.2,725.0,723.6,724.7,160592
1658997000,724.7,726.5,724.0,726.4,181532
1658997900,726.4,726.6,724.3,725.35,317610
1658998800,725.35,725.6,723.3,724.3,347772
1658999700,724.2,725.6,723.9,725.1,305670
1659000600,725.15,727.2,725.05,725.75,526334
1659001500,725.8,727.0,724.05,725.5,764282
1659066300,733.9,734.95,729.1,730.35,624877
1659067200,730.2,732.25,729.5,731.0,612399
1659068100,731.0,731.1,728.05,730.25,349786
1659069000,730.45,730.5,726.05,726.3,242795
1659069900,726.05,727.95,724.25,725.7,216143
1659070800,725.45,725.85,723.2,724.1,176161
1659071700,724.15,727.0,723.95,725.2,165432
1659072600,725.15,728.4,724.75,727.8,160371
1659073500,728.0,728.5,727.0,728.2,117911
1659074400,728.2,729.9,727.5,728.6,135084
1659075300,728.6,729.5,728.1,728.35,113626
1659076200,728.35,728.9,727.95,728.25,92475
1659077100,728.25,728.65,727.9,728.4,92934
1659078000,728.3,728.5,727.75,728.2,92703
1659078900,728.15,728.85,727.55,728.05,95138
1659079800,728.05,728.25,726.05,726.8,313107
1659080700,726.7,727.7,725.3,726.35,98727
1659081600,726.3,726.35,723.5,724.25,136890
1659082500,724.3,724.95,723.6,724.75,137590
1659083400,724.8,725.45,723.0,724.0,185394
1659084300,724.0,726.35,723.0,726.05,170797
1659085200,726.05,727.0,724.5,725.65,261982
1659086100,725.6,726.35,724.05,725.45,171700
1659087000,725.1,727.3,723.5,724.6,903251
1659087900,724.75,725.0,723.6,724.5,941111
1659325500,726.0,730.4,721.25,721.65,477407
1659326400,721.55,724.05,720.4,723.9,330750
1659327300,723.95,725.7,723.15,725.25,195054
1659328200,725.1,727.55,725.0,726.7,302032
1659329100,726.6,727.4,725.2,725.35,171403
1659330000,725.7,726.4,725.05,726.3,171285
1659330900,726.25,726.9,725.7,726.65,75129
1659331800,726.75,727.85,725.7,727.0,266100
1659332700,727.0,728.5,726.5,727.95,199587
1659333600,727.95,728.7,727.4,728.1,132296
1659334500,728.2,729.0,727.7,727.75,89867
1659335400,727.7,728.25,727.0,728.0,150613
1659336300,728.1,729.0,727.25,728.15,87687
1659337200,728.15,728.6,726.6,727.45,96689
1659338100,727.45,728.6,726.75,728.6,75063
1659339000,728.3,728.7,727.55,727.8,126382
1659339900,727.95,727.95,726.2,726.6,95351
1659340800,726.7,728.2,726.25,727.95,120935
1659341700,728.0,730.5,727.5,730.1,346982
1659342600,730.0,731.0,729.85,730.1,402857
1659343500,730.0,730.45,729.25,730.15,169697
1659344400,730.05,731.5,729.85,731.35,206921
1659345300,731.35,731.5,730.2,731.0,229028
1659346200,731.0,732.3,729.55,729.65,522524
1659347100,729.7,731.0,729.65,730.4,436697
1659411900,727.0,729.95,723.5,725.15,634881
1659412800,725.1,727.5,724.25,726.05,284878
1659413700,726.05,726.45,724.0,724.25,180753
1659414600,724.2,725.0,721.1,721.1,370556
1659415500,721.35,724.0,721.1,722.95,139638
1659416400,723.0,724.65,722.95,724.25,126973
1659417300,724.25,725.0,723.4,724.75,110297
1659418200,724.75,725.0,724.0,724.45,85650
1659419100,724.35,725.0,724.0,724.75,94906
1659420000,724.65,728.85,724.65,728.5,262105
1659420900,728.35,730.0,728.1,730.0,248021
1659421800,730.0,730.65,727.3,728.0,237181
1659422700,728.0,729.7,727.75,729.1,141369
1659423600,729.1,730.3,724.75,724.95,234355
1659424500,724.95,728.5,724.35,726.25,200958
1659425400,726.15,727.55,725.0,726.4,91204
1659426300,726.4,727.65,726.4,727.65,89681
1659427200,727.65,730.1,727.2,730.0,193300
1659428100,730.0,732.05,729.2,730.5,389124
1659429000,730.4,734.35,730.25,732.95,532898
1659429900,732.75,734.2,731.45,732.95,465537
1659430800,732.9,734.35,732.85,733.8,331465
1659431700,733.8,734.0,732.25,732.95,224554
1659432600,732.7,733.0,730.0,731.05,736590
1659433500,731.0,731.65,727.1,727.5,853381
1659498300,730.0,734.75,730.0,731.7,729039
1659499200,731.85,733.2,729.0,729.0,461310
1659500100,729.0,733.35,728.6,733.25,337024
1659501000,733.25,733.45,730.05,730.1,193738
1659501900,730.25,730.75,727.7,727.7,255564
1659502800,727.75,730.85,727.55,730.7,216007
1659503700,730.75,730.75,729.0,729.25,125804
1659504600,729.1,730.45,728.25,729.3,293190
1659505500,729.4,730.1,728.5,729.85,140498
1659506400,729.85,731.25,729.3,730.75,186894
1659507300,730.75,731.2,729.65,730.1,472940
1659508200,730.15,730.5,729.6,730.05,159011
1659509100,730.05,733.05,729.6,733.0,309237
1659510000,733.05,736.5,732.35,736.0,517930
1659510900,736.0,738.5,735.0,737.0,463822
1659511800,737.0,737.05,735.05,736.35,274318
1659512700,736.35,736.5,734.3,734.3,210377
1659513600,734.5,734.9,731.05,732.0,369070
1659514500,731.9,732.6,731.05,731.9,216139
1659515400,731.9,732.9,731.05,732.2,265096
1659516300,732.2,732.4,730.1,730.1,308502
1659517200,730.1,730.4,728.0,730.0,410858
1659518100,729.65,729.95,727.5,727.8,485822
1659519000,727.85,731.9,727.85,730.75,943389
1659519900,731.1,731.65,728.95,731.0,1098088
1659584700,735.2,736.7,733.55,734.0,573257
1659585600,734.05,735.45,733.0,734.45,491151
1659586500,734.55,736.0,733.25,733.6,262198
1659587400,733.65,734.8,731.9,732.15,234035
1659588300,732.1,732.4,731.0,731.75,148650
1659589200,731.8,733.15,731.5,732.1,204504
1659590100,732.1,733.0,731.65,731.8,163746
1659591000,731.8,731.95,728.55,728.65,205555
1659591900,728.65,728.75,720.0,720.35,484361
1659592800,720.2,721.0,716.15,716.4,963424
1659593700,716.35,719.5,712.2,718.5,426321
1659594600,718.5,721.9,717.75,721.4,288907
1659595500,721.4,722.45,719.35,721.1,218203
1659596400,721.0,722.35,720.25,721.05,144042
1659597300,721.05,723.0,721.05,721.95,151015
1659598200,721.95,723.4,719.05,719.55,173991
1659599100,719.45,720.45,718.45,719.7,135235
1659600000,719.75,722.1,718.55,721.5,124795
1659600900,721.5,722.25,721.0,721.75,140402
1659601800,721.85,721.95,716.0,716.95,233618
1659602700,717.0,718.5,716.65,717.05,171208
1659603600,716.95,718.9,716.85,718.15,156006
1659604500,718.15,720.5,718.0,719.65,203092
1659605400,719.65,723.45,719.6,721.6,568823
1659606300,721.7,722.0,720.0,720.9,576905
1659671100,724.0,725.75,722.7,725.25,336973
1659672000,725.05,726.5,723.5,723.7,313240
1659672900,723.75,726.4,723.5,725.85,202853
1659673800,725.85,728.2,721.2,726.65,444756
1659674700,726.65,730.65,726.25,729.3,343168
1659675600,729.4,730.8,726.6,727.4,180409
1659676500,727.35,728.5,725.4,728.45,118396
1659677400,728.5,731.2,728.2,729.5,220300
1659678300,729.5,729.75,727.65,727.95,66225
1659679200,727.95,729.2,727.2,728.25,70824
1659680100,728.25,730.2,727.1,728.35,82764
1659681000,728.35,730.65,728.35,730.3,89350
1659681900,730.3,730.4,729.05,729.75,76113
1659682800,729.75,730.25,728.5,730.0,123513
1659683700,730.0,730.0,727.25,727.75,180642
1659684600,727.7,728.0,725.9,726.55,182734
1659685500,726.55,726.85,724.5,724.95,282467
1659686400,725.05,727.6,724.55,726.95,108624
1659687300,726.8,727.9,726.0,726.55,85083
1659688200,726.45,726.9,724.55,724.55,102406
1659689100,724.8,727.0,723.55,725.15,109362
1659690000,725.05,727.95,724.2,727.6,143404
1659690900,727.6,729.5,727.2,727.75,191234
1659691800,728.25,729.3,727.65,728.7,216869
1659692700,728.65,729.0,727.75,728.75,305252
1659930300,730.0,733.0,728.1,729.3,464483
1659931200,729.35,733.4,728.55,732.9,360206
1659932100,733.0,735.85,732.9,733.6,411533
1659933000,733.7,734.45,732.25,733.8,172036
1659933900,733.8,738.0,733.7,737.4,407032
1659934800,737.5,742.6,737.45,742.0,973228
1659935700,741.7,741.9,739.2,739.5,336906
1659936600,739.55,740.95,739.2,740.3,171049
1659937500,740.1,740.8,739.35,740.25,103025
1659938400,740.3,741.45,740.0,740.25,136780
1659939300,740.25,740.9,739.55,740.0,97988
1659940200,740.0,743.4,740.0,743.15,249741
1659941100,743.15,744.5,742.05,742.65,292686
1659942000,742.65,743.5,742.0,742.8,145234
1659942900,743.0,743.5,742.15,743.0,131610
1659943800,743.1,743.5,741.05,742.75,142554
1659944700,742.8,743.25,742.1,743.0,105657
1659945600,743.0,744.4,742.15,742.55,242077
1659946500,742.2,743.3,742.1,742.85,121329
1659947400,742.85,743.5,742.1,742.8,137828
1659948300,742.8,746.45,742.75,746.0,684184
1659949200,746.05,746.1,743.0,743.35,390816
1659950100,743.3,746.0,742.0,745.0,394138
1659951000,745.25,747.35,744.4,745.25,650241
1659951900,745.2,746.6,744.0,746.0,859569
1660103100,745.0,747.85,741.6,743.3,1570100
1660104000,743.3,743.7,739.0,741.5,498783
1660104900,741.5,741.5,737.55,737.55,502198
1660105800,737.5,740.8,736.15,740.0,646550
1660106700,740.2,741.5,739.95,740.2,306893
1660107600,740.2,740.35,738.5,739.85,242367
1660108500,739.85,742.5,739.8,741.5,319236
1660109400,741.55,741.55,739.3,739.75,214656
1660110300,739.75,740.25,739.1,740.0,164724
1660111200,740.0,740.55,739.2,739.3,204268
1660112100,739.3,739.7,738.0,738.05,179950
1660113000,738.1,739.7,737.65,739.0,457819
1660113900,739.0,739.0,738.25,738.85,140938
1660114800,738.85,738.95,738.05,738.6,111312
1660115700,738.6,740.45,738.5,740.05,381076
1660116600,740.05,740.5,739.15,739.25,180442
1660117500,739.25,740.45,737.7,738.9,251348
1660118400,738.9,739.6,738.5,738.65,122505
1660119300,738.6,739.35,737.95,738.9,227521
1660120200,739.0,740.25,738.85,740.15,219317
1660121100,740.25,740.9,739.65,739.9,197204
1660122000,739.9,740.35,738.8,740.05,216217
1660122900,740.05,740.15,739.3,739.4,291692
1660123800,739.45,740.0,738.05,739.1,576518
1660124700,739.2,739.5,738.5,738.5,772497
1660189500,743.05,748.7,743.05,748.7,1356017
1660190400,748.5,753.5,747.35,753.0,1032543
1660191300,753.0,753.25,751.0,752.15,405566
1660192200,752.15,754.65,752.0,753.0,541047
1660193100,753.35,757.65,753.15,757.15,1090828
1660194000,757.15,758.5,756.0,756.4,458270
1660194900,756.4,757.5,756.0,756.75,304510
1660195800,756.75,757.5,754.55,756.0,470355
1660196700,756.0,756.3,754.15,755.0,304339
1660197600,755.0,755.0,752.65,754.0,461746
1660198500,754.0,755.0,753.5,753.95,278339
1660199400,754.0,755.0,753.5,755.0,193194
1660200300,755.0,757.25,754.95,757.05,408876
1660201200,757.0,757.35,756.05,756.6,211980
1660202100,756.75,758.55,756.1,757.7,383060
1660203000,757.7,757.8,756.75,757.2,331924
1660203900,757.15,757.75,756.15,757.0,289942
1660204800,756.95,758.0,756.5,757.45,307380
1660205700,757.45,758.55,757.25,758.55,272832
1660206600,758.55,758.55,757.35,758.3,300854
1660207500,758.15,759.0,756.7,758.45,397286
1660208400,758.45,759.0,758.2,758.4,392803
1660209300,758.45,760.65,758.45,759.4,613749
1660210200,759.45,760.3,757.55,757.8,713194
1660211100,757.8,759.25,757.75,758.9,829001
1660275900,758.7,758.95,755.0,756.7,787595
1660276800,756.75,756.85,754.5,756.85,182019
1660277700,756.8,757.5,755.3,755.45,135223
1660278600,755.45,756.8,754.75,756.5,84111
1660279500,756.5,756.6,755.0,755.3,507686
1660280400,755.1,755.6,753.5,753.75,128992
1660281300,753.75,758.0,753.4,756.95,236475
1660282200,756.9,757.7,756.35,757.55,88586
1660283100,757.55,759.45,756.5,758.25,187677
1660284000,758.3,760.65,758.25,759.65,202213
1660284900,759.6,760.35,758.15,758.35,206458
1660285800,758.6,761.0,758.5,760.85,96933
1660286700,760.95,762.0,759.6,761.9,129774
1660287600,761.8,761.9,760.45,761.4,95747
1660288500,761.5,761.55,760.5,761.1,78670
1660289400,761.25,761.5,759.35,760.25,108498
1660290300,760.55,760.65,759.4,760.4,68093
1660291200,760.55,761.25,759.65,761.0,80044
1660292100,761.0,761.4,759.45,759.8,89180
1660293000,760.0,761.35,759.8,761.15,123675
1660293900,761.2,761.2,758.75,759.2,126952
1660294800,759.2,759.95,758.5,758.8,98103
1660295700,758.95,760.4,758.5,759.75,124229
1660296600,759.75,761.0,759.6,760.4,295871
1660297500,760.65,761.25,759.5,760.0,336323
1660621500,765.0,770.9,764.0,770.7,677646
1660622400,770.5,772.0,769.0,771.3,380547
1660623300,771.2,771.4,767.55,768.35,285907
1660624200,768.35,768.4,764.8,765.15,348156
1660625100,765.2,767.5,764.0,767.0,242306
1660626000,766.8,767.45,765.65,766.4,96327
1660626900,766.4,766.75,765.45,766.15,82757
1660627800,766.4,766.5,765.3,765.65,92624
1660628700,765.7,766.0,763.4,763.8,150898
1660629600,763.75,764.85,763.5,764.1,93816
1660630500,764.1,764.5,762.5,763.5,116727
1660631400,763.45,763.95,762.0,762.85,101432
1660632300,762.9,764.5,762.65,763.95,87370
1660633200,763.95,764.75,763.5,763.8,48991
1660634100,763.75,764.2,762.65,763.1,97738
1660635000,763.1,763.45,759.35,759.45,213446
1660635900,759.3,760.8,758.45,760.3,188442
1660636800,760.3,761.45,760.0,760.55,93775
1660637700,760.55,761.0,759.6,760.65,74555
1660638600,760.5,762.4,760.5,761.85,131260
1660639500,761.85,765.8,761.75,765.5,508740
1660640400,765.5,766.8,764.55,766.35,345336
1660641300,766.35,767.0,765.0,765.6,998462
1660642200,765.5,766.05,763.75,765.55,1047629
1660643100,765.55,765.65,762.35,763.5,531347
1660707900,771.4,772.1,767.05,767.3,1009552
1660708800,767.4,770.45,766.25,769.85,1239472
1660709700,769.85,770.15,768.0,768.65,195230
1660710600,768.5,769.85,768.45,769.75,653321
1660711500,770.0,770.8,769.2,769.7,115186
1660712400,769.7,770.0,769.0,769.2,85328
1660713300,769.1,769.85,768.65,769.45,70315
1660714200,769.35,773.6,769.25,773.0,626336
1660715100,773.0,773.75,772.0,773.15,216010
1660716000,773.1,773.7,772.0,772.8,196206
1660716900,772.8,773.5,771.75,773.35,192414
1660717800,773.35,773.75,772.05,773.0,129920
1660718700,773.0,773.2,771.25,772.5,146689
1660719600,772.55,773.15,771.85,772.5,120260
1660720500,772.45,773.2,771.85,772.95,97515
1660721400,772.95,773.15,771.8,772.2,722253
1660722300,772.2,772.6,771.55,771.9,100748
1660723200,771.9,772.7,769.95,770.95,198853
1660724100,771.05,771.05,768.7,770.0,194731
1660725000,770.45,771.15,769.0,770.75,162654
1660725900,770.8,772.5,770.55,772.05,153865
1660726800,772.2,772.5,770.5,771.2,106876
1660727700,771.2,772.5,771.0,771.85,120187
1660728600,772.0,773.0,771.65,772.3,329247
1660729500,772.3,772.3,771.4,771.4,390017
1660794300,772.0,773.0,768.25,768.7,1388298
1660795200,768.55,772.3,768.4,771.8,711403
1660796100,771.65,773.9,771.2,773.4,240279
1660797000,773.45,776.0,773.35,774.85,293039
1660797900,775.0,775.0,773.0,773.8,113056
1660798800,773.5,774.3,772.8,773.5,84295
1660799700,773.5,773.9,772.8,773.4,44300
1660800600,773.4,773.45,772.05,772.25,53912
1660801500,772.25,772.55,769.1,769.5,1609259
1660802400,769.65,770.6,769.3,769.65,660132
1660803300,769.65,769.65,764.0,764.3,921896
1660804200,764.5,765.0,762.1,763.7,249089
1660805100,763.75,764.3,762.3,763.9,392414
1660806000,763.95,764.8,763.65,764.7,208376
1660806900,764.7,764.7,763.1,764.45,155673
1660807800,764.4,765.65,764.0,765.0,173491
1660808700,764.95,766.0,764.85,766.0,126947
1660809600,765.95,766.6,765.0,765.3,135839
1660810500,765.3,766.0,764.4,764.85,132177
1660811400,765.0,766.95,764.5,765.6,150626
1660812300,765.55,766.0,763.15,763.65,236257
1660813200,763.6,765.4,763.5,765.05,243392
1660814100,765.05,765.7,764.0,765.05,304393
1660815000,765.05,765.8,765.0,765.05,429412
1660815900,765.35,765.9,764.2,765.5,386327
1660880700,772.0,772.65,764.05,765.95,711929
1660881600,766.0,768.0,762.7,765.0,1001557
1660882500,765.0,767.5,763.4,766.25,250957
1660883400,766.25,767.0,765.5,766.15,127051
1660884300,766.15,766.8,764.6,764.8,114561
1660885200,764.8,765.75,764.4,764.65,129440
1660886100,764.65,765.65,763.0,764.05,223244
1660887000,764.2,764.4,760.15,760.5,424506
1660887900,760.7,762.35,759.0,759.55,255980
1660888800,759.75,760.2,757.6,757.8,307446
1660889700,757.75,760.5,757.1,759.0,181324
1660890600,758.9,759.0,756.55,756.8,596843
1660891500,756.8,757.25,751.65,751.8,465065
1660892400,751.8,756.95,750.25,756.2,349784
1660893300,756.2,757.9,756.05,757.7,151661
1660894200,757.7,760.0,757.55,759.6,125828
1660895100,759.45,761.8,759.1,760.2,173595
1660896000,760.1,760.4,756.8,757.8,210076
1660896900,757.6,757.8,755.05,756.2,205695
1660897800,756.4,758.9,752.95,757.75,244004
1660898700,757.7,759.5,756.25,758.95,130614
1660899600,759.05,759.25,756.0,756.85,113213
1660900500,756.75,758.85,755.3,756.55,129691
1660901400,756.6,759.6,755.55,759.3,285291
1660902300,759.15,760.4,754.25,755.0,603657
1661139900,753.4,754.45,743.95,747.4,623535
1661140800,747.4,748.65,743.0,743.45,360818
1661141700,743.45,745.85,743.0,745.85,217043
1661142600,745.45,745.85,743.2,743.9,204408
1661143500,743.9,745.85,743.7,745.4,135070
1661144400,745.4,746.7,743.75,744.1,127813
1661145300,744.1,744.75,741.8,742.2,256695
1661146200,742.2,743.0,740.9,742.35,192495
1661147100,742.35,743.0,741.45,742.65,123180
1661148000,742.6,744.0,741.5,742.0,108338
1661148900,742.0,743.25,741.8,742.05,83097
1661149800,742.0,743.0,741.6,742.2,85124
1661150700,742.2,743.35,742.1,742.95,85980
1661151600,742.8,744.75,742.8,743.05,123701
1661152500,743.0,743.25,741.6,742.15,187249
1661153400,742.2,742.45,741.4,742.05,114023
1661154300,741.9,743.0,740.0,740.1,271063
1661155200,740.1,741.0,739.2,739.9,173040
1661156100,739.95,740.85,739.3,740.0,129515
1661157000,740.0,741.65,739.7,741.15,119394
1661157900,741.0,742.0,740.8,741.6,110305
1661158800,741.75,742.3,740.35,742.3,148625
1661159700,742.35,743.5,740.8,742.75,142701
1661160600,742.7,742.9,739.75,742.55,347578
1661161500,742.7,745.0,741.05,744.65,506668
1661226300,738.0,740.6,733.8,738.75,674959
1661227200,738.75,745.0,738.75,743.7,382240
1661228100,743.7,743.9,742.65,743.5,177011
1661229000,743.5,744.65,741.55,741.55,213565
1661229900,741.55,744.0,740.05,740.5,230020
1661230800,740.5,741.2,737.45,740.05,246850
1661231700,740.0,740.9,738.65,739.1,288617
1661232600,739.1,739.35,734.0,734.55,343194
1661233500,734.55,737.45,734.3,735.5,263752
1661234400,735.75,738.8,735.15,736.4,287582
1661235300,736.2,738.1,735.3,735.95,172013
1661236200,736.1,737.5,735.4,736.85,144388
1661237100,736.95,738.5,736.0,736.6,139594
1661238000,736.6,739.0,736.35,737.85,202356
1661238900,737.85,740.35,737.45,739.35,279743
1661239800,739.65,741.85,738.25,741.45,199149
1661240700,741.55,742.95,741.45,741.85,221723
1661241600,741.9,744.9,741.7,743.9,219540
1661242500,743.95,744.9,742.75,742.95,265049
1661243400,742.95,744.95,742.25,743.7,195050
1661244300,743.7,745.85,743.1,744.15,224173
1661245200,744.25,745.8,742.1,744.0,208618
1661246100,744.0,744.6,743.0,744.2,187974
1661247000,744.1,746.95,743.6,746.6,404434
1661247900,746.65,750.85,746.25,750.0,413590
1661312700,745.0,747.85,742.9,746.5,317361
1661313600,746.35,746.7,742.4,743.6,291472
1661314500,743.5,745.9,742.0,744.0,134973
1661315400,744.0,747.7,744.0,747.4,150457
1661316300,747.45,749.0,746.2,748.65,180096
1661317200,748.75,748.95,746.5,746.8,401154
1661318100,746.85,749.65,746.7,748.95,112119
1661319000,748.95,750.9,748.85,750.1,158404
1661319900,750.1,751.85,749.25,749.65,235049
1661320800,749.65,751.2,748.4,749.45,285694
1661321700,749.45,749.8,747.0,747.0,121271
1661322600,746.85,748.35,746.4,746.6,107271
1661323500,746.7,747.3,745.05,746.9,150232
1661324400,746.65,746.95,745.5,746.4,164147
1661325300,746.35,746.4,744.6,745.05,135123
1661326200,744.95,748.0,744.5,747.45,184448
1661327100,747.4,747.8,744.65,745.4,138701
1661328000,745.4,748.45,745.4,748.0,193394
1661328900,747.95,749.05,745.2,745.35,632590
1661329800,745.35,748.95,745.3,747.85,198363
1661330700,747.85,750.35,747.8,749.45,489668
1661331600,749.4,750.5,748.5,748.55,238707
1661332500,748.5,749.95,747.95,749.65,372047
1661333400,749.75,752.05,748.9,750.15,805943
1661334300,750.0,751.2,749.1,750.85,666737
1661399100,753.9,758.0,753.0,757.65,491674
1661400000,757.8,758.45,756.15,757.2,243826
1661400900,757.1,757.5,756.25,757.0,163453
1661401800,757.0,758.6,756.35,757.0,257249
1661402700,756.85,757.05,754.35,754.45,219512
1661403600,754.4,755.0,753.5,753.7,121667
1661404500,753.75,754.6,752.55,754.6,120120
1661405400,754.6,754.9,752.2,752.25,146967
1661406300,752.25,752.65,749.0,750.0,256397
1661407200,750.0,753.0,749.25,752.85,174288
1661408100,752.85,755.0,752.6,753.45,207462
1661409000,753.55,755.5,752.5,754.9,317949
1661409900,754.8,755.35,752.7,752.7,279809
1661410800,752.65,754.5,752.15,753.05,140563
1661411700,752.95,754.45,752.85,754.05,245109
1661412600,754.1,754.25,752.0,753.9,122603
1661413500,753.9,754.5,753.05,754.1,495524
1661414400,754.05,755.0,753.35,754.05,141547
1661415300,754.05,754.1,752.2,752.9,139981
1661416200,752.9,753.8,750.85,752.45,225070
1661417100,752.45,752.5,750.45,750.75,119421
1661418000,750.75,751.2,745.0,749.45,410192
1661418900,749.05,750.8,744.75,746.35,419212
1661419800,746.35,746.9,742.7,743.7,409148
1661420700,743.7,743.9,740.0,740.8,440937
1661485500,748.0,752.0,746.7,749.5,356208
1661486400,749.35,755.0,749.2,749.7,342402
1661487300,749.7,752.5,748.6,752.2,159657
1661488200,752.2,752.5,749.5,749.9,153064
1661489100,749.55,751.8,749.15,751.0,89373
1661490000,751.0,751.95,749.75,749.85,90391
1661490900,749.85,750.2,747.45,747.65,341581
1661491800,747.7,748.0,745.55,745.6,149070
1661492700,745.6,750.5,745.0,749.75,186693
1661493600,749.95,751.0,748.2,750.4,160010
1661494500,750.5,751.7,748.35,748.7,97213
1661495400,748.95,750.85,748.3,749.45,97526
1661496300,749.5,750.2,748.55,749.8,87258
1661497200,749.8,749.85,748.3,748.7,78518
1661498100,748.7,748.7,746.2,746.7,114208
1661499000,746.9,747.5,744.6,746.35,160664
1661499900,746.35,747.0,745.0,746.35,94838
1661500800,746.15,746.55,744.55,746.15,115766
1661501700,746.15,746.7,745.3,745.7,89266
1661502600,745.75,747.95,744.65,746.6,165731
1661503500,746.6,748.5,745.65,746.75,128907
1661504400,746.75,747.3,745.25,746.5,100113
1661505300,746.5,747.2,745.6,747.05,126276
1661506200,747.35,747.35,741.3,743.55,395371
1661507100,743.9,747.95,743.8,746.0,722732
1661744700,730.0,733.7,722.05,730.75,684447
1661745600,730.5,731.85,730.0,731.05,306280
1661746500,731.1,734.9,731.0,734.2,326916
1661747400,734.15,734.8,731.55,731.55,295111
1661748300,731.55,732.0,730.05,730.9,162160
1661749200,730.7,731.1,730.0,730.3,225848
1661750100,730.35,731.6,730.0,730.1,139687
1661751000,730.1,732.55,730.0,730.0,196748
1661751900,730.0,731.95,729.7,729.95,155812
1661752800,729.95,732.35,729.95,730.05,253698
1661753700,730.2,730.7,730.0,730.05,152178
1661754600,730.0,730.4,728.5,729.25,194058
1661755500,729.2,730.5,728.5,730.25,128833
1661756400,730.25,731.45,728.5,728.6,169952
1661757300,728.6,728.75,727.0,728.25,164845
1661758200,728.25,728.6,727.3,727.7,106751
1661759100,727.65,729.2,727.6,728.15,102903
1661760000,728.15,730.65,727.4,730.0,197513
1661760900,730.05,730.8,729.4,730.0,189057
1661761800,730.0,730.2,728.6,730.0,140502
1661762700,729.85,730.0,726.5,727.05,176245
1661763600,727.0,728.15,725.55,727.85,270846
1661764500,727.95,728.6,726.0,726.5,267324
1661765400,726.7,729.9,726.1,729.8,418211
1661766300,729.8,730.05,727.35,729.7,449222
1661831100,733.0,740.25,733.0,738.7,709150
1661832000,738.65,741.7,738.1,741.35,298300
1661832900,741.4,741.6,738.55,738.95,262697
1661833800,738.95,740.2,738.6,739.15,169370
1661834700,739.15,739.4,738.0,738.75,129738
1661835600,738.75,739.5,737.15,738.55,205117
1661836500,738.55,739.9,738.4,738.75,110979
1661837400,738.75,740.95,738.15,739.75,190382
1661838300,739.75,740.25,738.8,739.55,120344
1661839200,739.5,740.45,738.95,740.45,156300
1661840100,740.45,741.1,739.25,740.25,332733
1661841000,740.25,741.5,740.0,740.85,181593
1661841900,740.85,743.75,740.35,743.0,323064
1661842800,742.8,743.0,741.7,742.5,188608
1661843700,742.45,746.4,742.45,746.15,300996
1661844600,746.25,747.6,745.0,745.85,209441
1661845500,745.85,747.7,745.7,746.35,172852
1661846400,746.1,747.05,744.2,744.45,358780
1661847300,744.35,746.3,743.5,743.65,382505
1661848200,743.7,744.6,742.0,742.9,390710
1661849100,743.05,746.0,742.85,745.65,463121
1661850000,745.65,746.55,743.25,744.55,345684
1661850900,744.5,746.6,744.0,746.05,357499
1661851800,746.15,753.55,746.1,751.75,1596437
1661852700,751.85,753.0,750.0,751.5,1225581
1662003900,733.5,748.25,733.5,747.6,2110405
1662004800,747.4,751.9,747.05,751.7,623325
1662005700,751.8,754.15,748.85,752.3,425520
1662006600,752.3,754.9,751.7,753.85,269786
1662007500,753.9,754.7,752.4,753.95,256110
1662008400,754.15,754.2,750.8,752.6,291116
1662009300,752.5,754.35,751.5,753.95,199092
1662010200,754.1,754.1,751.1,752.9,213179
1662011100,752.85,754.4,751.55,751.8,227784
1662012000,751.8,752.45,750.55,751.55,258103
1662012900,751.5,751.65,747.6,748.6,383006
1662013800,748.35,751.45,748.0,750.5,179247
1662014700,750.5,751.45,749.35,750.15,128940
1662015600,750.2,750.6,749.1,750.55,147978
1662016500,750.6,751.4,747.35,747.9,199162
1662017400,747.7,747.7,744.75,745.95,270493
1662018300,746.0,748.3,745.4,746.6,188311
1662019200,746.85,747.65,743.5,745.35,208020
1662020100,745.3,745.5,738.2,738.95,324046
1662021000,739.0,741.85,737.05,740.2,323790
1662021900,740.2,742.0,738.3,740.95,245766
1662022800,740.85,745.6,740.65,744.65,426159
1662023700,744.55,744.9,741.15,742.7,200280
1662024600,742.6,746.0,741.4,744.8,460814
1662025500,744.9,745.95,743.45,744.65,423170
1662090300,749.0,750.65,744.35,745.4,573306
1662091200,745.35,747.55,744.0,747.1,254113
1662092100,747.0,748.4,742.0,743.0,401809
1662093000,743.0,743.5,740.25,741.45,205868
1662093900,741.65,746.7,741.0,746.25,448820
1662094800,746.2,746.9,745.1,746.7,299702
1662095700,746.7,747.2,745.4,746.15,238784
1662096600,746.15,747.8,745.1,746.95,392856
1662097500,747.0,747.15,746.45,747.05,238410
1662098400,747.05,748.7,746.8,748.3,438079
1662099300,748.35,749.0,747.65,748.0,317858
1662100200,748.0,748.7,747.0,748.3,155464
1662101100,748.3,750.95,748.2,750.15,312430
1662102000,750.15,751.7,749.3,750.55,246749
1662102900,750.55,751.0,749.3,749.9,130225
1662103800,750.0,750.25,749.1,750.05,103066
1662104700,750.5,752.9,750.05,750.65,264888
1662105600,750.85,751.3,749.4,750.1,170045
1662106500,750.1,751.4,749.7,751.15,124423
1662107400,751.15,754.55,751.0,753.8,326247
1662108300,753.8,754.25,752.55,753.1,243156
1662109200,753.1,753.15,750.75,751.15,300876
1662110100,751.1,751.5,748.5,748.8,286020
1662111000,748.8,752.9,747.75,752.2,445501
1662111900,752.1,753.0,749.0,750.2,817440
1662349500,750.2,757.15,750.0,755.75,897078
1662350400,755.8,757.7,755.1,756.95,276931
1662351300,757.0,758.8,754.6,754.75,301610
1662352200,754.8,755.7,753.05,755.2,202259
1662353100,755.4,756.5,753.65,754.45,105918
1662354000,754.55,754.9,752.4,753.0,96341
1662354900,753.05,754.7,752.5,752.6,79962
1662355800,752.65,752.9,750.6,751.15,179431
1662356700,751.35,752.5,749.35,751.9,187709
1662357600,751.95,753.65,751.15,753.4,121792
1662358500,753.4,754.4,752.65,753.0,117054
1662359400,753.05,753.95,752.05,753.9,101065
1662360300,753.9,755.75,753.9,755.75,396381
1662361200,755.8,756.5,755.0,755.2,123614
1662362100,755.25,756.75,754.8,756.05,255321
1662363000,756.05,756.6,754.05,754.7,169323
1662363900,754.65,756.65,754.35,756.65,123407
1662364800,756.6,756.7,754.35,754.95,96978
1662365700,754.8,756.75,754.6,755.55,115123
1662366600,755.55,756.75,755.5,756.15,120585
1662367500,756.15,757.25,755.45,756.6,470205
1662368400,756.55,757.0,755.65,756.5,229462
1662369300,756.45,756.5,755.5,755.95,169574
1662370200,755.9,756.65,755.65,756.45,391344
1662371100,756.45,756.8,754.5,754.5,546457
1662435900,758.0,761.55,757.45,758.7,400175
1662436800,758.55,758.65,755.8,757.1,579432
1662437700,757.15,757.9,756.0,757.25,92702
1662438600,757.25,757.5,756.1,756.8,121709
1662439500,756.8,756.8,753.75,754.35,214118
1662440400,754.35,755.8,754.15,754.75,92201
1662441300,754.75,756.95,754.5,756.1,364446
1662442200,756.1,757.7,756.0,757.45,111464
1662443100,757.45,758.55,756.5,756.65,267202
1662444000,756.6,758.2,756.2,758.2,73550
1662444900,758.2,759.9,757.5,759.7,532130
1662445800,759.75,759.85,757.95,758.0,402355
1662446700,758.0,759.45,758.0,759.2,334806
1662447600,759.25,759.85,758.8,759.0,72075
1662448500,759.0,759.05,755.55,756.3,199776
1662449400,756.3,756.6,754.2,755.45,370234
1662450300,755.45,755.95,754.6,755.0,667906
1662451200,754.95,755.95,754.0,755.0,318113
1662452100,755.0,755.3,753.3,754.5,265659
1662453000,754.5,754.7,753.7,753.95,121412
1662453900,753.85,754.15,751.9,753.8,281306
1662454800,753.8,753.85,750.05,750.25,272970
1662455700,750.25,751.25,749.45,749.75,391483
1662456600,749.85,750.85,748.8,749.65,549516
1662457500,749.65,751.55,749.55,750.5,502151
1662522300,743.15,745.75,742.05,743.85,938150
1662523200,743.8,743.9,739.05,740.9,821637
1662524100,741.0,745.5,740.95,745.25,499510
1662525000,745.25,749.35,745.0,747.95,439293
1662525900,748.1,751.0,748.1,750.45,368252
1662526800,750.3,750.95,749.95,750.5,202594
1662527700,750.5,751.65,748.7,749.1,215689
1662528600,749.0,749.9,748.95,749.35,226278
1662529500,749.35,749.9,748.7,749.55,227187
1662530400,749.5,750.7,749.05,750.45,329424
1662531300,750.35,753.4,749.95,752.65,282732
1662532200,752.65,754.0,752.35,753.7,130053
1662533100,753.7,754.45,752.55,752.6,341694
1662534000,752.6,753.45,752.3,752.75,134902
1662534900,752.75,755.1,751.65,755.0,239586
1662535800,755.05,755.9,754.6,755.75,265912
1662536700,755.8,757.9,755.75,757.6,319527
1662537600,757.55,758.0,756.75,757.4,735082
1662538500,757.15,757.4,756.35,756.85,232898
1662539400,756.85,756.9,754.95,755.05,430955
1662540300,755.05,755.75,753.75,754.05,510960
1662541200,753.95,754.1,751.0,752.15,465895
1662542100,752.15,754.4,752.05,754.0,306200
1662543000,754.1,755.7,754.0,755.4,690440
1662543900,755.3,756.7,754.0,754.1,754874
1662608700,761.75,762.8,757.1,761.1,872337
1662609600,761.1,764.45,761.0,763.35,525001
1662610500,763.3,764.1,761.7,762.5,357738
1662611400,762.35,762.55,761.5,762.05,213734
1662612300,762.05,763.5,762.05,763.0,236114
1662613200,762.9,763.05,762.2,762.6,161173
1662614100,762.7,763.45,762.5,763.25,142946
1662615000,763.25,763.95,762.35,763.1,161142
1662615900,763.2,763.6,762.7,763.4,149573
1662616800,763.45,767.4,763.35,766.95,808645
1662617700,766.85,773.25,766.55,773.0,994784
1662618600,772.95,775.4,772.35,774.75,1429195
1662619500,774.75,775.35,773.25,774.75,650563
1662620400,774.75,774.75,772.75,772.75,324403
1662621300,772.8,773.0,771.4,771.7,321029
1662622200,771.55,772.4,770.75,771.3,370647
1662623100,771.4,773.0,771.0,772.6,255304
1662624000,772.6,772.6,771.3,771.5,293267
1662624900,771.55,772.1,770.45,771.45,291562
1662625800,771.4,773.0,771.05,772.05,349996
1662626700,772.05,775.35,771.9,775.1,471826
1662627600,775.0,778.55,775.0,777.9,982046
1662628500,778.0,781.25,777.55,780.05,716092
1662629400,780.0,781.1,777.8,778.65,1119565
1662630300,778.6,782.2,777.95,781.65,1189624
1662695100,787.95,787.95,781.6,786.6,1119065
1662696000,786.6,786.85,783.1,786.2,402057
1662696900,786.25,786.45,784.0,785.0,270814
1662697800,784.95,786.0,784.55,784.55,344205
1662698700,784.4,785.5,783.45,784.55,262404
1662699600,784.55,785.3,784.3,784.35,208031
1662700500,784.35,785.35,784.0,785.0,446233
1662701400,784.85,785.0,780.25,781.05,346803
1662702300,781.3,784.5,780.9,784.35,347064
1662703200,784.35,784.5,782.25,782.85,280801
1662704100,782.55,784.15,782.55,783.35,303729
1662705000,783.35,783.35,781.0,781.55,248547
1662705900,781.55,783.35,781.1,782.25,186193
1662706800,782.2,785.3,781.75,785.0,284607
1662707700,785.1,785.15,784.2,784.95,159891
1662708600,785.0,785.0,781.75,782.15,187690
1662709500,782.25,782.6,780.0,782.4,251175
1662710400,782.45,783.3,780.95,782.0,191238
1662711300,782.1,784.35,782.1,782.95,206005
1662712200,783.0,783.55,782.0,782.8,176425
1662713100,782.8,783.65,782.0,783.3,188697
1662714000,783.3,783.75,782.4,783.65,166403
1662714900,783.5,785.75,783.15,785.4,359050
1662715800,785.45,785.65,784.45,785.1,607838
1662716700,785.3,785.65,782.9,783.7,1116153
1662954300,789.0,790.65,786.8,787.3,1084847
1662955200,787.35,791.0,786.8,790.0,700902
1662956100,790.0,791.85,789.95,790.7,739517
1662957000,790.7,794.95,790.5,794.75,492371
1662957900,794.65,795.8,794.05,795.5,568675
1662958800,795.4,795.6,793.5,795.25,881649
1662959700,795.25,795.7,794.6,795.1,269525
1662960600,795.05,795.3,794.55,795.0,275668
1662961500,795.0,798.8,795.0,798.4,527479
1662962400,798.45,799.4,798.15,799.15,894045
1662963300,799.15,800.0,798.2,798.5,724624
1662964200,798.55,799.8,797.85,799.2,378545
1662965100,799.2,799.75,798.2,799.6,331497
1662966000,799.7,803.25,799.45,801.85,963553
1662966900,802.0,802.75,801.6,801.95,609172
1662967800,801.95,802.15,800.45,802.0,423587
1662968700,801.95,802.6,801.75,802.1,330882
1662969600,802.1,803.55,802.0,803.2,267962
1662970500,803.2,804.0,802.95,803.3,433129
1662971400,803.3,805.0,803.05,804.65,606395
1662972300,804.65,804.7,799.25,799.55,781562
1662973200,799.6,802.0,798.7,801.35,653802
1662974100,801.4,801.9,801.0,801.0,442971
1662975000,801.5,802.95,800.1,800.6,1061905
1662975900,800.35,801.0,799.5,800.2,1048507
1663040700,805.0,806.5,803.15,805.0,724211
1663041600,805.05,807.4,805.0,806.15,602476
1663042500,806.2,807.5,804.85,807.05,337652
1663043400,807.05,808.5,806.9,808.0,336407
1663044300,807.85,808.95,806.55,806.55,271500
1663045200,806.55,807.7,805.15,806.85,429921
1663046100,806.85,806.9,805.5,806.45,294496
1663047000,806.5,806.95,804.95,805.45,224175
1663047900,805.45,806.5,804.05,805.6,195301
1663048800,805.6,806.2,804.7,805.5,136475
1663049700,805.75,807.45,805.2,806.45,253603
1663050600,806.5,807.8,805.9,807.25,222838
1663051500,807.15,807.5,806.25,807.0,166645
1663052400,806.85,807.4,805.65,806.3,175068
1663053300,806.3,806.8,804.85,805.1,320853
1663054200,805.05,805.85,804.5,804.95,248335
1663055100,804.95,805.6,804.3,804.7,502924
1663056000,804.7,806.0,804.7,805.0,225954
1663056900,805.0,807.35,804.6,806.35,761047
1663057800,806.35,807.5,805.55,805.95,343432
1663058700,805.95,806.35,804.3,806.15,527934
1663059600,806.15,806.8,805.35,806.2,409852
1663060500,806.2,806.45,805.15,805.55,244064
1663061400,805.55,806.25,805.0,805.1,794469
1663062300,805.15,807.5,804.55,807.1,1089239
1663127100,794.4,801.0,794.4,798.7,921340
1663128000,798.8,801.5,796.55,797.0,551123
1663128900,797.0,799.0,796.25,796.25,333630
1663129800,796.5,797.9,796.0,796.5,273146
1663130700,796.5,797.45,795.5,796.25,333078
1663131600,796.25,797.3,795.05,796.05,220692
1663132500,796.1,799.8,795.7,799.6,173237
1663133400,799.55,801.95,799.0,800.8,491440
1663134300,800.8,802.0,800.75,800.8,418137
1663135200,800.8,802.75,799.4,802.0,304766
1663136100,802.0,803.4,801.55,802.0,329803
1663137000,802.05,804.8,801.9,803.75,294920
1663137900,803.8,806.5,803.3,805.8,378592
1663138800,805.85,808.4,805.8,808.35,439655
1663139700,808.45,808.9,805.5,806.6,370021
1663140600,806.7,808.75,806.55,808.2,410857
1663141500,808.5,811.35,808.0,808.0,435033
1663142400,808.1,809.55,807.25,808.55,207203
1663143300,808.55,808.55,804.45,805.85,321738
1663144200,806.05,808.55,805.8,808.4,306268
1663145100,808.4,810.9,808.15,810.1,309933
1663146000,810.1,810.5,808.5,809.55,232734
1663146900,809.65,810.0,807.35,807.6,329959
1663147800,807.65,808.35,800.4,800.7,1138245
1663148700,800.7,802.35,799.55,799.75,928385
1663213500,805.5,806.4,800.65,804.4,608565
1663214400,804.8,806.5,801.2,802.35,268614
1663215300,802.4,803.0,798.05,798.8,280289
1663216200,798.3,799.3,796.6,798.85,248228
1663217100,798.9,801.9,797.15,798.5,192259
1663218000,798.4,798.6,796.35,797.2,95859
1663218900,797.1,797.85,794.55,795.5,243889
1663219800,795.5,796.0,791.7,792.25,242573
1663220700,792.1,796.5,791.45,796.3,272433
1663221600,796.3,796.4,793.7,794.3,163954
1663222500,794.3,794.65,792.25,792.9,107678
1663223400,792.75,793.95,791.8,792.65,141962
1663224300,792.65,794.4,792.45,794.25,76334
1663225200,794.25,795.3,793.7,794.35,112418
1663226100,794.35,794.6,792.65,792.9,95604
1663227000,792.95,797.3,792.9,796.25,222582
1663227900,796.2,796.9,793.7,795.15,127174
1663228800,795.15,796.25,793.0,794.45,171515
1663229700,794.15,796.0,793.0,795.8,124290
1663230600,795.9,795.9,793.05,794.95,119386
1663231500,794.95,797.75,794.3,796.4,141444
1663232400,796.4,797.5,795.75,796.5,296176
1663233300,796.5,796.5,792.6,792.75,239710
1663234200,792.55,793.0,788.3,788.35,805031
1663235100,788.3,791.3,787.65,789.85,583424
1663299900,786.05,787.0,778.7,780.6,697295
1663300800,780.6,781.1,776.1,777.6,694921
1663301700,777.6,778.5,776.1,776.5,323486
1663302600,776.4,779.25,776.35,777.1,185901
1663303500,777.15,783.4,776.55,783.35,338295
1663304400,783.5,788.0,783.2,785.0,380766
1663305300,785.0,787.9,785.0,787.3,221952
1663306200,787.3,787.55,785.0,785.95,153668
1663307100,785.8,786.35,785.0,785.0,232557
1663308000,785.0,786.9,785.0,785.7,119928
1663308900,785.7,787.3,785.0,785.05,194135
1663309800,785.15,785.15,783.15,784.3,232585
1663310700,784.4,786.3,783.85,785.55,1146622
1663311600,785.55,789.0,785.1,786.2,306503
1663312500,786.1,787.65,783.75,785.65,196079
1663313400,785.65,785.8,783.65,784.1,129243
1663314300,784.1,784.1,780.0,783.45,417438
1663315200,783.5,783.7,780.45,781.65,204506
1663316100,781.55,783.65,781.05,782.35,242977
1663317000,782.25,782.55,778.4,779.4,289515
1663317900,779.5,782.45,778.6,782.25,243909
1663318800,782.3,787.4,781.55,786.9,343503
1663319700,786.9,787.25,784.15,785.95,306676
1663320600,786.15,792.6,785.95,791.85,2084476
1663321500,792.05,792.1,787.85,788.7,1761512
1663559100,789.3,795.75,786.7,790.25,1755247
1663560000,790.7,796.75,790.65,796.3,925640
1663560900,796.2,799.4,796.15,797.3,1246670
1663561800,797.35,800.35,797.35,799.6,499339
1663562700,799.6,801.0,797.8,798.65,422392
1663563600,798.65,799.0,796.7,798.4,556013
1663564500,798.2,799.15,796.75,799.15,331896
1663565400,799.3,799.5,797.15,797.65,247241
1663566300,797.7,798.75,797.1,797.4,281631
1663567200,797.4,798.8,797.2,797.55,262568
1663568100,797.8,798.7,797.0,798.35,209243
1663569000,798.35,799.9,797.9,798.2,248017
1663569900,798.2,799.7,798.2,798.95,249034
1663570800,798.95,799.4,797.0,798.7,319741
1663571700,798.65,799.4,796.05,796.75,279993
1663572600,796.75,798.6,796.45,796.5,209593
1663573500,796.65,797.6,794.65,795.0,241430
1663574400,795.0,798.4,794.6,798.0,223645
1663575300,798.0,802.0,797.8,801.7,496103
1663576200,801.7,802.0,798.5,799.25,278647
1663577100,799.25,799.85,795.9,796.35,278249
1663578000,796.3,799.0,795.75,798.55,306039
1663578900,798.7,798.7,795.6,796.7,289891
1663579800,796.45,801.5,794.3,799.75,728402
1663580700,799.5,800.75,797.7,798.15,531385
1663645500,806.8,814.0,802.0,812.3,1203475
1663646400,812.0,813.5,811.4,813.35,472395
1663647300,813.15,814.8,811.7,811.8,319183
1663648200,811.8,813.45,811.35,812.25,244440
1663649100,812.25,814.3,811.7,813.3,190350
1663650000,813.3,814.55,812.65,813.3,169168
1663650900,813.3,813.3,810.0,810.85,278713
1663651800,810.9,813.5,810.9,812.8,218737
1663652700,812.8,813.1,812.6,812.95,214601
1663653600,812.95,814.1,812.05,813.45,326876
1663654500,813.45,813.8,812.2,812.8,238931
1663655400,812.8,813.75,812.75,813.7,197429
1663656300,813.75,815.9,813.35,815.75,400214
1663657200,815.8,816.2,815.1,815.5,260756
1663658100,815.5,815.6,814.15,815.0,169898
1663659000,815.0,815.6,814.25,815.2,167491
1663659900,815.25,815.4,812.75,813.3,240953
1663660800,813.35,813.4,812.45,812.75,213740
1663661700,812.85,814.75,812.4,814.45,193591
1663662600,814.5,814.8,813.15,813.75,221145
1663663500,813.75,814.95,811.8,814.55,406300
1663664400,814.6,816.0,813.95,814.1,270399
1663665300,814.1,814.15,813.0,814.0,257484
1663666200,814.0,814.0,812.3,812.55,556263
1663667100,812.55,813.5,810.0,812.5,815521
1663731900,809.25,813.5,805.05,813.25,579179
1663732800,813.05,813.35,810.35,810.5,214363
1663733700,810.35,810.85,808.25,810.1,263828
1663734600,810.1,811.9,808.5,811.75,212705
1663735500,811.75,813.9,810.8,813.35,208162
1663736400,813.6,816.0,812.7,813.4,284491
1663737300,813.4,814.4,812.5,813.75,126260
1663738200,813.75,813.8,812.55,812.8,173330
1663739100,812.75,814.25,812.5,812.85,150265
1663740000,812.85,813.35,812.0,813.0,171724
1663740900,813.0,813.5,809.55,809.7,306401
1663741800,809.95,810.1,807.5,808.4,314440
1663742700,808.5,809.95,805.4,806.4,371825
1663743600,806.4,808.0,804.35,807.85,313440
1663744500,807.75,809.45,807.35,809.0,235569
1663745400,809.0,809.4,807.75,807.8,139267
1663746300,808.0,808.95,807.15,808.0,171500
1663747200,808.0,810.0,807.25,808.95,183512
1663748100,808.95,811.95,808.75,809.25,180403
1663749000,808.9,811.2,808.75,809.3,234988
1663749900,809.35,809.95,806.5,807.6,171174
1663750800,807.6,809.4,806.55,808.8,173557
1663751700,809.05,809.55,807.2,807.25,151968
1663752600,807.4,808.3,806.0,806.3,535678
1663753500,806.4,807.7,803.35,806.95,668558
1663818300,805.0,808.8,801.75,807.2,821915
1663819200,807.55,807.9,803.9,804.4,198186
1663820100,804.4,806.6,802.95,804.65,210044
1663821000,804.65,804.75,801.15,802.1,158958
1663821900,802.1,802.1,799.05,799.7,243259
1663822800,799.65,799.8,796.5,796.8,240994
1663823700,796.8,798.15,794.55,796.45,418294
1663824600,796.7,798.5,793.75,794.0,358656
1663825500,794.1,794.15,790.85,791.3,251877
1663826400,791.25,793.5,789.1,792.25,303181
1663827300,792.15,792.3,791.1,792.0,212658
1663828200,792.0,792.0,787.0,787.85,501176
1663829100,787.75,789.7,786.15,787.1,152065
1663830000,787.1,788.0,786.0,786.45,245872
1663830900,786.55,788.15,784.3,786.6,284387
1663831800,786.6,789.25,786.6,788.25,211709
1663832700,788.25,790.4,788.2,789.55,365770
1663833600,789.25,792.35,789.05,790.0,426219
1663834500,790.15,792.8,790.0,792.4,251767
1663835400,792.4,793.85,790.95,791.75,361890
1663836300,791.75,793.0,790.3,790.4,174160
1663837200,790.4,791.0,788.75,789.9,221449
1663838100,789.9,791.0,787.6,788.3,205628
1663839000,788.3,790.95,788.05,789.2,433914
1663839900,789.2,789.95,787.85,789.8,530645
1663904700,789.0,789.0,777.2,777.45,1126969
1663905600,777.25,778.1,771.9,772.7,1147169
1663906500,772.4,774.45,770.75,773.9,609668
1663907400,773.6,775.2,771.05,771.3,247864
1663908300,771.1,771.25,769.0,769.85,365349
1663909200,769.85,772.1,769.3,770.75,239371
1663910100,770.75,772.25,770.0,771.35,239154
1663911000,771.5,772.25,771.0,771.45,180637
1663911900,771.4,772.4,769.05,771.55,268784
1663912800,771.55,771.6,769.5,770.9,195187
1663913700,771.0,772.4,770.75,771.55,220017
1663914600,771.55,771.85,769.5,769.7,188157
1663915500,769.6,769.8,765.65,768.55,366172
1663916400,768.65,769.25,765.8,765.8,563115
1663917300,765.9,768.25,765.55,767.45,367080
1663918200,767.8,768.7,767.1,767.8,264724
1663919100,767.75,769.0,767.0,767.3,318104
1663920000,767.35,767.9,764.25,765.3,443269
1663920900,765.3,767.0,764.65,767.0,478920
1663921800,766.75,767.85,765.55,767.55,348455
1663922700,767.55,768.0,766.0,767.15,298029
1663923600,767.15,768.0,766.4,767.3,336141
1663924500,767.2,768.95,766.55,768.0,356556
1663925400,768.0,768.95,767.3,768.25,460697
1663926300,768.05,770.65,767.75,768.5,631135
1664163900,759.0,763.5,754.75,756.85,1531969
1664164800,756.85,757.95,749.5,749.85,856673
1664165700,749.7,753.35,749.15,752.75,421888
1664166600,752.75,754.2,751.3,753.9,323357
1664167500,754.05,757.1,750.0,750.0,346359
1664168400,750.0,750.55,747.7,749.95,315893
1664169300,749.75,750.45,745.05,745.3,324023
1664170200,745.3,747.1,743.4,744.05,457346
1664171100,744.05,747.5,743.55,746.15,496626
1664172000,746.05,747.7,744.0,744.35,444730
1664172900,744.35,746.65,744.35,746.0,228226
1664173800,746.1,750.4,745.05,749.9,395613
1664174700,749.9,750.95,746.1,746.75,636513
1664175600,746.9,749.7,745.7,749.7,304442
1664176500,749.7,750.5,748.0,748.55,318033
1664177400,748.7,750.25,748.55,749.6,424070
1664178300,749.75,750.15,747.4,747.55,217548
1664179200,747.55,747.8,746.0,746.65,207150
1664180100,746.65,746.85,745.0,746.6,172136
1664181000,746.65,747.4,745.5,746.25,167399
1664181900,746.3,750.9,745.0,749.45,345067
1664182800,749.65,750.55,747.25,748.05,293537
1664183700,747.95,747.95,745.55,745.65,247375
1664184600,745.8,745.8,741.0,741.6,823870
1664185500,741.5,744.9,741.0,744.05,765640
1664250300,746.35,751.0,745.0,749.65,801343
1664251200,749.6,754.15,748.35,749.85,740347
1664252100,749.75,752.45,747.5,749.85,315044
1664253000,749.85,751.0,746.6,747.45,199319
1664253900,747.5,748.1,743.05,745.0,223335
1664254800,745.05,747.9,744.4,744.55,125461
1664255700,744.55,744.65,739.95,741.6,574625
1664256600,741.5,742.0,735.25,735.45,410166
1664257500,735.2,737.95,735.15,737.2,421009
1664258400,737.2,738.95,736.1,736.75,382184
1664259300,736.75,741.3,736.7,738.8,367999
1664260200,738.8,742.3,738.0,739.55,276185
1664261100,739.55,740.0,734.6,735.65,374617
1664262000,735.7,737.8,731.75,732.0,275994
1664262900,731.95,738.45,730.5,738.25,542315
1664263800,738.1,739.45,736.5,737.85,287389
1664264700,737.85,739.0,736.7,737.2,242007
1664265600,737.25,739.4,736.1,737.85,307824
1664266500,737.95,740.45,737.7,740.0,1178949
1664267400,739.9,740.8,736.2,736.95,308382
1664268300,736.8,738.15,734.45,735.7,326531
1664269200,735.55,736.65,732.4,732.95,612723
1664270100,732.9,735.8,732.6,734.5,306781
1664271000,734.6,736.7,732.55,735.6,804845
1664271900,735.75,742.5,735.75,741.05,919200
1664336700,733.9,733.9,728.4,729.25,1363161
1664337600,729.25,729.25,725.2,727.3,497492
1664338500,727.4,731.85,726.2,730.8,405869
1664339400,730.7,731.75,728.35,730.3,241290
1664340300,730.05,730.65,726.05,726.2,204973
1664341200,726.1,726.7,724.0,725.0,279720
1664342100,725.0,727.75,723.5,727.5,199762
1664343000,727.5,728.9,726.1,728.5,151174
1664343900,728.5,729.35,727.35,728.8,142376
1664344800,728.8,729.9,728.0,728.4,166962
1664345700,728.45,731.9,726.1,731.0,612691
1664346600,731.0,731.7,729.35,729.9,392560
1664347500,729.9,729.95,726.65,727.25,267446
1664348400,727.25,730.0,727.25,727.9,210505
1664349300,727.85,728.55,726.5,726.85,182068
1664350200,726.85,728.7,726.5,727.15,157009
1664351100,727.2,729.0,726.8,728.9,155271
1664352000,728.95,729.2,726.35,726.7,139243
1664352900,726.7,729.4,726.4,726.9,172411
1664353800,726.9,728.4,707.7,720.6,3434583
1664354700,720.6,722.25,717.1,719.45,601004
1664355600,719.35,720.5,717.15,717.7,624538
1664356500,717.7,718.7,716.15,718.4,405436
1664357400,718.45,718.8,716.15,717.35,780548
1664358300,717.05,718.0,712.7,713.5,1345091
1664423100,722.25,730.8,722.25,725.0,1126477
1664424000,725.25,728.3,724.05,726.4,631472
1664424900,726.4,727.25,721.2,722.25,320643
1664425800,722.0,724.0,718.3,723.7,435592
1664426700,723.7,724.0,721.5,722.65,154044
1664427600,722.65,724.55,721.5,723.2,196578
1664428500,723.2,726.35,723.0,724.8,267715
1664429400,724.8,725.25,718.55,719.0,266228
1664430300,719.0,719.5,718.5,719.5,257337
1664431200,719.5,719.5,718.5,718.65,243637
1664432100,718.65,718.65,716.0,716.95,266756
1664433000,716.8,719.05,716.4,718.0,277729
1664433900,717.95,720.9,717.55,719.8,197248
1664434800,719.75,720.35,715.1,717.6,264150
1664435700,717.65,718.05,712.85,714.0,353464
1664436600,714.0,714.45,711.0,713.3,324444
1664437500,713.4,714.8,711.5,713.1,234804
1664438400,713.15,715.75,711.5,714.4,312188
1664439300,714.4,720.3,713.45,717.45,521904
1664440200,717.65,721.15,716.3,720.65,367859
1664441100,720.75,721.55,718.3,721.4,293228
1664442000,721.4,726.8,720.5,725.85,795803
1664442900,725.55,726.25,720.45,720.65,544640
1664443800,720.65,720.75,716.85,719.25,1513446
1664444700,719.3,722.0,716.4,717.0,1865798
1664509500,720.0,723.75,714.4,719.0,782101
1664510400,719.1,720.3,716.05,720.25,562886
1664511300,720.1,722.4,716.55,716.85,515959
1664512200,716.85,720.5,715.0,720.0,508545
1664513100,719.75,725.6,719.7,722.7,407369
1664514000,722.7,731.15,722.65,730.4,546394
1664514900,730.3,731.75,726.45,727.6,265482
1664515800,727.6,730.25,725.25,729.9,228835
1664516700,729.85,731.75,726.15,726.25,210619
1664517600,726.2,728.2,726.1,727.1,108993
1664518500,727.35,728.35,724.5,727.95,166894
1664519400,727.95,729.65,727.6,728.6,145015
1664520300,728.6,729.85,728.1,729.45,115016
1664521200,729.35,733.9,729.3,733.8,326933
1664522100,733.8,733.8,732.1,732.55,225962
1664523000,732.25,732.95,730.05,730.1,177088
1664523900,730.1,733.2,730.0,732.0,194251
1664524800,732.0,732.9,731.1,732.75,201071
1664525700,732.9,736.0,732.85,735.0,226743
1664526600,735.0,736.7,733.35,735.65,455820
1664527500,735.9,737.75,735.05,735.6,217431
1664528400,735.8,735.85,731.55,732.95,301448
1664529300,733.05,733.7,730.45,731.75,271364
1664530200,731.75,734.35,730.7,732.6,1071499
1664531100,732.55,736.0,732.35,735.5,1281208
1664768700,731.0,742.0,726.5,735.05,871896
1664769600,735.1,736.25,731.45,733.3,322019
1664770500,733.45,737.45,732.5,733.75,228152
1664771400,733.9,734.55,731.35,733.1,226055
1664772300,733.1,735.6,731.6,733.15,192610
1664773200,733.15,735.1,732.3,734.8,143445
1664774100,734.8,736.15,733.7,734.55,149689
1664775000,734.45,734.9,733.0,734.45,86242
1664775900,734.4,736.5,733.0,733.25,222041
1664776800,733.25,734.0,731.0,731.8,190202
1664777700,731.9,732.3,728.6,729.25,201868
1664778600,729.3,730.35,728.0,728.25,146421
1664779500,728.3,728.8,727.35,728.4,156877
1664780400,728.4,729.65,726.05,727.35,186853
1664781300,727.45,730.0,727.35,728.75,150874
1664782200,728.75,730.3,728.5,729.8,96520
1664783100,729.9,733.0,729.8,731.9,293873
1664784000,731.9,732.1,730.2,732.0,171054
1664784900,731.85,732.8,730.4,731.95,231887
1664785800,732.0,732.8,730.1,731.05,248202
1664786700,731.1,732.45,729.15,729.2,192579
1664787600,729.4,729.4,726.25,726.25,254614
1664788500,726.2,727.8,724.05,726.1,352709
1664789400,725.95,726.0,721.05,721.7,692692
1664790300,721.75,724.4,721.5,722.5,365198
1664855100,733.4,744.4,732.0,741.85,755970
1664856000,742.0,744.35,740.95,742.4,275639
1664856900,742.4,743.65,740.45,742.95,206110
1664857800,742.95,744.2,741.15,741.25,161383
1664858700,741.25,742.1,740.0,741.05,139603
1664859600,741.0,741.45,739.45,740.85,153900
1664860500,740.85,741.15,737.5,737.65,148242
1664861400,737.65,740.0,737.5,739.9,159963
1664862300,739.9,740.0,737.55,738.2,190191
1664863200,738.05,739.05,737.1,737.6,121810
1664864100,737.55,742.0,737.35,741.85,229591
1664865000,741.85,741.9,740.3,741.45,172352
1664865900,741.45,742.55,740.3,742.1,245906
1664866800,742.6,742.95,740.5,741.25,195478
1664867700,741.25,742.4,739.3,739.5,144528
1664868600,739.5,741.0,739.45,740.25,135609
1664869500,740.2,742.45,740.0,742.0,157636
1664870400,742.0,742.75,741.3,741.7,126625
1664871300,741.7,741.75,738.1,739.2,201208
1664872200,739.2,741.75,739.15,741.55,176288
1664873100,741.55,742.8,741.25,742.15,146637
1664874000,742.2,743.0,740.75,740.75,169456
1664874900,740.7,742.7,740.1,742.5,140556
1664875800,742.45,744.5,741.85,742.35,458219
1664876700,742.2,743.45,741.5,742.0,400738
1665027900,750.0,753.2,746.0,751.4,1123813
1665028800,751.35,752.95,749.0,750.95,382383
1665029700,750.95,756.35,750.2,755.65,320701
1665030600,755.65,757.3,755.4,755.9,295841
1665031500,755.85,758.8,755.85,758.4,230023
1665032400,758.35,759.75,757.25,758.05,281127
1665033300,758.1,759.35,757.2,759.25,220276
1665034200,759.35,760.4,757.0,757.0,273996
1665035100,757.0,757.3,753.75,755.45,338582
1665036000,755.5,755.5,753.9,753.9,318996
1665036900,753.85,753.9,752.25,752.9,333783
1665037800,752.95,754.65,752.05,754.65,222079
1665038700,754.65,755.6,753.75,753.75,237307
1665039600,753.7,756.45,753.2,755.75,235544
1665040500,755.75,759.4,755.55,759.4,339731
1665041400,759.4,759.75,757.3,758.75,246966
1665042300,758.7,759.0,757.0,758.2,288597
1665043200,758.15,759.3,757.25,757.7,244222
1665044100,757.65,757.9,756.4,756.95,250151
1665045000,757.05,758.0,755.6,756.65,355988
1665045900,756.6,757.0,754.4,756.95,430201
1665046800,757.0,757.0,754.05,755.0,363325
1665047700,755.0,758.0,754.45,757.55,424924
1665048600,757.5,758.2,754.1,755.35,786815
1665049500,755.3,755.4,752.55,752.6,772536
1665114300,753.8,754.7,750.7,751.3,453794
1665115200,751.0,751.85,749.0,751.0,363460
1665116100,751.1,752.0,749.6,752.0,243043
1665117000,752.0,753.8,751.0,751.9,279077
1665117900,751.8,752.05,745.45,746.2,502860
1665118800,746.2,747.4,743.1,745.5,305100
1665119700,745.5,746.55,744.95,745.65,165650
1665120600,745.9,746.8,744.2,746.75,184414
1665121500,746.75,747.15,745.4,745.95,156910
1665122400,745.95,746.4,745.5,746.1,136449
1665123300,746.1,746.25,744.5,745.1,162684
1665124200,745.1,745.3,742.3,744.15,292286
1665125100,744.15,746.85,743.75,746.85,232329
1665126000,746.85,748.75,745.95,748.1,391298
1665126900,748.1,749.35,748.0,748.7,192381
1665127800,748.7,749.05,747.9,748.75,184131
1665128700,748.75,749.1,747.8,748.45,222726
1665129600,748.4,751.05,748.0,751.0,268361
1665130500,751.05,752.4,750.3,750.85,260272
1665131400,750.85,751.8,750.0,750.4,186914
1665132300,750.4,751.85,749.7,751.85,534689
1665133200,751.8,753.9,751.65,753.6,252049
1665134100,753.55,757.25,753.25,755.45,349844
1665135000,755.05,756.45,754.7,755.65,520476
1665135900,755.7,757.5,755.0,756.95,617695
1665373500,748.0,752.6,745.0,752.5,680978
1665374400,752.5,755.55,751.15,753.3,550657
1665375300,753.0,754.6,751.6,753.3,2080445
1665376200,753.45,755.45,751.25,754.1,292645
1665377100,754.2,762.15,753.65,762.05,648422
1665378000,762.15,762.8,759.5,761.95,460054
1665378900,761.85,765.0,761.05,764.3,687038
1665379800,764.3,766.9,763.25,766.3,535522
1665380700,766.4,768.85,765.35,768.3,435708
1665381600,768.3,768.7,766.25,767.8,311195
1665382500,767.7,769.55,766.95,769.4,302357
1665383400,769.4,773.2,769.3,773.05,691099
1665384300,772.7,773.4,769.4,771.5,676518
1665385200,771.7,773.95,771.55,772.65,472215
1665386100,772.75,772.75,771.0,771.1,199439
1665387000,771.15,772.0,769.1,770.5,255870
1665387900,770.45,771.0,769.5,769.7,184726
1665388800,769.65,772.6,769.4,772.5,269970
1665389700,772.5,772.5,770.65,770.85,315063
1665390600,770.8,770.95,768.5,770.0,524730
1665391500,770.0,775.0,769.65,775.0,602466
1665392400,775.2,776.8,773.15,773.6,685692
1665393300,773.75,776.8,773.6,775.95,563223
1665394200,775.85,778.0,774.5,777.35,745374
1665395100,777.35,778.7,776.45,778.0,899256
1665459900,780.0,780.75,774.5,775.6,876993
1665460800,775.65,779.55,774.75,777.35,355818
1665461700,777.25,778.65,775.7,778.15,198586
1665462600,778.5,785.55,777.15,784.5,623189
1665463500,784.35,788.05,783.1,783.25,589425
1665464400,783.3,784.35,782.5,784.15,352597
1665465300,784.2,785.3,783.7,784.95,336924
1665466200,785.0,785.0,783.25,783.75,377986
1665467100,783.65,785.0,782.55,785.0,440612
1665468000,785.0,788.8,784.7,788.55,603516
1665468900,788.75,791.0,787.55,790.55,702632
1665469800,790.55,793.55,790.0,793.45,573108
1665470700,793.45,794.9,790.9,791.55,553650
1665471600,791.55,791.55,789.3,789.85,755640
1665472500,789.95,794.9,789.5,794.9,712174
1665473400,794.9,795.5,792.95,793.1,684390
1665474300,793.15,794.65,789.0,789.95,811963
1665475200,789.85,792.35,788.0,792.3,617225
1665476100,792.45,792.5,789.5,790.05,506907
1665477000,790.25,793.25,789.65,792.95,520847
1665477900,793.0,793.1,787.6,788.55,1329566
1665478800,788.65,792.15,788.15,792.05,682991
1665479700,792.1,792.1,786.85,786.9,701843
1665480600,787.2,787.75,785.0,785.5,987094
1665481500,785.5,786.15,783.45,785.0,991887
1665546300,789.5,794.5,783.45,791.6,1242036
1665547200,791.6,794.5,790.5,794.0,721595
1665548100,793.85,796.8,793.55,794.05,700273
1665549000,794.1,794.95,792.0,793.5,603598
1665549900,793.8,802.1,793.55,801.55,1304687
1665550800,801.6,802.35,797.05,798.55,724615
1665551700,798.55,798.85,795.2,797.0,544148
1665552600,797.0,799.65,797.0,799.45,559631
1665553500,799.45,801.6,799.15,799.5,827489
1665554400,799.5,801.5,799.3,801.1,870641
1665555300,801.2,801.45,800.05,800.9,552057
1665556200,800.85,802.75,800.15,802.25,811852
1665557100,802.3,804.1,801.05,804.0,807288
1665558000,804.1,805.25,802.4,802.85,1259350
1665558900,802.85,803.95,798.35,799.1,777674
1665559800,799.3,801.1,797.4,801.1,719863
1665560700,801.15,802.45,799.95,800.75,896523
1665561600,800.8,802.95,800.15,801.8,609419
1665562500,801.8,803.35,801.3,803.25,627253
1665563400,803.25,803.65,801.9,803.25,654749
1665564300,803.2,805.8,803.1,803.45,827228
1665565200,803.5,806.7,803.1,806.25,731509
1665566100,806.3,807.65,805.5,806.3,794296
1665567000,806.35,809.6,804.5,808.9,1287343
1665567900,808.95,810.8,807.8,807.8,1740580
1665632700,807.0,814.5,806.7,811.5,1030887
1665633600,811.65,814.95,809.05,812.25,831484
1665634500,812.1,813.7,809.8,809.85,562016
1665635400,809.85,810.25,799.85,801.2,939556
1665636300,800.9,804.25,798.55,799.3,552655
1665637200,799.3,800.75,797.4,800.4,514436
1665638100,800.35,800.4,798.3,800.0,403632
1665639000,800.0,801.8,799.0,799.35,428537
1665639900,799.35,800.0,797.8,799.7,419058
1665640800,799.7,802.0,799.0,799.7,482958
1665641700,799.7,799.7,795.6,796.85,423802
1665642600,796.9,801.0,796.2,800.55,354198
1665643500,800.6,803.55,800.55,802.95,434564
1665644400,802.95,805.75,800.55,805.0,588308
1665645300,805.1,805.75,803.35,804.8,390046
1665646200,804.85,804.95,803.6,804.35,305790
1665647100,804.4,804.45,800.8,801.0,623310
1665648000,800.85,801.25,797.65,797.95,380559
1665648900,797.9,801.2,796.8,800.8,365016
1665649800,800.75,802.95,799.5,799.5,450580
1665650700,800.0,802.9,799.2,802.75,255894
1665651600,802.8,805.9,802.8,805.85,328766
1665652500,805.85,805.95,801.5,802.0,293581
1665653400,802.25,802.45,798.4,799.8,661443
1665654300,799.7,806.4,799.1,805.0,984019
1665719100,815.55,820.7,813.05,815.05,1162441
1665720000,815.0,816.85,812.25,812.8,608801
1665720900,812.9,813.35,811.0,812.3,215054
1665721800,812.15,814.5,811.5,812.0,297107
1665722700,812.25,813.5,810.0,810.6,201558
1665723600,810.25,811.8,808.65,809.9,181036
1665724500,810.0,810.7,808.0,808.65,149554
1665725400,808.6,809.35,806.0,808.5,205559
1665726300,808.5,809.5,807.0,809.4,169337
1665727200,808.85,809.8,807.45,807.45,179488
1665728100,807.7,808.2,805.55,807.5,224054
1665729000,807.5,809.8,806.95,808.55,208624
1665729900,808.55,809.4,806.3,806.65,155089
1665730800,807.0,808.2,805.35,808.0,164543
1665731700,808.2,808.2,805.0,807.0,187047
1665732600,807.0,807.3,805.5,806.0,139646
1665733500,805.9,806.9,804.85,806.05,143394
1665734400,806.05,807.5,804.6,807.1,159699
1665735300,807.25,807.85,804.55,805.25,216230
1665736200,805.25,807.2,804.7,805.75,220602
1665737100,805.75,806.0,799.5,799.8,496250
1665738000,799.75,799.85,794.45,794.95,677997
1665738900,794.9,803.9,794.85,800.5,520441
1665739800,800.5,802.0,799.15,799.3,502532
1665740700,799.25,803.15,798.65,800.75,792135
1665978300,803.5,814.8,798.4,798.95,1211267
1665979200,798.9,800.8,797.1,799.25,359756
1665980100,799.2,803.65,799.0,801.6,373216
1665981000,801.8,806.2,801.6,805.65,796813
1665981900,805.55,807.8,803.5,803.6,389301
1665982800,803.6,807.7,803.6,806.7,471933
1665983700,806.8,806.8,801.25,802.75,302624
1665984600,802.8,803.55,800.5,803.0,206335
1665985500,803.1,803.65,801.65,803.0,157200
1665986400,803.0,804.55,802.55,803.75,163492
1665987300,803.8,804.55,801.85,803.75,219343
1665988200,803.75,805.0,803.4,804.8,180205
1665989100,804.9,806.0,803.85,805.4,193522
1665990000,805.5,806.5,805.0,805.7,133624
1665990900,805.65,807.45,804.65,806.5,166850
1665991800,806.5,807.45,805.3,807.15,135348
1665992700,807.15,810.6,807.0,810.05,337653
1665993600,810.4,810.75,808.85,809.2,231055
1665994500,809.2,811.7,808.15,808.3,374494
1665995400,808.3,809.45,807.15,808.65,344608
1665996300,808.9,809.35,808.1,809.0,318115
1665997200,808.95,809.35,807.15,809.3,307925
1665998100,809.3,813.25,809.3,813.1,416078
1665999000,813.2,814.5,812.3,813.45,741732
1665999900,813.6,817.0,812.8,816.5,906482
1666064700,820.0,822.9,814.45,814.45,1072996
1666065600,814.15,816.2,811.55,815.05,971815
1666066500,815.1,818.25,814.75,816.5,354691
1666067400,816.65,817.95,814.45,815.0,271694
1666068300,815.2,817.0,813.75,815.55,242680
1666069200,815.5,816.6,814.35,815.15,253694
1666070100,815.2,816.0,814.65,815.5,199355
1666071000,815.6,817.0,814.25,815.95,223900
1666071900,815.75,816.35,815.0,815.3,186601
1666072800,815.3,816.25,815.05,816.1,138278
1666073700,816.25,816.5,815.05,815.55,216838
1666074600,815.75,816.25,814.5,815.55,299583
1666075500,815.55,816.5,815.2,816.25,183394
1666076400,816.4,818.45,816.05,818.2,330625
1666077300,818.15,818.45,816.75,818.45,243422
1666078200,818.45,821.0,818.4,819.7,405436
1666079100,819.75,820.6,818.7,820.0,181205
1666080000,819.9,820.6,817.9,820.0,195596
1666080900,820.0,821.0,818.1,820.7,181737
1666081800,820.7,821.0,819.6,820.75,171891
1666082700,820.55,821.7,817.6,817.6,271025
1666083600,817.6,819.3,816.35,817.95,331615
1666084500,817.95,819.0,816.35,816.8,217314
1666085400,816.6,817.95,816.0,816.4,509095
1666086300,816.3,818.0,815.0,815.0,783827
1666151100,818.45,821.45,816.9,820.7,566163
1666152000,820.75,834.0,820.7,830.15,1491953
1666152900,830.55,831.0,828.35,830.55,452270
1666153800,830.55,830.85,828.65,829.15,232221
1666154700,829.15,832.6,829.15,831.95,335394
1666155600,832.0,834.8,831.2,832.0,474600
1666156500,832.1,834.2,831.5,833.0,267545
1666157400,832.75,835.9,830.15,835.7,737910
1666158300,835.65,838.45,835.0,835.65,797219
1666159200,835.65,836.95,833.1,835.35,494043
1666160100,835.3,835.3,832.5,832.5,228225
1666161000,832.5,834.0,831.6,831.8,254891
1666161900,831.75,833.0,830.55,830.75,195729
1666162800,830.65,831.5,827.25,827.85,408447
1666163700,827.7,829.15,825.4,826.55,284231
1666164600,826.7,826.8,824.8,825.3,345154
1666165500,825.25,830.2,825.25,829.75,484332
1666166400,829.45,829.45,827.1,827.35,199401
1666167300,827.25,829.85,826.4,826.45,207043
1666168200,826.4,830.0,826.4,829.75,235518
1666169100,830.2,831.75,828.7,830.35,344560
1666170000,830.3,831.35,827.2,827.75,199171
1666170900,827.75,828.1,823.9,826.4,335450
1666171800,826.4,830.9,825.75,830.0,574426
1666172700,829.8,832.0,829.2,831.25,711707
1666237500,824.9,831.9,823.5,828.45,928938
1666238400,828.7,828.95,821.15,821.55,717272
1666239300,821.5,826.05,821.15,823.9,491574
1666240200,823.8,824.2,822.3,823.75,219775
1666241100,823.75,825.15,822.05,823.5,237006
1666242000,823.45,823.45,820.4,823.05,382286
1666242900,822.8,826.9,822.8,825.4,313069
1666243800,825.45,826.7,821.1,822.15,252156
1666244700,822.0,822.5,819.7,821.0,290564
1666245600,821.0,821.8,820.25,821.1,215830
1666246500,821.35,821.35,818.55,820.4,309583
1666247400,820.45,820.45,816.95,817.9,264333
1666248300,817.9,822.4,817.0,821.75,962678
1666249200,821.75,822.4,819.1,820.35,360530
1666250100,820.35,821.0,819.0,819.25,256927
1666251000,819.25,820.35,817.6,818.35,261286
1666251900,818.4,818.5,817.15,817.9,291003
1666252800,817.9,820.25,817.5,818.45,252617
1666253700,818.5,821.45,818.5,821.25,448725
1666254600,821.25,821.25,819.1,819.8,733724
1666255500,819.85,821.65,819.75,821.2,483875
1666256400,821.2,825.5,821.05,824.75,515317
1666257300,824.75,826.85,822.55,826.55,485194
1666258200,826.55,827.0,823.3,827.0,899989
1666259100,826.95,828.0,824.45,825.0,1210982
1666323900,860.1,879.85,855.85,877.6,13526927
1666324800,878.0,879.1,873.15,874.4,3852294
1666325700,874.5,876.0,870.7,874.8,2252898
1666326600,874.9,875.3,871.6,872.5,1053552
1666327500,872.6,874.75,869.75,873.35,1222932
1666328400,872.95,873.95,871.7,873.65,748765
1666329300,873.7,875.65,872.95,874.0,762533
1666330200,874.15,876.0,874.15,875.0,908132
1666331100,875.05,875.2,872.25,872.35,560299
1666332000,872.5,874.95,872.3,874.95,636920
1666332900,874.85,881.0,873.85,880.8,2350691
1666333800,880.9,895.7,880.8,892.3,4216489
1666334700,892.6,894.8,889.05,894.05,1993155
1666335600,894.1,895.9,889.15,892.55,1492968
1666336500,892.55,895.6,892.1,893.55,1362399
1666337400,893.6,898.0,893.0,897.8,1531322
1666338300,898.0,898.5,890.0,890.15,1654443
1666339200,890.15,890.8,885.6,887.25,1283033
1666340100,887.25,890.25,887.05,889.3,685237
1666341000,889.0,889.6,883.75,889.45,1121680
1666341900,889.45,893.15,887.05,887.2,1262492
1666342800,887.2,891.45,887.2,890.45,930612
1666343700,890.45,896.2,890.4,893.9,2568765
1666344600,894.0,899.9,893.9,898.2,3692336
1666345500,898.5,906.0,898.05,904.0,5719791
1666615500,916.0,918.45,907.5,909.75,1479572
1666616400,909.75,912.95,909.05,911.5,601388
1666617300,911.75,912.15,910.2,911.65,331198
1666618200,911.5,911.7,905.0,907.0,603098
1666669500,905.7,907.0,893.05,898.05,2376732
1666670400,898.05,903.35,897.3,898.8,789338
1666671300,899.15,901.65,898.0,900.15,667092
1666672200,900.2,901.0,898.0,898.65,420910
1666673100,898.7,898.7,895.55,897.5,460784
1666674000,897.35,897.4,895.1,895.5,263222
1666674900,895.3,896.95,893.8,893.9,252434
1666675800,893.85,895.0,891.6,892.4,362353
1666676700,892.4,896.5,892.2,896.05,251338
1666677600,896.15,898.45,895.8,896.65,281149
1666678500,896.65,896.65,893.1,894.4,234998
1666679400,894.2,896.45,893.8,895.45,239071
1666680300,895.45,896.6,894.95,896.55,207012
1666681200,896.5,896.8,894.65,895.6,275628
1666682100,895.6,897.5,895.35,896.8,264224
1666683000,896.8,898.2,896.2,896.8,341667
1666683900,896.65,898.5,896.55,897.25,319756
1666684800,897.3,897.9,896.7,897.85,237533
1666685700,897.85,902.9,897.85,902.85,839407
1666686600,902.8,910.6,902.55,907.3,1204168
1666687500,907.1,908.6,904.05,904.4,436365
1666688400,904.3,906.95,902.9,906.2,359024
1666689300,906.2,907.85,905.05,905.65,312900
1666690200,905.55,905.6,901.05,901.3,881944
1666691100,901.25,903.0,900.0,900.05,813553
1666842300,909.0,910.4,901.25,909.25,1890912
1666843200,909.25,912.4,909.25,910.95,782019
1666844100,910.95,911.4,908.1,909.95,619667
1666845000,910.0,915.0,909.5,913.65,724457
1666845900,913.65,914.7,911.7,912.4,314065
1666846800,912.4,912.85,909.75,910.65,557958
1666847700,910.6,911.5,908.65,909.9,314447
1666848600,909.9,911.95,909.7,911.45,236762
1666849500,911.45,912.8,910.85,911.75,229572
1666850400,911.7,912.65,911.05,912.2,230752
1666851300,912.15,912.55,910.7,912.1,226748
1666852200,912.2,912.65,911.65,911.85,191474
1666853100,911.85,912.05,910.4,911.2,275743
1666854000,911.05,912.0,911.05,911.05,178382
1666854900,910.7,914.25,910.7,914.05,250624
1666855800,914.05,914.65,912.9,914.0,253674
1666856700,914.0,918.0,913.45,917.4,626315
1666857600,917.5,919.95,915.1,915.35,443559
1666858500,915.35,917.25,915.25,916.4,308099
1666859400,916.4,916.8,914.4,915.35,324231
1666860300,915.4,915.45,913.0,914.65,397341
1666861200,914.65,915.0,912.7,914.3,373484
1666862100,914.25,914.6,912.3,913.5,304744
1666863000,913.15,915.75,912.85,915.1,855176
1666863900,915.1,916.95,914.4,916.0,948432
1666928700,915.0,917.95,909.0,915.6,973808
1666929600,915.7,916.5,913.05,916.25,360856
1666930500,916.25,916.35,910.7,913.55,292724
1666931400,913.4,914.8,911.35,913.2,219947
1666932300,913.2,913.5,911.05,911.05,177130
1666933200,911.0,911.05,909.15,909.8,318945
1666934100,909.8,909.9,906.05,906.3,321370
1666935000,906.35,909.3,904.65,908.4,247636
1666935900,908.3,908.4,903.8,904.6,265926
1666936800,904.85,905.0,901.6,902.0,372964
1666937700,901.95,904.0,900.85,903.3,223114
1666938600,903.3,906.0,901.0,905.7,211296
1666939500,905.55,905.55,902.8,903.5,167373
1666940400,903.55,906.55,903.3,905.2,145426
1666941300,905.1,905.7,902.2,902.8,111922
1666942200,902.8,904.8,902.05,903.4,150153
1666943100,903.3,904.5,902.55,903.35,106130
1666944000,903.35,904.3,902.2,903.2,130509
1666944900,903.25,903.25,899.15,900.7,292850
1666945800,900.7,901.6,899.5,899.5,230670
1666946700,899.45,902.8,898.9,902.6,311229
1666947600,902.6,903.0,901.05,901.9,235425
1666948500,901.9,902.6,900.6,901.65,236747
1666949400,901.65,904.25,901.15,903.45,563237
1666950300,903.5,904.5,902.5,904.5,602966
1667187900,908.0,916.25,907.4,915.45,1415793
1667188800,915.5,918.0,911.7,912.1,701865
1667189700,912.1,913.9,911.2,911.7,294707
1667190600,911.7,912.45,911.0,912.3,255696
1667191500,912.3,914.35,911.0,911.35,329992
1667192400,911.35,912.0,910.05,911.0,182148
1667193300,911.1,911.95,909.65,911.1,173604
1667194200,911.1,911.3,907.95,909.1,237984
1667195100,909.1,912.7,908.6,911.55,271570
1667196000,911.45,911.6,909.5,909.7,164519
1667196900,909.75,911.0,909.25,910.55,124970
1667197800,910.6,910.6,909.4,910.1,112123
1667198700,910.1,910.35,908.5,909.75,143738
1667199600,909.8,910.0,906.75,907.8,253651
1667200500,907.75,908.35,905.5,906.65,227521
1667201400,906.65,907.7,905.55,905.7,299199
1667202300,905.7,906.8,905.2,906.2,263486
1667203200,906.1,906.25,904.1,904.25,284354
1667204100,904.25,905.5,904.2,904.7,278520
1667205000,904.7,905.45,903.55,904.4,264570
1667205900,904.35,904.4,902.55,903.65,241894
1667206800,903.65,904.0,902.35,902.75,247790
1667207700,902.75,904.75,902.1,904.25,293110
1667208600,904.2,907.45,904.15,906.55,955672
1667209500,906.6,907.0,904.55,906.0,980438
1667274300,904.0,904.0,883.95,887.0,9488313
1667275200,887.0,888.65,886.05,888.3,1248895
1667276100,888.3,889.9,886.05,887.05,1436391
1667277000,887.05,888.3,883.1,884.5,750635
1667277900,884.25,884.3,879.1,879.75,1245601
1667278800,879.5,881.45,877.25,881.25,792855
1667279700,881.25,883.0,880.3,881.4,535121
1667280600,881.4,882.4,880.15,881.65,378934
1667281500,881.65,881.7,880.0,880.2,334772
1667282400,880.2,880.7,879.0,880.0,325666
1667283300,880.05,880.5,878.05,878.25,466521
1667284200,878.25,878.3,875.05,875.9,1319947
1667285100,875.9,875.95,873.4,873.4,929784
1667286000,873.5,874.0,869.0,871.45,950727
1667286900,871.35,874.8,871.35,873.35,687479
1667287800,873.35,873.35,871.05,871.85,417538
1667288700,871.85,874.05,871.55,874.0,391868
1667289600,874.0,876.2,873.95,876.2,774909
1667290500,876.1,878.45,875.7,876.15,750109
1667291400,876.15,877.45,875.6,876.85,431572
1667292300,876.85,878.75,876.45,876.5,515869
1667293200,876.3,877.85,872.2,873.35,446099
1667294100,873.35,874.95,870.65,871.0,656615
1667295000,871.1,872.85,870.5,871.5,1354252
1667295900,871.55,873.35,870.6,871.4,2086352
1667360700,875.0,877.0,867.15,870.55,1415786
1667361600,870.5,870.55,866.25,869.6,1162151
1667362500,869.55,870.3,865.3,867.5,781919
1667363400,867.4,871.0,867.3,869.75,739546
1667364300,869.75,870.75,868.75,868.95,200991
1667365200,868.75,869.8,867.6,868.6,152879
1667366100,868.55,869.7,867.0,867.05,189853
1667367000,867.05,868.25,865.8,867.65,414753
1667367900,867.6,868.2,867.05,868.0,165487
1667368800,867.9,868.25,867.15,867.95,146799
1667369700,867.75,868.0,866.15,866.7,134231
1667370600,866.6,867.2,864.5,865.05,417187
1667371500,865.05,866.0,864.1,864.95,291481
1667372400,864.9,865.4,864.25,865.05,201948
1667373300,865.0,865.05,863.1,863.2,299971
1667374200,863.2,865.05,862.75,864.8,437013
1667375100,864.8,866.65,863.8,864.1,470142
1667376000,864.1,864.3,861.6,862.9,374433
1667376900,862.75,864.45,862.4,862.95,251024
1667377800,862.9,864.2,862.55,863.3,241025
1667378700,863.2,864.85,862.65,863.05,266993
1667379600,863.4,864.6,862.5,863.0,282739
1667380500,863.0,863.8,862.25,863.0,390856
1667381400,863.0,864.8,863.0,863.15,807846
1667382300,863.2,864.2,862.15,863.7,756728
1667447100,857.9,871.0,856.0,869.3,1177551
1667448000,869.25,873.4,869.0,871.85,516722
1667448900,871.85,873.0,870.0,871.2,216865
1667449800,871.2,874.2,870.4,874.1,253644
1667450700,873.95,875.8,872.6,875.25,348314
1667451600,875.25,876.4,874.15,875.4,389966
1667452500,875.35,875.4,872.1,872.2,313745
1667453400,872.15,876.2,871.4,876.1,258389
1667454300,876.0,880.4,876.0,877.5,637138
1667455200,877.6,878.9,873.8,874.0,367331
1667456100,873.9,874.6,873.35,874.35,253019
1667457000,874.3,875.45,873.65,873.65,177917
1667457900,873.7,874.4,871.15,872.55,197924
1667458800,872.45,872.9,870.45,872.5,171808
1667459700,872.5,872.65,870.3,871.2,140717
1667460600,871.2,872.2,869.5,871.9,250636
1667461500,871.9,872.45,870.6,870.6,151805
1667462400,870.6,870.95,868.1,868.45,671990
1667463300,868.65,868.8,863.2,864.55,1446648
1667464200,864.55,865.35,863.55,864.7,219709
1667465100,864.75,864.8,861.55,862.7,307364
1667466000,862.85,865.35,862.35,864.3,390187
1667466900,864.2,864.5,862.15,863.25,336344
1667467800,863.35,865.5,863.05,863.65,511446
1667468700,863.55,865.0,863.0,865.0,446591
1667533500,869.0,872.9,867.0,870.2,1196479
1667534400,870.1,872.15,866.0,867.55,403460
1667535300,867.3,867.3,863.85,866.35,403139
1667536200,866.15,867.9,865.5,866.8,165031
1667537100,866.6,867.3,862.3,863.15,264678
1667538000,863.1,865.25,862.85,864.3,189779
1667538900,864.1,864.65,862.5,863.8,276657
1667539800,863.8,864.9,863.4,864.2,168991
1667540700,864.25,865.2,863.1,864.15,809969
1667541600,864.15,865.8,863.0,865.1,231070
1667542500,865.05,867.0,864.4,866.5,194148
1667543400,866.5,867.4,865.25,866.35,200621
1667544300,866.5,867.3,865.0,867.05,210506
1667545200,867.05,867.15,865.2,865.45,147504
1667546100,865.45,868.85,864.85,868.8,264439
1667547000,868.7,869.0,867.4,868.2,158317
1667547900,868.2,869.75,867.55,869.0,196621
1667548800,869.0,870.0,868.6,868.85,208822
1667549700,868.85,869.0,866.9,868.0,247413
1667550600,867.9,868.0,863.15,864.6,214784
1667551500,864.65,866.7,864.45,866.0,191928
1667552400,866.0,866.5,865.1,866.0,83932
1667553300,866.0,866.85,865.5,866.0,104873
1667554200,866.0,869.8,865.95,869.45,380968
1667555100,869.45,869.45,866.8,868.15,370916
1667792700,876.25,876.8,870.8,875.95,1654108
1667793600,875.95,876.0,870.85,871.5,538925
1667794500,871.55,871.6,869.0,869.3,356570
1667795400,869.25,871.75,867.15,867.65,217472
1667796300,867.65,868.85,867.0,867.05,243185
1667797200,867.05,867.85,865.05,866.5,243164
1667798100,866.5,866.55,863.2,863.8,281675
1667799000,863.8,864.6,861.65,862.5,370409
1667799900,862.4,862.95,861.3,861.8,300976
1667800800,861.8,866.75,861.8,865.5,703821
1667801700,865.55,865.95,863.95,865.05,215248
1667802600,865.5,867.65,864.0,867.2,243674
1667803500,867.2,870.0,867.05,867.75,381015
1667804400,867.8,868.4,865.2,866.0,191466
1667805300,866.0,867.3,865.5,866.9,147549
1667806200,866.85,867.7,865.55,866.05,149133
1667807100,866.3,866.85,863.75,864.1,191060
1667808000,864.3,865.65,863.45,864.7,175901
1667808900,864.55,866.4,864.4,865.8,235165
1667809800,865.8,868.85,865.8,867.7,353050
1667810700,867.65,869.0,866.45,868.6,286565
1667811600,868.6,872.0,868.45,870.25,520379
1667812500,870.4,870.95,867.8,868.7,302175
1667813400,868.6,874.1,868.45,872.8,816761
1667814300,872.95,874.95,871.85,872.1,779154
1667965500,875.05,878.9,874.85,875.6,1538748
1667966400,875.6,877.4,872.0,873.65,542005
1667967300,873.6,876.5,872.55,874.1,484897
1667968200,874.15,874.4,872.65,872.85,283570
1667969100,872.8,873.0,871.45,871.95,394540
1667970000,871.95,874.4,870.2,874.05,429292
1667970900,874.25,875.5,872.5,872.5,492438
1667971800,872.55,874.4,872.05,874.15,190755
1667972700,874.1,875.3,873.75,874.35,270483
1667973600,874.35,875.65,873.4,875.65,317838
1667974500,875.6,875.9,874.15,874.15,242812
1667975400,874.15,875.8,871.45,871.85,303217
1667976300,871.9,872.0,869.55,871.6,262099
1667977200,871.6,874.05,871.5,873.85,202752
1667978100,873.85,874.0,872.1,873.15,161692
1667979000,873.2,874.65,873.2,874.15,184740
1667979900,874.2,875.1,873.25,875.1,211096
1667980800,875.1,876.55,875.0,875.65,257687
1667981700,875.65,877.95,875.2,877.05,276217
1667982600,877.1,879.0,876.0,879.0,348547
1667983500,879.0,880.75,877.55,879.7,726156
1667984400,879.8,879.8,873.55,873.55,309511
1667985300,873.55,875.25,873.1,874.25,287672
1667986200,874.2,876.5,873.85,875.3,443451
1667987100,875.35,875.35,868.5,870.7,982001
1668051900,843.7,856.7,841.0,849.65,5057864
1668052800,849.7,853.9,849.5,850.95,839538
1668053700,851.0,851.0,847.9,848.2,761217
1668054600,848.2,849.7,847.7,848.25,280898
1668055500,848.5,850.9,848.0,850.5,517074
1668056400,850.5,850.7,848.6,849.55,314089
1668057300,849.15,849.5,847.8,847.8,208612
1668058200,847.85,848.6,847.2,847.8,563715
1668059100,847.8,848.05,845.1,846.0,613176
1668060000,846.0,847.0,845.05,846.3,301770
1668060900,846.25,847.5,845.1,847.0,316334
1668061800,847.0,847.0,845.2,845.65,291354
1668062700,845.7,847.3,845.05,846.7,503401
1668063600,846.65,847.65,846.45,846.95,352856
1668064500,847.1,847.3,845.3,845.7,287616
1668065400,845.8,846.55,845.05,846.45,255820
1668066300,846.45,847.1,845.65,846.6,206489
1668067200,846.45,848.0,845.85,847.35,355650
1668068100,847.25,847.4,846.5,847.05,388281
1668069000,847.05,849.2,846.9,848.6,449687
1668069900,848.55,849.4,845.65,847.0,757190
1668070800,847.0,847.15,844.25,845.25,717788
1668071700,845.25,845.65,842.05,845.0,1022957
1668072600,845.2,845.45,843.8,844.15,1153993
1668073500,844.25,844.5,841.15,841.15,2087752
1668138300,847.0,853.65,845.1,852.85,4224307
1668139200,852.85,854.7,849.45,849.7,1216432
1668140100,849.55,853.0,849.5,850.5,621137
1668141000,850.5,852.25,850.45,850.65,275046
1668141900,850.65,852.6,850.5,851.9,541160
1668142800,851.9,852.0,850.5,851.0,302226
1668143700,850.35,851.1,847.1,847.3,481129
1668144600,847.3,848.95,845.55,846.5,883978
1668145500,846.5,846.85,844.15,845.75,541947
1668146400,845.6,848.05,845.0,846.45,548805
1668147300,846.4,849.9,845.35,849.35,627704
1668148200,849.25,853.3,849.1,852.25,920340
1668149100,852.3,854.45,852.15,853.75,513366
1668150000,853.75,854.0,850.1,850.3,321721
1668150900,850.2,850.5,847.15,847.25,381177
1668151800,847.5,850.05,846.85,849.1,313339
1668152700,849.1,851.0,848.95,850.85,251509
1668153600,850.9,852.3,849.65,850.5,395366
1668154500,850.45,850.5,848.35,850.0,439943
1668155400,850.0,851.65,849.25,850.4,489355
1668156300,850.4,850.95,849.7,849.95,329707
1668157200,850.0,852.0,849.9,851.35,489897
1668158100,851.35,853.35,850.0,850.55,400771
1668159000,850.6,852.35,849.65,849.95,1709916
1668159900,850.0,852.95,849.1,851.95,1870012
1668397500,850.5,853.9,848.4,851.95,907085
1668398400,851.8,852.5,850.15,850.45,286950
1668399300,850.4,850.9,848.3,850.15,207372
1668400200,850.15,850.5,848.35,849.45,141310
1668401100,849.45,850.7,848.4,848.7,195863
1668402000,848.8,849.55,847.35,848.9,131850
1668402900,848.95,849.95,848.0,848.25,248844
1668403800,848.1,850.15,847.5,849.75,181908
1668404700,849.75,850.0,848.45,848.7,143178
1668405600,848.6,850.45,848.5,850.4,113906
1668406500,850.4,850.4,849.55,849.8,111435
1668407400,849.8,850.25,847.9,848.85,147091
1668408300,848.85,850.05,848.85,850.05,152106
1668409200,850.05,850.3,848.55,849.0,184456
1668410100,849.35,849.7,848.3,848.95,221241
1668411000,848.85,850.0,848.15,849.4,210524
1668411900,849.45,851.45,849.15,851.4,344967
1668412800,851.2,851.5,848.35,850.0,629132
1668413700,850.0,851.0,849.55,850.1,342167
1668414600,850.1,851.35,849.95,850.5,224973
1668415500,850.5,851.0,849.5,850.25,173866
1668416400,850.25,850.5,849.6,849.75,173195
1668417300,849.7,850.0,848.7,849.15,224371
1668418200,849.7,851.65,849.35,851.55,690693
1668419100,851.55,852.0,850.95,851.5,531834
1668483900,851.25,854.0,847.55,848.15,390673
1668484800,848.45,849.35,847.2,848.75,212936
1668485700,848.7,849.1,847.5,848.2,233226
1668486600,848.35,851.65,848.1,851.0,180077
1668487500,851.0,851.95,849.65,850.1,207300
1668488400,850.1,851.55,849.3,849.5,280906
1668489300,849.45,850.8,848.75,850.0,278710
1668490200,850.0,850.8,849.4,850.15,250188
1668491100,850.2,851.7,850.0,850.4,115580
1668492000,850.35,851.0,850.0,850.05,124561
1668492900,850.05,850.5,849.1,849.2,149182
1668493800,849.05,850.05,848.75,849.2,208205
1668494700,849.25,850.45,848.9,850.1,149796
1668495600,850.1,850.6,849.0,849.5,154299
1668496500,849.5,850.7,849.35,850.0,173400
1668497400,850.0,850.25,849.15,849.15,102522
1668498300,849.15,850.5,849.1,849.65,131137
1668499200,849.65,851.55,849.25,851.5,144116
1668500100,851.5,851.5,850.05,850.5,540530
1668501000,850.55,851.4,850.0,851.0,191205
1668501900,851.0,857.0,850.55,856.7,783418
1668502800,856.55,858.0,856.1,857.2,472146
1668503700,857.2,858.8,856.25,857.0,355885
1668504600,857.15,859.0,857.15,858.15,507552
1668505500,858.3,859.85,857.75,859.15,768073
1668570300,858.0,861.6,856.2,860.25,988956
1668571200,860.25,860.25,857.4,858.25,282868
1668572100,858.3,859.15,856.7,857.65,370535
1668573000,857.85,858.9,857.4,857.95,160537
1668573900,857.95,858.65,856.55,857.35,175435
1668574800,857.35,857.35,854.55,855.5,266176
1668575700,855.5,857.0,855.0,856.65,141481
1668576600,856.65,856.7,853.15,853.35,150565
1668577500,853.45,854.95,853.3,854.85,221361
1668578400,854.8,856.0,854.3,855.0,142215
1668579300,855.0,855.1,854.05,854.75,162283
1668580200,854.8,854.95,853.3,853.6,122519
1668581100,853.65,853.8,852.0,852.6,210922
1668582000,852.65,853.85,852.4,853.3,237692
1668582900,853.3,854.4,853.25,853.8,166920
1668583800,853.9,854.5,852.25,854.45,184923
1668584700,854.45,854.85,853.15,853.75,217232
1668585600,853.8,856.25,853.4,855.35,202618
1668586500,855.35,857.05,855.25,856.15,184077
1668587400,856.15,856.8,854.45,854.45,132328
1668588300,854.45,855.0,853.2,854.55,257417
1668589200,854.55,855.45,851.0,852.25,267512
1668590100,852.25,856.25,850.6,855.45,342519
1668591000,855.8,856.8,854.9,855.8,413758
1668591900,855.8,856.0,853.1,854.3,503033
1668656700,855.4,861.0,854.2,858.5,758592
1668657600,858.2,861.4,857.5,860.0,313928
1668658500,860.3,860.3,858.05,859.0,202539
1668659400,859.0,859.4,855.65,856.2,185714
1668660300,856.2,856.9,854.55,856.25,202472
1668661200,856.15,856.7,855.0,856.0,80021
1668662100,855.9,856.85,855.05,855.05,71394
1668663000,855.05,855.2,853.55,854.3,131247
1668663900,854.25,854.6,852.7,853.55,153084
1668664800,853.55,856.0,853.55,855.5,96012
1668665700,855.55,856.4,854.85,856.0,121737
1668666600,856.0,859.65,855.95,858.5,196846
1668667500,858.5,858.7,857.0,857.2,80651
1668668400,857.1,858.25,857.0,858.0,72069
1668669300,858.0,859.1,857.5,859.1,75637
1668670200,859.15,860.5,858.35,860.2,182508
1668671100,860.25,860.95,859.55,860.05,143710
1668672000,860.05,860.5,858.7,859.0,272321
1668672900,859.0,859.15,856.6,858.2,238675
1668673800,858.2,859.75,858.0,859.0,143503
1668674700,859.0,860.2,857.5,857.85,232604
1668675600,857.9,859.6,857.3,859.3,133465
1668676500,859.3,860.8,858.5,858.5,198606
1668677400,858.75,859.7,858.15,858.5,257754
1668678300,858.4,858.8,856.5,858.35,344108
1668743100,859.3,865.8,859.05,864.45,849904
1668744000,864.45,864.95,862.3,862.8,376833
1668744900,862.95,863.9,861.0,861.55,301607
1668745800,861.45,865.0,861.35,864.8,354573
1668746700,864.8,864.85,862.55,863.0,153617
1668747600,863.05,863.05,860.35,861.0,230579
1668748500,860.95,862.4,859.3,860.7,197647
1668749400,860.7,863.65,860.0,860.95,479177
1668750300,860.8,862.65,860.0,862.2,323641
1668751200,862.3,862.65,860.7,862.35,145017
1668752100,862.4,863.1,860.8,863.0,181161
1668753000,863.05,864.95,862.1,862.65,357163
1668753900,862.65,863.0,860.15,860.35,245764
1668754800,860.3,861.15,859.35,860.25,253629
1668755700,860.25,861.6,857.0,857.15,359918
1668756600,857.25,858.2,857.0,857.25,239552
1668757500,857.25,859.3,857.25,859.05,173995
1668758400,859.15,859.15,855.55,856.05,219356
1668759300,856.05,856.9,855.0,855.85,175798
1668760200,855.9,857.1,855.4,855.55,154456
1668761100,855.55,857.9,855.3,857.7,153073
1668762000,857.6,857.95,855.55,856.75,188515
1668762900,857.1,857.95,856.45,857.85,161267
1668763800,857.75,859.95,857.65,859.25,339573
1668764700,859.25,860.15,858.45,859.5,418077
1669002300,860.0,864.35,859.0,863.15,871148
1669003200,863.05,865.0,860.4,861.5,440958
1669004100,861.5,864.65,859.55,864.1,411178
1669005000,864.15,866.0,862.35,865.85,341502
1669005900,865.85,867.8,865.1,865.8,368789
1669006800,865.8,867.7,864.4,864.5,494920
1669007700,864.85,866.7,863.05,866.2,303892
1669008600,866.2,866.95,865.0,866.35,185691
1669009500,866.4,867.45,865.85,867.0,169428
1669010400,866.9,868.3,866.0,866.45,195847
1669011300,866.5,868.55,866.1,867.9,207649
1669012200,867.9,868.0,866.3,866.55,174688
1669013100,866.6,868.2,866.55,866.9,147588
1669014000,866.9,868.3,866.5,868.0,173655
1669014900,868.0,869.5,867.75,869.05,216446
1669015800,869.05,869.2,867.0,868.0,170720
1669016700,867.9,868.25,866.5,868.2,129141
1669017600,868.15,868.6,867.05,867.25,111590
1669018500,867.4,868.25,867.25,868.0,113778
1669019400,868.15,868.45,866.0,866.95,146651
1669020300,867.0,868.2,866.3,867.25,217820
1669021200,867.25,867.8,866.4,867.0,117508
1669022100,867.0,868.0,866.6,867.65,143021
1669023000,867.75,870.95,867.0,870.25,607710
1669023900,870.25,870.9,869.3,869.3,728218
1669088700,874.95,875.0,871.65,874.95,818952
1669089600,875.0,875.55,871.75,873.65,438743
1669090500,873.65,874.65,873.55,874.0,208582
1669091400,874.25,875.5,874.0,875.2,214611
1669092300,875.3,877.0,875.0,876.3,293801
1669093200,876.3,876.3,874.5,875.15,175227
1669094100,874.75,875.4,873.45,874.75,250528
1669095000,874.75,875.65,874.3,874.75,196088
1669095900,874.8,874.85,872.25,873.0,218998
1669096800,873.0,873.85,870.75,871.1,252498
1669097700,871.1,871.95,868.35,870.35,236803
1669098600,870.3,870.7,868.35,869.45,158992
1669099500,869.3,869.45,868.5,868.5,88372
1669100400,868.55,870.5,868.5,869.85,131562
1669101300,869.85,870.3,869.0,869.9,69600
1669102200,869.9,871.6,869.5,870.35,103196
1669103100,870.5,870.8,868.65,870.0,114115
1669104000,869.95,870.45,869.5,870.4,61164
1669104900,870.45,870.65,869.05,869.95,97648
1669105800,869.9,870.3,868.8,869.55,119963
1669106700,869.55,870.3,869.5,870.3,109173
1669107600,870.3,870.5,869.5,869.75,129057
1669108500,869.75,870.5,868.65,869.75,215739
1669109400,869.6,871.3,869.25,870.1,364673
1669110300,870.1,870.5,869.0,869.8,417576
1669175100,873.9,873.9,868.75,870.7,608335
1669176000,870.95,872.8,870.15,872.55,305674
1669176900,872.55,874.85,870.6,874.0,475310
1669177800,874.0,874.5,872.7,874.0,152024
1669178700,874.05,874.45,872.7,873.3,108631
1669179600,873.25,873.7,872.3,873.5,104728
1669180500,873.5,875.15,873.1,874.45,387932
1669181400,874.45,874.85,874.05,874.85,119671
1669182300,874.85,874.85,872.0,874.15,323540
1669183200,874.15,874.85,873.75,874.85,232552
1669184100,874.8,876.4,874.75,876.35,323999
1669185000,876.4,877.5,875.65,877.4,216833
1669185900,877.45,877.8,875.55,876.45,299634
1669186800,876.5,877.0,875.45,876.3,103686
1669187700,876.25,876.5,875.6,875.8,77207
1669188600,875.75,876.2,874.25,874.75,135871
1669189500,874.8,875.45,874.1,874.2,111470
1669190400,874.15,876.0,874.0,876.0,138168
1669191300,876.0,876.7,875.1,876.5,192324
1669192200,876.5,876.9,875.8,876.2,153504
1669193100,876.25,876.6,875.85,876.2,120564
1669194000,876.2,876.2,874.5,876.1,126206
1669194900,876.15,877.2,875.9,877.0,225434
1669195800,877.0,877.0,874.25,874.65,413501
1669196700,874.65,874.95,873.0,874.3,397253
1669261500,878.0,879.8,877.0,879.4,685617
1669262400,879.3,879.5,877.6,878.15,165014
1669263300,878.15,878.9,877.0,878.55,154593
1669264200,878.55,878.9,877.3,877.4,111911
1669265100,877.4,878.2,876.25,877.55,132766
1669266000,877.55,878.15,877.3,877.75,93679
1669266900,877.6,879.45,877.35,878.75,127481
1669267800,878.8,878.85,878.05,878.7,99431
1669268700,878.7,879.0,877.7,878.9,89762
1669269600,878.85,879.7,878.75,879.4,186557
1669270500,879.35,879.5,877.6,878.15,206410
1669271400,878.35,879.2,877.5,878.4,182433
1669272300,878.4,879.0,877.85,878.35,241917
1669273200,878.35,878.75,876.6,877.45,150133
1669274100,877.5,877.55,876.35,876.8,128030
1669275000,876.8,877.45,875.4,875.85,129348
1669275900,875.85,876.05,873.1,874.3,219058
1669276800,874.3,874.85,873.5,874.0,129888
1669277700,874.0,876.45,873.8,876.35,130213
1669278600,876.45,877.2,875.7,877.1,125636
1669279500,877.1,877.2,874.65,875.05,136670
1669280400,875.05,876.0,874.7,875.25,127148
1669281300,875.4,875.8,874.1,875.0,173878
1669282200,875.0,879.4,874.85,879.05,486632
1669283100,879.1,880.8,877.2,880.5,501077
1669347900,883.0,891.5,880.9,890.95,1416297
1669348800,890.4,891.8,886.3,887.65,713112
1669349700,887.7,889.0,886.5,887.85,290815
1669350600,887.9,888.2,885.0,885.3,308027
1669351500,885.6,887.25,885.15,887.2,212024
1669352400,887.15,889.8,886.95,889.4,246771
1669353300,889.4,889.5,887.8,889.25,159872
1669354200,889.25,889.8,885.9,886.0,202309
1669355100,885.85,887.6,884.7,885.15,170156
1669356000,885.15,885.75,882.75,883.4,237173
1669356900,883.4,883.45,881.95,882.65,251164
1669357800,882.65,883.85,881.8,883.15,192611
1669358700,883.1,885.4,882.9,885.1,289994
1669359600,885.1,885.75,884.4,885.1,309112
1669360500,885.1,888.4,885.0,888.4,256832
1669361400,888.25,888.45,886.15,887.55,180818
1669362300,887.55,887.8,885.25,885.8,124566
1669363200,885.5,887.3,885.2,887.0,188909
1669364100,887.0,889.3,887.0,888.5,249995
1669365000,888.7,889.35,886.0,886.65,174577
1669365900,886.3,888.0,885.05,888.0,247322
1669366800,888.0,889.65,887.85,888.7,257704
1669367700,888.6,889.2,886.55,888.75,187235
1669368600,888.6,889.5,886.0,888.2,318011
1669369500,888.2,888.75,886.5,887.0,410721
1669607100,887.7,890.0,885.3,886.9,510081
1669608000,886.5,891.35,886.5,891.0,420089
1669608900,890.95,891.7,888.45,888.9,283540
1669609800,888.9,889.55,887.55,888.9,183247
1669610700,888.9,891.15,888.8,890.25,200948
1669611600,890.25,893.8,890.0,893.6,406930
1669612500,893.65,893.75,891.6,893.15,333342
1669613400,893.15,893.3,891.55,892.75,347946
1669614300,892.8,893.3,892.45,892.55,214299
1669615200,892.75,895.5,892.45,894.5,381995
1669616100,894.35,895.7,894.25,895.5,221930
1669617000,895.5,896.5,895.05,895.75,230974
1669617900,895.75,896.25,895.0,895.55,190692
1669618800,895.65,896.3,895.4,896.0,218071
1669619700,896.0,897.85,895.75,897.5,261774
1669620600,897.5,898.25,896.15,897.85,360825
1669621500,897.8,898.0,896.8,897.25,472141
1669622400,897.2,899.5,897.05,899.45,369006
1669623300,899.4,899.45,896.15,897.0,280292
1669624200,896.85,897.2,895.5,896.2,206115
1669625100,896.2,897.15,895.15,896.75,215182
1669626000,896.55,896.7,893.5,893.9,304200
1669626900,894.0,896.2,893.45,895.75,289118
1669627800,895.8,895.8,891.1,891.2,455200
1669628700,891.1,892.9,888.8,892.9,550866
1669693500,894.4,898.5,892.3,898.05,599927
1669694400,898.0,898.05,896.0,896.15,392278
1669695300,896.15,897.8,894.95,897.75,527738
1669696200,897.8,899.9,897.4,899.9,338211
1669697100,899.9,901.9,899.1,900.2,508243
1669698000,900.2,900.4,898.65,900.15,215925
1669698900,900.1,900.25,898.0,898.6,196651
1669699800,898.6,899.2,897.35,898.45,153394
1669700700,898.45,899.05,897.1,897.5,139450
1669701600,897.5,897.85,896.5,896.75,126519
1669702500,896.9,897.1,895.3,896.2,128277
1669703400,896.45,898.1,895.9,898.0,151248
1669704300,898.0,898.0,895.5,896.0,98991
1669705200,895.95,897.15,895.45,897.05,149447
1669706100,896.9,897.3,895.5,896.35,116811
1669707000,896.4,896.8,893.8,894.5,175912
1669707900,894.45,895.15,893.25,893.75,115969
1669708800,893.8,895.5,893.6,895.2,119418
1669709700,895.4,896.85,894.7,896.05,145802
1669710600,896.15,897.0,895.35,895.65,123194
1669711500,895.75,896.3,894.0,894.45,130035
1669712400,894.5,895.15,892.8,893.4,158143
1669713300,893.45,894.6,892.95,894.1,190599
1669714200,894.15,894.45,892.7,893.35,310197
1669715100,893.5,893.65,890.0,892.0,339100
1669779900,895.0,895.8,892.35,893.1,449969
1669780800,893.1,893.55,890.65,891.25,308339
1669781700,891.25,891.6,889.4,890.85,247654
1669782600,890.85,892.0,889.9,890.35,105654
1669783500,890.35,890.4,888.3,888.6,154294
1669784400,888.6,891.35,888.6,890.6,230334
1669785300,890.6,891.8,890.6,891.5,336794
1669786200,891.5,893.2,890.75,891.85,311072
1669787100,891.85,892.0,887.5,887.65,206154
1669788000,888.05,888.4,886.5,887.55,203295
1669788900,887.55,888.2,887.0,887.4,102426
1669789800,887.35,887.55,886.05,886.1,126838
1669790700,886.1,886.8,885.45,886.35,110417
1669791600,886.25,887.0,885.6,886.8,114586
1669792500,886.9,889.0,886.0,888.55,139281
1669793400,888.65,891.75,888.5,891.7,180735
1669794300,891.7,892.3,891.0,891.8,185880
1669795200,891.9,892.0,890.0,890.7,191108
1669796100,890.7,893.7,890.65,893.25,200320
1669797000,893.25,896.0,893.25,896.0,289180
1669797900,895.9,896.75,894.9,896.6,291277
1669798800,896.5,897.2,895.35,896.45,367212
1669799700,896.45,897.9,894.65,895.15,291513
1669800600,895.75,903.85,895.3,903.3,2452432
1669801500,903.3,905.1,897.55,899.5,2846331
1669866300,909.5,909.5,899.5,900.65,849891
1669867200,900.65,902.8,899.65,901.8,276057
1669868100,902.0,902.9,901.25,902.0,144424
1669869000,902.1,902.8,901.95,902.65,112609
1669869900,902.65,904.5,902.25,903.65,157654
1669870800,903.6,903.6,902.7,903.05,140258
1669871700,903.15,905.65,902.9,904.8,208754
1669872600,904.95,905.8,904.5,905.65,209845
1669873500,905.65,905.8,904.3,904.85,295327
1669874400,904.8,905.4,904.35,904.35,132830
1669875300,904.35,905.7,904.25,905.7,170496
1669876200,905.7,907.3,905.2,906.9,313681
1669877100,906.6,907.9,906.45,907.15,184408
1669878000,907.15,907.6,905.45,907.25,181585
1669878900,907.25,907.4,905.85,907.0,188338
1669879800,906.65,907.4,905.85,907.35,175497
1669880700,907.35,907.7,904.55,905.25,334611
1669881600,905.25,906.7,903.95,906.1,340114
1669882500,906.1,906.8,904.45,905.5,387446
1669883400,905.2,907.75,905.2,907.25,231241
1669884300,907.15,907.85,906.25,907.2,291248
1669885200,907.2,907.5,904.5,905.35,441188
1669886100,905.35,906.25,904.5,905.5,263340
1669887000,905.5,905.6,904.0,905.2,495779
1669887900,905.1,905.5,899.85,901.0,476146
1669952700,898.3,900.9,896.0,897.0,800920
1669953600,897.2,897.8,892.8,893.1,366246
1669954500,892.7,893.4,891.4,892.9,406877
1669955400,892.9,894.45,892.1,892.55,183908
1669956300,892.35,894.65,892.25,894.35,167193
1669957200,894.35,895.95,893.85,895.75,197025
1669958100,895.75,896.0,894.75,895.45,176684
1669959000,895.45,897.0,895.4,896.8,183572
1669959900,896.8,898.5,896.55,898.5,271368
1669960800,898.45,899.45,895.9,896.85,260588
1669961700,896.8,897.1,895.1,895.9,222069
1669962600,895.9,896.35,895.65,895.65,133937
1669963500,895.7,896.2,893.05,895.45,315464
1669964400,895.0,896.0,894.85,895.95,119573
1669965300,896.0,896.0,893.55,894.7,608314
1669966200,894.7,898.0,894.55,897.9,161815
1669967100,897.9,900.0,897.7,898.5,270906
1669968000,898.35,899.3,897.5,899.3,200205
1669968900,899.25,900.15,898.95,899.4,250725
1669969800,899.4,900.5,898.15,898.25,242091
1669970700,898.25,900.2,896.9,899.35,242893
1669971600,899.25,900.2,898.65,899.65,236928
1669972500,899.65,902.45,898.75,901.95,392311
1669973400,902.0,905.75,901.9,905.45,733174
1669974300,905.45,907.0,905.0,905.05,820580
1670211900,907.0,907.3,900.95,901.15,439173
1670212800,901.15,902.25,899.85,900.55,190569
1670213700,900.55,901.4,899.25,900.65,147845
1670214600,900.65,900.75,899.1,899.6,105197
1670215500,899.6,900.0,899.0,899.8,71601
1670216400,899.7,902.0,899.7,900.3,95538
1670217300,900.3,900.6,899.1,900.55,101966
1670218200,900.55,902.4,899.65,902.15,131612
1670219100,902.25,903.45,900.1,900.1,149334
1670220000,900.1,900.35,899.25,900.1,109958
1670220900,900.1,900.95,900.0,900.45,87782
1670221800,900.45,902.0,900.2,901.6,115098
1670222700,901.6,903.3,901.0,903.0,345844
1670223600,903.0,903.3,902.05,902.3,102038
1670224500,902.2,902.95,901.55,901.75,99700
1670225400,901.6,902.15,901.1,901.2,70908
1670226300,901.2,901.75,900.2,901.3,116042
1670227200,901.25,901.65,899.9,900.9,187528
1670228100,900.9,901.8,900.0,900.5,100662
1670229000,900.55,902.5,900.05,901.4,127773
1670229900,901.4,901.4,900.0,900.6,342836
1670230800,900.6,901.4,900.0,900.5,236002
1670231700,900.7,900.9,899.1,899.95,283579
1670232600,899.9,900.45,897.6,899.75,583519
1670233500,899.75,900.25,898.5,898.85,742822
1670211900,907.0,907.3,900.95,901.15,439173
1670212800,901.15,902.25,899.85,900.55,190569
1670213700,900.55,901.4,899.25,900.65,147845
1670214600,900.65,900.75,899.1,899.6,105197
1670215500,899.6,900.0,899.0,899.8,71601
1670216400,899.7,902.0,899.7,900.3,95538
1670217300,900.3,900.6,899.1,900.55,101966
1670218200,900.55,902.4,899.65,902.15,131612
1670219100,902.25,903.45,900.1,900.1,149334
1670220000,900.1,900.35,899.25,900.1,109958
1670220900,900.1,900.95,900.0,900.45,87782
1670221800,900.45,902.0,900.2,901.6,115098
1670222700,901.6,903.3,901.0,903.0,345844
1670223600,903.0,903.3,902.05,902.3,102038
1670224500,902.2,902.95,901.55,901.75,99700
1670225400,901.6,902.15,901.1,901.2,70908
1670226300,901.2,901.75,900.2,901.3,116042
1670227200,901.25,901.65,899.9,900.9,187528
1670228100,900.9,901.8,900.0,900.5,100662
1670229000,900.55,902.5,900.05,901.4,127773
1670229900,901.4,901.4,900.0,900.6,342836
1670230800,900.6,901.4,900.0,900.5,236002
1670231700,900.7,900.9,899.1,899.95,283579
1670232600,899.9,900.45,897.6,899.75,583519
1670233500,899.75,900.25,898.5,898.85,742822
1670298300,897.5,903.2,897.5,902.0,446277
1670299200,901.95,902.5,900.1,901.45,137860
1670300100,901.4,904.85,901.0,904.8,174475
1670301000,904.8,905.0,903.4,904.95,137423
1670301900,904.95,905.8,902.75,905.3,172919
1670302800,905.3,905.3,903.45,904.2,142192
1670303700,904.0,904.5,902.15,902.5,95166
1670304600,902.7,902.95,901.1,901.35,90859
1670305500,901.35,902.0,900.25,901.0,131495
1670306400,901.05,901.1,899.05,899.2,128050
1670307300,899.25,899.25,896.7,897.55,276099
1670308200,897.5,898.0,895.7,896.2,294692
1670309100,896.25,899.0,896.2,898.5,120479
1670310000,898.5,899.0,896.55,897.85,151661
1670310900,897.75,899.7,897.7,899.45,183222
1670311800,899.45,900.6,899.2,900.25,204684
1670312700,900.65,901.3,898.0,898.75,362681
1670313600,898.8,900.95,898.3,900.85,174027
1670314500,900.8,901.9,898.35,898.75,206268
1670315400,898.8,900.4,898.75,899.85,179945
1670316300,899.75,901.2,899.15,899.7,191069
1670317200,899.9,901.5,899.15,901.5,171108
1670318100,901.5,903.5,900.9,903.3,273858
1670319000,903.3,905.0,903.3,904.8,444989
1670319900,904.85,906.9,904.1,906.0,451400
1670384700,902.8,907.6,902.8,903.3,430189
1670385600,903.25,905.0,902.5,904.2,225641
1670386500,904.25,907.35,904.0,906.6,363844
1670387400,906.6,909.45,906.25,907.35,387838
1670388300,907.45,909.0,907.35,908.0,207164
1670389200,907.95,908.75,905.95,906.7,241778
1670390100,906.85,907.15,902.6,903.4,274962
1670391000,903.25,903.5,899.85,902.75,302055
1670391900,902.95,903.0,901.4,901.85,179305
1670392800,902.0,904.7,901.4,904.5,199231
1670393700,904.4,905.0,903.9,904.75,166400
1670394600,904.75,905.25,904.3,905.0,207357
1670395500,904.95,905.2,904.0,904.7,141601
1670396400,904.65,906.45,904.5,904.85,272525
1670397300,904.8,908.9,904.8,908.1,298334
1670398200,908.05,909.0,906.8,907.7,258773
1670399100,907.7,918.0,907.5,916.45,896378
1670400000,916.4,917.55,914.8,915.3,354629
1670400900,915.35,916.0,914.1,915.25,258083
1670401800,915.3,915.35,913.7,915.2,319733
1670402700,915.25,916.25,914.25,916.15,370479
1670403600,916.1,916.2,914.25,915.2,335782
1670404500,915.1,915.75,913.4,914.5,1040098
1670405400,914.6,915.5,914.2,915.0,648124
1670406300,915.0,915.0,912.25,913.0,701863
1670471100,915.65,921.45,913.75,920.55,1139649
1670472000,920.6,924.0,920.55,923.5,754809
1670472900,923.5,926.0,923.4,925.85,691181
1670473800,925.9,927.8,923.55,927.2,695733
1670474700,927.4,930.9,926.55,930.2,925292
1670475600,930.15,931.55,927.8,929.55,421054
1670476500,929.55,930.8,929.5,930.15,359394
1670477400,930.0,934.15,930.0,934.0,583504
1670478300,934.1,938.7,932.8,937.15,1198575
1670479200,937.1,938.45,935.8,937.0,700482
1670480100,937.0,937.45,933.3,934.4,378465
1670481000,934.3,934.5,932.5,932.85,409699
1670481900,932.85,934.4,931.5,932.5,343747
1670482800,932.35,933.5,930.65,931.95,348535
1670483700,931.75,933.1,930.9,933.0,591533
1670484600,933.0,933.45,931.1,931.85,511709
1670485500,931.85,935.4,931.65,933.65,576614
1670486400,933.7,937.2,932.7,935.25,893177
1670487300,935.4,937.1,935.05,936.45,510235
1670488200,936.4,937.4,935.5,937.4,633021
1670489100,937.2,939.3,937.2,937.25,507885
1670490000,937.25,937.75,935.5,937.5,472399
1670490900,937.2,938.0,935.75,936.6,392789
1670491800,936.75,937.3,935.75,936.35,1090812
1670492700,936.35,943.95,936.2,940.0,2316986
1670557500,944.0,945.0,936.0,936.0,832533
1670558400,936.05,939.4,934.2,939.0,442951
1670559300,939.0,939.2,934.5,937.35,222041
1670560200,937.45,940.5,937.35,937.6,417667
1670561100,937.9,939.35,936.15,936.2,279851
1670562000,936.2,936.2,933.9,934.35,199789
1670562900,934.35,935.85,932.45,933.45,206666
1670563800,933.45,934.3,932.0,932.6,225687
1670564700,932.85,933.2,932.0,932.55,164253
1670565600,932.6,934.65,932.6,933.8,141773
1670566500,933.8,935.8,933.75,935.65,131897
1670567400,935.9,937.5,933.75,934.1,217870
1670568300,934.15,935.1,932.6,932.9,157905
1670569200,932.95,935.45,931.3,934.65,414494
1670570100,934.8,935.35,933.2,935.0,334255
1670571000,934.8,936.6,934.45,935.3,202106
1670571900,935.0,935.25,932.5,934.2,178297
1670572800,934.0,935.25,932.85,933.6,157584
1670573700,933.6,935.5,933.0,934.1,284517
1670574600,934.1,936.0,933.0,934.0,284794
1670575500,934.15,934.45,927.6,927.9,403952
1670576400,927.9,930.85,927.8,930.7,391920
1670577300,930.7,933.6,930.05,931.45,330116
1670578200,931.45,935.3,931.3,935.0,705802
1670579100,934.95,935.1,931.0,931.5,585770
1670816700,929.9,931.0,925.1,925.65,440513
1670817600,925.55,928.5,924.05,926.35,261160
1670818500,926.3,927.55,924.0,924.5,221485
1670819400,924.4,926.5,922.8,922.8,216952
1670820300,922.8,926.5,922.0,926.4,140659
1670821200,926.15,929.1,926.15,927.65,203812
1670822100,927.6,928.75,927.6,927.75,377277
1670823000,927.75,928.8,927.6,927.9,168755
1670823900,927.9,928.9,926.8,928.0,192745
1670824800,928.1,929.0,927.45,928.45,170642
1670825700,928.45,928.8,927.6,928.8,111715
1670826600,928.65,937.95,928.65,937.3,676735
1670827500,937.45,939.0,935.55,937.85,423981
1670828400,937.85,938.9,936.0,937.3,313607
1670829300,937.15,938.8,936.65,938.25,202510
1670830200,938.25,939.85,938.05,938.8,260443
1670831100,938.3,939.0,935.6,935.8,262425
1670832000,935.75,937.0,934.6,935.6,130751
1670832900,935.4,939.0,935.3,938.75,209181
1670833800,938.75,939.35,937.9,938.75,115998
1670834700,938.55,938.8,935.3,936.35,329292
1670835600,936.05,938.95,935.9,937.7,252182
1670836500,937.7,938.95,936.65,937.3,260231
1670837400,937.3,941.15,937.2,938.35,864991
1670838300,938.4,939.2,937.5,938.8,804367
1670903100,940.2,944.5,936.6,943.8,1025884
1670904000,943.2,948.2,942.55,947.95,1020794
1670904900,947.85,948.5,946.1,948.15,706128
1670905800,948.1,949.3,946.95,947.45,538388
1670906700,947.45,948.45,946.45,948.2,276406
1670907600,948.15,948.3,945.35,946.45,291015
1670908500,946.45,948.15,945.6,948.05,201091
1670909400,948.05,948.1,947.05,947.2,125450
1670910300,947.2,948.2,947.1,948.2,132843
1670911200,948.0,948.2,946.4,946.7,173406
1670912100,946.65,948.0,946.5,947.9,139482
1670913000,947.55,948.2,947.2,947.4,252186
1670913900,947.5,947.55,944.25,945.0,207886
1670914800,945.0,945.65,943.8,943.85,191300
1670915700,943.85,944.05,942.8,942.85,495634
1670916600,942.8,944.85,941.35,944.6,219273
1670917500,944.6,945.0,943.3,944.5,112920
1670918400,944.5,944.6,942.25,943.4,174331
1670919300,943.5,944.5,942.55,944.3,121508
1670920200,944.3,944.3,942.65,943.9,159618
1670921100,943.9,944.9,943.35,944.6,134609
1670922000,944.6,945.8,943.75,944.25,165919
1670922900,944.3,945.3,943.95,944.05,157114
1670923800,944.05,945.4,943.65,944.35,499493
1670924700,944.35,945.75,943.25,943.8,524168
1670989500,945.65,948.75,942.0,948.2,513860
1670990400,948.25,949.0,946.75,947.3,1008819
1670991300,947.3,948.8,946.3,947.5,201286
1670992200,947.35,947.9,945.45,947.35,154901
1670993100,947.05,948.3,946.45,947.4,209947
1670994000,947.4,948.25,946.45,947.35,159489
1670994900,947.35,947.5,946.5,947.05,138041
1670995800,946.8,947.5,945.55,946.35,205891
1670996700,946.35,947.6,946.1,947.4,169220
1670997600,947.4,948.0,947.05,947.5,225706
1670998500,947.5,948.45,947.4,948.0,258470
1670999400,948.0,950.15,947.75,949.3,438916
1671000300,949.1,949.4,948.55,948.6,238058
1671001200,948.65,948.7,947.25,948.0,380552
1671002100,948.0,949.0,947.55,948.1,129982
1671003000,948.1,948.1,944.7,945.5,254160
1671003900,945.5,946.35,942.2,943.75,346881
1671004800,943.75,944.5,941.5,944.3,275589
1671005700,944.4,944.5,941.55,942.1,192880
1671006600,942.1,942.25,940.6,941.0,190034
1671007500,941.0,941.7,940.35,940.9,195796
1671008400,940.9,941.45,938.5,939.05,320168
1671009300,939.35,941.3,938.85,941.3,434385
1671010200,941.4,943.3,940.65,942.5,1000408
1671011100,942.5,943.5,941.85,942.0,912968
1671075900,939.75,942.4,937.8,941.8,2008053
1671076800,941.75,943.5,941.15,943.5,156080
1671077700,943.95,944.45,941.55,941.7,142512
1671078600,942.0,942.15,939.75,940.0,231001
1671079500,940.05,941.3,939.95,940.0,157232
1671080400,940.0,940.05,937.05,938.0,249252
1671081300,937.9,939.8,937.65,938.7,98452
1671082200,938.7,941.0,938.5,940.25,135668
1671083100,940.2,940.5,939.2,939.6,146125
1671084000,939.55,940.35,938.0,940.1,260711
1671084900,940.1,942.05,939.55,940.9,174765
1671085800,940.9,941.7,938.6,938.6,160859
1671086700,938.5,939.95,938.5,939.35,101085
1671087600,939.35,939.8,937.9,938.85,109077
1671088500,938.85,939.55,937.8,939.5,96096
1671089400,939.4,939.6,938.0,938.55,90019
1671090300,938.5,940.65,938.5,939.9,117780
1671091200,939.8,941.75,939.65,941.05,157379
1671092100,941.0,942.15,941.0,942.05,183900
1671093000,942.1,944.0,941.05,943.6,328148
1671093900,943.6,944.95,939.9,939.95,303412
1671094800,939.85,942.2,939.65,940.5,254828
1671095700,940.25,941.85,937.4,938.9,462461
1671096600,939.0,940.35,937.35,938.4,429096
1671097500,938.3,940.4,932.6,936.0,793749
1671162300,932.25,943.95,931.75,942.65,588398
1671163200,942.65,945.2,940.15,941.25,518837
1671164100,941.15,941.9,938.0,938.8,267286
1671165000,938.85,939.7,934.0,934.05,284869
1671165900,933.6,934.45,930.6,931.85,211917
1671166800,931.6,935.0,931.6,932.55,136108
1671167700,932.65,936.1,932.55,935.1,140099
1671168600,935.0,936.95,933.5,936.55,197995
1671169500,936.5,937.2,935.05,935.9,85822
1671170400,935.9,935.9,932.25,933.3,152399
1671171300,933.25,934.0,930.15,930.6,218273
1671172200,931.0,932.45,929.1,931.8,227887
1671173100,931.8,933.95,931.45,933.7,181698
1671174000,933.8,935.4,932.5,935.1,181194
1671174900,935.2,937.75,934.65,935.35,200421
1671175800,935.45,937.45,935.25,935.9,180348
1671176700,935.9,938.0,935.7,935.8,155945
1671177600,935.8,936.9,932.7,933.0,186050
1671178500,932.9,935.35,932.5,933.1,165493
1671179400,933.2,936.35,933.0,934.55,156011
1671180300,934.4,934.8,932.35,932.9,147615
1671181200,932.9,933.5,931.5,932.65,151925
1671182100,932.65,933.55,931.4,932.4,205307
1671183000,932.3,936.25,932.3,933.85,1050239
1671183900,933.8,936.75,933.65,935.05,917455
1671421500,935.1,937.95,934.05,936.0,357124
1671422400,936.1,936.9,934.5,935.0,129289
1671423300,935.0,937.5,932.4,936.1,156173
1671424200,936.35,939.6,936.15,938.9,207234
1671425100,938.9,940.0,938.25,939.55,179714
1671426000,939.9,941.0,939.5,940.65,233639
1671426900,940.7,942.35,940.45,941.95,185566
1671427800,942.0,944.0,941.85,943.9,176742
1671428700,943.9,944.0,942.6,942.95,160016
1671429600,942.95,943.9,942.5,943.0,120057
1671430500,942.9,943.0,941.5,942.45,154886
1671431400,942.45,942.7,941.25,942.3,97852
1671432300,942.3,942.7,941.8,942.4,74851
1671433200,942.65,943.25,941.6,942.45,137824
1671434100,942.45,942.75,940.9,941.8,128913
1671435000,941.75,941.75,939.55,940.0,167507
1671435900,940.05,942.55,939.9,941.75,115615
1671436800,941.7,943.0,941.7,942.95,92458
1671437700,942.65,944.9,942.65,942.85,142182
1671438600,942.85,943.7,941.6,943.3,85316
1671439500,943.3,945.45,943.3,944.15,197392
1671440400,944.4,946.9,943.65,945.85,215966
1671441300,945.6,947.0,945.35,946.0,184368
1671442200,945.9,946.75,944.1,946.45,534919
1671443100,946.45,948.1,945.0,948.0,596589
1671507900,943.75,952.75,942.5,948.9,989865
1671508800,948.7,949.95,946.65,949.4,681633
1671509700,949.4,949.5,944.65,945.15,482234
1671510600,945.25,949.45,944.05,947.65,594040
1671511500,947.7,949.3,947.45,948.35,266696
1671512400,948.35,949.0,947.7,948.55,204615
1671513300,948.5,950.25,946.6,947.5,295614
1671514200,947.65,948.0,943.55,945.35,269660
1671515100,945.3,945.3,941.5,941.7,345531
1671516000,941.7,942.5,940.45,940.8,309629
1671516900,940.8,944.05,940.5,943.4,284276
1671517800,943.35,945.95,943.25,944.15,237866
1671518700,944.15,945.35,943.25,943.8,279007
1671519600,943.75,946.55,943.7,944.75,227981
1671520500,944.75,945.55,943.35,944.7,156363
1671521400,944.75,945.7,943.8,944.2,207782
1671522300,944.0,946.35,943.95,945.1,240320
1671523200,945.05,945.6,943.45,943.95,203864
1671524100,944.15,945.05,942.15,943.3,755220
1671525000,943.2,944.5,942.8,944.0,259654
1671525900,943.75,949.4,943.7,948.75,371616
1671526800,948.65,949.1,946.85,948.45,258872
1671527700,948.45,949.2,947.0,948.6,225910
1671528600,948.75,950.95,947.25,950.3,706803
1671529500,950.35,952.5,949.35,952.0,642066
1671594300,953.1,958.9,953.0,957.2,1068697
1671595200,957.2,958.2,954.55,956.6,544567
1671596100,956.5,957.8,955.35,956.2,252411
1671597000,956.25,956.8,955.0,955.3,211252
1671597900,955.3,955.6,951.75,952.0,293617
1671598800,952.2,953.5,951.1,952.65,267223
1671599700,952.65,953.5,950.2,950.55,250556
1671600600,950.5,951.3,948.75,950.7,256344
1671601500,950.75,950.95,949.7,950.3,150857
1671602400,950.3,952.0,950.25,951.9,143126
1671603300,951.9,952.4,950.95,951.0,112806
1671604200,951.0,951.4,948.3,949.0,150331
1671605100,949.0,949.05,946.3,947.7,191289
1671606000,947.75,947.75,944.3,945.3,365687
1671606900,945.35,945.55,941.25,941.7,236367
1671607800,942.1,943.9,941.0,943.25,464391
1671608700,943.2,943.4,936.05,937.9,649422
1671609600,937.9,941.0,937.85,938.75,161751
1671610500,938.75,940.0,928.0,930.3,491923
1671611400,931.0,937.6,928.55,936.0,336250
1671612300,936.1,937.95,932.0,937.15,215291
1671613200,936.75,938.05,935.0,937.55,228760
1671614100,937.55,938.0,933.05,933.25,266828
1671615000,933.35,935.65,931.1,932.3,528773
1671615900,932.45,932.75,930.5,931.45,492431
1671680700,936.0,936.0,923.25,923.7,895868
1671681600,923.3,925.5,921.75,922.25,998767
1671682500,922.25,924.3,921.4,921.4,788785
1671683400,921.4,922.1,914.55,914.95,783775
1671684300,914.75,918.4,912.95,915.55,539098
1671685200,915.55,918.05,913.45,917.5,324070
1671686100,917.35,920.0,917.35,919.25,244438
1671687000,919.0,920.8,916.55,920.25,297690
1671687900,920.1,924.2,918.1,918.8,368434
1671688800,918.75,919.2,916.15,918.6,261807
1671689700,918.7,918.7,915.0,917.35,336123
1671690600,917.35,917.65,915.15,917.25,146145
1671691500,917.1,918.0,914.9,915.2,263478
1671692400,915.0,916.5,914.35,914.95,270869
1671693300,914.95,916.9,914.6,916.75,207892
1671694200,916.75,920.0,915.75,917.05,228490
1671695100,917.0,920.5,916.75,918.1,190212
1671696000,918.25,919.9,917.7,919.8,104437
1671696900,919.9,921.3,918.75,920.5,174693
1671697800,920.3,923.7,920.15,922.75,187805
1671698700,922.8,923.7,920.05,921.55,259393
1671699600,921.55,923.0,918.6,918.8,222799
1671700500,919.3,919.95,917.25,918.35,229116
1671701400,918.4,921.5,917.6,921.0,445047
1671702300,921.0,921.2,917.2,917.65,411962
1671767100,912.0,917.25,911.35,913.95,545525
1671768000,913.5,915.85,912.9,913.3,178774
1671768900,913.1,913.3,910.1,910.55,368749
1671769800,910.65,911.8,909.1,909.75,240411
1671770700,909.95,912.0,909.35,911.1,252092
1671771600,911.1,913.0,910.3,912.1,190717
1671772500,912.3,912.35,908.15,910.5,192325
1671773400,910.6,912.4,910.6,912.35,77429
1671774300,912.45,912.7,911.35,911.4,183611
1671775200,911.4,912.5,910.6,910.6,101194
1671776100,910.95,911.0,906.0,908.5,408034
1671777000,908.5,909.25,907.6,908.35,293373
1671777900,908.35,909.95,906.6,909.65,163575
1671778800,909.65,910.0,907.65,908.9,82957
1671779700,908.75,909.6,907.5,908.2,142555
1671780600,908.25,910.6,906.95,909.1,242303
1671781500,909.0,910.4,908.5,908.9,135207
1671782400,909.25,909.4,907.05,907.95,181526
1671783300,907.95,908.95,906.5,907.9,188867
1671784200,907.85,909.95,907.0,907.1,234985
1671785100,907.0,908.3,905.5,907.0,421390
1671786000,907.0,909.65,907.0,909.2,313662
1671786900,909.2,909.5,907.85,908.8,208155
1671787800,908.7,908.75,904.0,906.6,528696
1671788700,906.65,908.5,905.35,908.0,475682
1672026300,908.0,911.0,905.1,909.3,393480
1672027200,909.0,915.0,909.0,914.95,338123
1672028100,915.0,916.8,912.35,913.6,334197
1672029000,913.65,916.65,912.55,915.9,278163
1672029900,915.9,916.3,914.15,915.95,76848
1672030800,915.95,920.5,915.5,918.0,253216
1672031700,917.75,918.0,915.0,916.5,96262
1672032600,916.6,916.65,915.0,915.1,84960
1672033500,915.35,920.3,915.0,918.15,227961
1672034400,918.3,922.5,918.1,922.5,142888
1672035300,922.5,923.3,920.75,920.9,63312
1672036200,920.9,926.8,920.75,925.45,242020
1672037100,925.65,926.05,923.2,923.5,181455
1672038000,923.5,924.0,922.1,923.65,103964
1672038900,923.45,924.45,922.15,923.4,100535
1672039800,923.4,924.95,923.2,924.3,97443
1672040700,924.25,925.3,923.35,924.85,124440
1672041600,924.95,926.55,924.95,925.9,126641
1672042500,925.85,925.95,925.0,925.2,111162
1672043400,925.45,927.25,925.0,927.0,152963
1672044300,927.0,929.0,926.0,928.45,192800
1672045200,928.9,932.95,928.1,930.85,389647
1672046100,930.5,931.7,929.1,930.55,214863
1672047000,930.85,931.4,926.1,927.35,165761
1672047900,927.1,930.15,926.65,930.0,259705
1672112700,932.45,937.8,929.15,929.55,310517
1672113600,929.5,929.7,923.0,924.5,300522
1672114500,924.2,925.25,922.6,923.75,158651
1672115400,923.9,927.65,922.75,927.15,142812
1672116300,927.2,928.4,925.05,927.15,99591
1672117200,927.1,927.7,926.2,926.6,81707
1672118100,926.6,928.45,925.7,928.0,121292
1672119000,927.95,929.4,925.05,927.25,105815
1672119900,927.15,929.3,925.7,927.25,86206
1672120800,927.2,928.25,925.95,926.7,68238
1672121700,926.55,928.0,926.0,927.65,49485
1672122600,927.7,928.0,926.05,927.3,68769
1672123500,927.3,927.85,925.5,926.7,73106
1672124400,926.6,927.5,925.05,926.25,116707
1672125300,926.55,926.75,923.3,923.7,130864
1672126200,923.4,926.4,923.4,925.75,73408
1672127100,925.8,929.0,925.5,928.0,144049
1672128000,928.3,928.6,926.8,927.95,53786
1672128900,927.95,932.75,927.5,930.85,197114
1672129800,930.9,932.95,930.15,932.65,105931
1672130700,932.65,932.8,927.05,928.4,138784
1672131600,928.4,932.9,926.05,932.8,122079
1672132500,932.95,934.0,931.4,931.85,130792
1672133400,932.35,933.4,930.5,931.2,116801
1672134300,931.3,934.0,931.0,932.5,339893
1672199100,930.95,934.8,928.1,930.55,472573
1672200000,930.55,932.85,930.0,932.5,246556
1672200900,932.35,934.4,930.7,931.45,183019
1672201800,931.45,937.45,931.05,936.0,340359
1672202700,936.3,936.7,930.1,931.5,253055
1672203600,931.55,932.75,930.65,932.25,70888
1672204500,932.25,933.0,931.5,932.4,80745
1672205400,932.35,934.0,930.5,933.95,121641
1672206300,933.85,934.1,932.35,933.65,86698
1672207200,933.7,934.55,932.1,933.7,110871
1672208100,933.6,934.9,933.5,934.4,121791
1672209000,934.4,935.0,933.4,934.3,161571
1672209900,934.7,935.45,932.8,933.25,188383
1672210800,933.25,934.9,932.7,933.6,146954
1672211700,933.55,934.75,932.3,934.3,163601
1672212600,934.3,935.0,933.0,933.2,191511
1672213500,933.2,934.15,932.35,932.9,121683
1672214400,932.8,934.15,932.5,933.45,83543
1672215300,933.45,935.5,933.2,933.8,127206
1672216200,933.8,934.25,932.25,932.85,82249
1672217100,932.95,933.0,931.7,932.55,153129
1672218000,932.55,933.8,932.0,933.1,196875
1672218900,933.2,933.75,929.05,930.4,187350
1672219800,930.1,931.65,923.2,923.5,793216
1672220700,923.5,924.95,921.3,922.3,1257946
1672285500,922.8,922.8,915.8,918.75,516796
1672286400,918.75,919.25,916.75,918.0,189804
1672287300,918.0,920.0,918.0,919.5,161501
1672288200,919.6,919.8,918.6,918.8,98597
1672289100,918.75,919.5,918.4,918.5,61813
1672290000,918.5,920.0,917.7,919.85,233043
1672290900,919.9,922.65,919.05,919.2,343357
1672291800,919.2,920.5,918.95,920.3,271306
1672292700,920.3,920.5,919.55,920.15,88355
1672293600,920.05,921.5,919.0,920.85,92559
1672294500,920.85,922.4,920.45,920.9,136166
1672295400,920.85,921.65,920.25,920.75,89306
1672296300,920.75,921.6,920.4,921.2,78052
1672297200,921.05,922.65,920.85,922.1,114483
1672298100,922.0,922.3,921.25,921.55,76154
1672299000,921.55,925.55,921.35,925.05,340988
1672299900,925.4,925.65,922.35,922.95,226598
1672300800,922.75,926.0,922.75,926.0,143638
1672301700,925.8,927.65,923.65,925.75,198284
1672302600,925.75,926.65,924.5,925.4,171450
1672303500,925.4,926.65,925.0,926.0,146119
1672304400,925.8,928.0,925.15,928.0,174418
1672305300,927.95,930.7,927.65,930.25,331672
1672306200,930.15,937.05,929.05,936.0,4617211
1672307100,935.95,944.0,934.25,940.1,3278311
1672371900,941.25,943.5,936.9,938.5,454282
1672372800,938.7,940.0,935.6,938.5,177237
1672373700,938.55,940.6,936.25,939.2,135127
1672374600,939.45,939.55,937.6,937.7,70408
1672375500,937.7,939.9,937.0,939.55,131430
1672376400,939.65,941.65,938.5,940.65,104102
1672377300,940.65,940.65,938.5,939.0,56328
1672378200,939.05,939.55,936.35,936.65,100037
1672379100,936.7,937.0,934.85,935.15,198911
1672380000,935.15,935.45,934.1,934.85,61863
1672380900,934.85,935.55,934.25,934.8,78086
1672381800,934.8,936.25,934.05,935.0,112020
1672382700,934.95,936.8,934.65,934.65,138630
1672383600,934.5,937.8,934.45,937.7,99185
1672384500,937.75,938.5,937.2,937.4,102456
1672385400,937.4,937.65,933.05,933.5,129157
1672386300,933.5,935.0,931.5,934.95,125296
1672387200,935.0,935.1,934.0,935.0,46183
1672388100,934.65,936.7,933.6,934.8,120933
1672389000,934.55,938.0,934.4,936.95,106683
1672389900,937.0,938.2,936.2,936.2,105898
1672390800,936.0,937.75,935.6,936.95,74999
1672391700,936.95,940.0,936.9,938.95,184491
1672392600,938.95,938.95,930.35,933.05,349946
1672393500,933.2,935.8,932.5,934.25,419642
1672631100,932.25,938.75,932.25,934.8,193831
1672632000,934.8,941.3,933.75,941.3,278791
1672632900,941.35,942.0,939.85,941.25,105915
1672633800,941.3,943.0,938.75,939.0,140537
1672634700,938.9,941.0,938.45,940.35,66629
1672635600,940.35,941.35,939.9,940.7,55256
1672636500,940.8,942.95,940.3,941.8,101010
1672637400,942.15,942.9,940.15,940.5,161633
1672638300,940.5,941.35,938.8,939.35,74083
1672639200,939.15,940.3,937.95,940.0,85621
1672640100,940.0,940.0,938.05,938.45,34092
1672641000,938.35,939.9,938.3,938.9,60515
1672641900,938.95,939.05,936.5,937.75,79302
1672642800,937.75,938.4,936.35,937.05,104372
1672643700,937.0,937.25,934.65,936.1,185064
1672644600,936.15,937.8,935.9,937.25,95311
1672645500,937.75,937.75,936.55,936.55,98663
1672646400,936.55,936.95,934.6,935.0,73787
1672647300,935.05,936.35,933.55,933.75,86031
1672648200,934.0,936.0,933.7,934.6,52923
1672649100,934.65,934.75,931.8,933.5,108310
1672650000,933.2,936.0,933.05,935.25,83013
1672650900,935.3,938.1,935.05,936.4,219463
1672651800,936.4,940.4,936.4,939.75,242303
1672652700,939.8,945.0,939.65,944.95,707387
1672717500,944.75,950.85,942.6,949.5,537835
1672718400,949.6,951.9,948.0,948.75,346663
1672719300,948.95,949.45,947.1,948.2,169374
1672720200,948.2,950.0,947.25,949.95,204000
1672721100,949.9,951.55,949.1,949.8,157109
1672722000,949.7,950.5,949.55,950.05,65094
1672722900,950.05,951.7,950.0,950.8,95087
1672723800,950.9,952.95,950.15,952.0,141555
1672724700,951.95,953.5,951.7,953.0,179463
1672725600,953.05,955.5,952.7,955.2,276509
1672726500,955.25,955.5,953.8,955.0,156081
1672727400,955.0,955.0,953.35,953.8,129123
1672728300,953.6,953.75,950.7,952.0,199143
1672729200,952.0,952.0,949.95,952.0,154505
1672730100,952.0,955.45,951.9,954.95,195128
1672731000,954.9,959.85,954.55,959.85,443402
1672731900,959.65,960.95,958.3,958.65,443664
1672732800,958.65,963.5,958.65,963.4,469172
1672733700,963.15,965.6,962.55,963.7,371735
1672734600,963.7,965.3,962.5,962.7,256222
1672735500,962.75,965.25,962.7,963.1,210689
1672736400,963.4,964.15,962.4,963.95,164955
1672737300,963.9,964.9,961.5,961.6,364260
1672738200,961.6,963.9,960.5,962.8,470584
1672739100,962.8,964.35,960.95,961.75,709631
1672803900,963.5,970.0,963.0,968.4,948451
1672804800,968.0,968.95,964.1,965.3,520265
1672805700,965.5,967.6,963.15,963.55,456850
1672806600,963.25,964.25,961.55,962.0,661946
1672807500,961.95,966.9,961.95,966.35,417573
1672808400,966.5,968.4,966.0,967.5,313834
1672809300,967.5,969.3,967.3,968.05,240442
1672810200,968.05,968.1,962.0,963.4,431990
1672811100,963.5,965.5,962.05,963.3,275336
1672812000,963.3,966.95,962.8,966.85,162282
1672812900,966.85,966.85,963.8,964.6,185257
1672813800,964.65,964.7,959.2,960.0,522423
1672814700,960.0,962.25,959.1,961.65,306227
1672815600,961.6,962.15,959.7,961.6,194072
1672816500,961.85,963.2,961.0,961.75,223532
1672817400,961.7,964.7,961.4,964.45,189007
1672818300,964.5,964.95,962.4,962.7,177574
1672819200,962.75,966.25,962.4,965.8,190765
1672820100,966.1,966.9,964.4,964.4,185241
1672821000,964.4,965.5,963.2,964.8,155747
1672821900,965.0,965.0,959.7,960.05,239324
1672822800,960.15,961.9,959.65,960.05,268984
1672823700,960.0,960.05,955.0,958.05,552361
1672824600,958.35,959.25,955.7,957.9,524986
1672825500,957.9,959.0,956.15,958.6,689514
1672890300,960.0,961.9,953.3,956.25,440417
1672891200,956.0,960.15,953.0,953.3,272355
1672892100,953.2,953.85,950.65,953.4,225986
1672893000,953.5,955.85,952.2,955.5,153183
1672893900,955.5,956.85,954.0,954.85,131790
1672894800,954.95,956.2,953.05,955.5,154846
1672895700,955.3,956.5,955.0,955.2,90713
1672896600,955.25,956.0,953.4,953.65,159858
1672897500,953.6,955.85,952.8,953.4,113954
1672898400,953.4,953.65,951.15,952.3,121560
1672899300,952.4,952.4,948.0,948.3,231278
1672900200,948.45,950.15,948.2,949.7,167200
1672901100,949.7,950.95,948.5,949.4,201769
1672902000,949.25,950.25,947.6,948.0,203810
1672902900,948.0,949.0,945.4,945.75,275513
1672903800,945.95,946.2,941.85,943.2,287233
1672904700,943.1,944.4,938.25,940.25,716439
1672905600,940.25,942.4,939.7,941.0,140177
1672906500,941.0,943.95,940.5,943.7,177770
1672907400,943.7,943.95,941.6,942.4,160212
1672908300,942.45,944.9,939.6,944.85,331315
1672909200,944.6,945.0,940.45,942.3,664723
1672910100,942.25,945.5,942.0,944.95,210449
1672911000,945.0,950.3,944.95,950.05,684165
1672911900,950.05,951.75,949.0,949.0,662832
1672976700,946.55,950.95,942.1,942.5,470921
1672977600,942.5,948.3,941.35,944.75,205140
1672978500,944.7,945.35,941.0,941.0,131056
1672979400,941.0,942.45,939.45,939.6,176328
1672980300,939.75,941.15,938.05,941.15,223806
1672981200,941.35,942.75,936.55,938.0,318767
1672982100,938.0,942.0,937.6,940.75,146302
1672983000,940.75,942.0,939.1,941.15,145331
1672983900,941.35,943.65,940.9,941.35,186868
1672984800,941.05,943.5,941.0,942.5,106203
1672985700,942.8,946.0,942.3,944.75,171072
1672986600,944.65,945.9,943.75,944.6,130484
1672987500,944.6,946.75,943.75,944.3,154654
1672988400,944.45,945.5,943.55,943.95,138088
1672989300,943.95,944.45,940.3,940.55,184358
1672990200,940.55,942.55,939.75,940.5,179622
1672991100,940.35,942.0,937.75,937.9,192450
1672992000,937.9,940.95,937.65,939.65,223151
1672992900,939.65,941.7,938.25,938.9,180104
1672993800,939.0,939.8,935.2,937.0,251427
1672994700,937.15,938.05,934.3,936.05,496580
1672995600,936.1,937.05,934.35,935.3,301492
1672996500,935.25,938.0,934.65,937.3,328903
1672997400,937.35,941.75,936.1,940.65,364329
1672998300,940.6,941.95,940.0,941.4,373050
1673235900,946.8,948.0,941.35,944.5,539660
1673236800,944.85,948.2,944.85,946.15,350985
1673237700,946.15,947.5,943.1,947.0,174821
1673238600,947.0,949.5,946.55,947.0,171119
1673239500,947.0,948.95,946.0,948.05,143749
1673240400,948.05,948.95,947.0,947.35,122684
1673241300,947.3,950.75,947.3,949.15,161389
1673242200,949.15,950.6,948.1,950.1,163252
1673243100,950.1,954.0,948.85,953.3,291363
1673244000,953.3,958.7,953.3,957.65,489539
1673244900,957.65,958.0,956.25,957.25,190737
1673245800,957.1,957.1,955.1,955.95,148185
1673246700,955.95,956.7,955.0,956.3,492755
1673247600,956.3,956.4,952.3,955.4,267512
1673248500,955.2,957.0,954.45,956.2,152245
1673249400,956.25,956.6,954.75,954.8,167155
1673250300,954.65,955.5,953.0,953.7,149742
1673251200,953.7,954.75,951.4,951.75,210573
1673252100,951.5,952.55,950.05,951.3,250055
1673253000,950.9,954.35,950.05,954.3,177868
1673253900,954.1,955.65,953.2,954.9,222481
1673254800,954.85,957.5,954.6,957.1,261981
1673255700,957.1,958.4,955.35,957.85,348730
1673256600,957.7,960.0,957.7,959.0,633721
1673257500,959.0,959.7,956.2,957.1,713356
1673322300,964.0,964.0,956.6,957.05,690202
1673323200,957.55,957.9,954.2,955.65,372682
1673324100,955.65,955.65,951.75,952.8,253841
1673325000,952.95,953.9,951.6,953.85,223423
1673325900,953.85,955.35,951.25,952.0,259677
1673326800,952.0,952.05,949.3,949.6,309161
1673327700,949.65,950.5,948.65,950.5,168292
1673328600,950.45,952.05,949.6,950.45,243316
1673329500,950.45,951.4,948.55,949.0,154096
1673330400,949.0,949.05,947.5,948.85,255458
1673331300,948.85,950.85,948.8,950.1,199529
1673332200,950.05,951.0,949.4,950.55,120624
1673333100,950.6,952.4,950.15,952.4,156668
1673334000,952.4,953.0,948.5,949.75,192869
1673334900,949.75,950.0,945.5,946.25,224853
1673335800,946.2,948.3,945.95,946.95,255592
1673336700,947.0,950.0,946.65,950.0,299954
1673337600,950.0,950.6,946.75,947.25,200356
1673338500,947.25,950.0,946.8,949.25,160097
1673339400,949.2,949.9,946.8,948.5,148567
1673340300,948.5,949.85,945.05,945.45,182895
1673341200,945.45,946.0,942.75,945.0,297439
1673342100,945.0,949.7,944.35,948.9,320651
1673343000,948.5,954.0,948.5,953.25,657746
1673343900,953.45,954.0,950.3,953.0,565312
1673408700,953.0,955.75,944.5,945.0,577616
1673409600,945.15,951.75,942.8,947.25,634843
1673410500,947.2,952.0,947.2,951.15,191908
1673411400,951.3,954.9,951.15,954.9,226393
1673412300,954.9,955.0,952.9,953.8,373090
1673413200,953.8,954.4,952.0,952.05,257949
1673414100,952.15,952.7,950.0,950.05,203703
1673415000,950.0,951.5,949.0,951.25,210377
1673415900,951.25,951.6,948.4,950.1,195767
1673416800,950.1,950.55,949.1,950.0,224668
1673417700,950.0,952.15,949.6,951.15,158802
1673418600,951.15,952.3,949.7,950.0,342083
1673419500,950.0,950.4,948.2,949.2,186391
1673420400,949.15,949.35,947.45,948.15,139377
1673421300,948.2,948.85,946.5,947.65,440563
1673422200,947.85,948.8,947.1,947.5,206797
1673423100,947.5,948.15,946.6,947.05,170210
1673424000,947.15,947.5,945.5,946.2,196915
1673424900,946.1,946.35,944.5,945.15,274928
1673425800,945.15,946.0,943.3,945.1,192077
1673426700,945.2,947.25,944.9,946.85,196157
1673427600,946.75,951.5,946.75,951.25,236164
1673428500,951.25,952.55,949.6,952.1,209100
1673429400,952.1,952.45,948.6,950.0,529478
1673430300,949.9,950.75,948.1,949.3,518002
1673495100,949.35,949.7,943.1,943.75,537402
1673496000,943.75,946.5,943.4,943.95,219430
1673496900,943.95,944.45,939.1,940.45,404930
1673497800,940.35,941.15,939.5,940.0,227438
1673498700,940.4,940.4,933.05,933.35,403219
1673499600,933.35,933.7,931.45,932.15,355478
1673500500,932.0,932.55,928.0,931.2,434828
1673501400,931.1,932.8,928.9,929.0,379445
1673502300,929.0,930.0,926.8,927.5,296094
1673503200,927.5,930.35,927.35,927.85,273370
1673504100,927.75,929.25,926.1,926.6,466802
1673505000,926.6,929.45,926.5,929.05,342430
1673505900,929.15,929.7,928.1,929.0,114795
1673506800,929.0,930.6,928.4,928.75,146876
1673507700,928.75,930.6,927.5,927.5,236931
1673508600,927.7,929.45,926.35,927.4,190758
1673509500,927.3,927.9,924.15,925.15,312711
1673510400,925.05,925.9,924.0,924.85,308737
1673511300,925.0,928.15,924.9,927.65,316290
1673512200,927.65,929.3,927.25,928.1,231166
1673513100,928.1,931.15,927.65,930.65,347707
1673514000,930.75,933.5,929.75,932.3,355547
1673514900,932.3,933.6,931.25,932.5,323687
1673515800,932.55,937.6,932.5,935.8,707572
1673516700,935.8,936.4,935.0,935.0,716015
1673581500,935.5,935.5,927.1,930.35,617138
1673582400,930.35,934.7,926.85,928.0,519902
1673583300,928.0,928.15,924.55,924.8,876213
1673584200,924.75,925.8,923.0,924.0,477022
1673585100,924.0,929.5,923.0,928.6,433299
1673586000,928.6,929.5,926.1,926.45,251093
1673586900,926.45,927.3,925.1,927.25,175466
1673587800,927.2,929.5,926.35,928.3,183956
1673588700,928.3,929.1,926.8,926.8,129371
1673589600,926.9,927.75,925.0,925.6,217722
1673590500,925.0,925.9,924.0,925.75,190049
1673591400,925.75,927.6,925.0,927.0,184946
1673592300,927.0,929.5,926.95,929.4,295308
1673593200,929.5,931.4,928.7,930.1,264257
1673594100,930.15,932.85,929.7,931.95,233014
1673595000,932.0,933.25,930.05,933.0,428794
1673595900,933.25,933.6,931.25,932.1,373239
1673596800,932.1,934.25,930.0,934.1,295858
1673597700,933.75,937.45,933.3,935.65,436723
1673598600,935.5,935.95,933.85,934.35,323120
1673599500,934.3,934.7,931.5,932.65,313932
1673600400,932.65,933.7,931.35,933.0,268446
1673601300,932.95,934.2,931.75,933.85,345846
1673602200,933.85,935.4,933.45,934.2,569401
1673603100,934.25,935.45,932.6,933.9,672591
1673840700,940.45,941.75,933.3,934.3,803956
1673841600,934.15,935.95,933.05,934.5,337597
1673842500,934.5,934.55,929.65,930.95,362838
1673843400,930.9,932.5,928.4,932.25,254856
1673844300,932.1,932.5,929.3,929.85,200657
1673845200,929.85,930.5,928.5,930.15,174525
1673846100,930.0,930.75,929.3,929.7,192785
1673847000,929.7,929.85,926.6,926.7,193266
1673847900,926.65,926.7,923.85,924.65,328714
1673848800,924.65,924.8,922.2,922.8,168534
1673849700,922.8,923.05,918.65,919.7,345157
1673850600,920.0,920.0,917.75,918.0,397886
1673851500,918.0,918.9,917.0,917.85,258832
1673852400,918.3,920.2,917.2,919.3,220044
1673853300,919.3,920.65,917.05,917.8,214712
1673854200,917.75,921.0,917.0,920.2,244907
1673855100,920.25,922.9,920.2,922.55,339054
1673856000,922.6,925.0,919.9,920.0,412023
1673856900,920.05,921.25,918.9,919.0,255346
1673857800,919.0,919.3,917.2,917.7,275692
1673858700,917.55,917.8,916.0,916.45,315928
1673859600,916.45,918.6,915.65,916.5,541258
1673860500,916.4,917.5,913.75,914.05,803742
1673861400,914.1,915.0,912.4,912.8,1114073
1673862300,912.8,914.15,911.7,912.6,1209613
1673927100,914.95,914.95,908.5,911.4,543382
1673928000,911.4,918.0,910.75,916.35,424753
1673928900,916.35,917.75,913.2,916.2,245438
1673929800,916.2,916.9,914.8,916.45,153651
1673930700,916.45,918.95,916.4,918.4,231628
1673931600,918.4,919.7,917.2,917.5,183846
1673932500,917.5,918.3,915.05,915.65,200413
1673933400,915.65,915.95,914.4,915.1,160702
1673934300,915.1,915.1,913.1,914.95,160657
1673935200,914.95,917.3,914.65,916.85,131545
1673936100,916.85,917.95,915.3,917.3,161571
1673937000,917.3,917.3,914.7,916.2,114057
1673937900,916.25,916.25,913.55,914.3,161329
1673938800,914.35,914.5,911.75,911.8,255083
1673939700,911.65,911.65,907.6,907.8,500624
1673940600,907.85,908.7,906.7,906.9,499288
1673941500,906.95,909.4,906.85,907.85,342311
1673942400,907.65,912.35,907.65,911.1,306065
1673943300,911.0,912.0,909.45,910.7,156451
1673944200,910.6,912.0,909.3,912.0,181277
1673945100,911.95,913.8,910.0,910.55,202123
1673946000,910.55,914.6,910.1,912.95,221768
1673946900,913.1,914.85,911.65,912.75,212711
1673947800,912.8,918.5,912.8,918.3,619016
1673948700,918.45,919.5,917.35,918.6,525356
1674013500,921.9,921.9,913.25,916.15,1017097
1674014400,916.2,919.55,914.3,917.7,245729
1674015300,917.8,921.9,917.7,921.35,232827
1674016200,921.65,923.4,921.2,921.55,177599
1674017100,921.5,921.55,918.5,919.85,149422
1674018000,919.4,920.7,918.5,920.35,105918
1674018900,920.4,920.85,918.0,918.55,121334
1674019800,918.45,919.45,917.0,918.4,139093
1674020700,918.4,920.7,916.8,918.95,165313
1674021600,919.0,920.8,918.7,919.65,199751
1674022500,919.65,919.75,918.35,919.15,95447
1674023400,919.1,919.75,918.0,918.5,80601
1674024300,918.55,919.7,917.95,919.05,121070
1674025200,919.05,919.5,918.85,919.05,143031
1674026100,919.05,919.2,919.0,919.0,121562
1674027000,919.05,919.15,918.75,919.0,178944
1674027900,919.05,919.05,916.6,917.55,142201
1674028800,917.55,918.9,917.0,918.5,103653
1674029700,918.45,919.05,916.9,917.8,112268
1674030600,917.85,918.0,916.4,917.75,177142
1674031500,917.85,922.65,917.3,921.5,286450
1674032400,921.65,924.8,921.65,923.55,234496
1674033300,923.55,925.0,922.75,924.0,214608
1674034200,924.2,924.2,922.15,922.6,523935
1674035100,922.6,925.6,922.55,925.45,614844
1674099900,923.6,936.8,920.75,930.4,2246334
1674100800,930.25,936.0,929.35,935.4,516287
1674101700,935.4,938.0,932.0,932.4,569015
1674102600,932.25,932.3,929.5,929.6,606615
1674103500,929.6,931.0,928.2,930.4,284824
1674104400,930.5,930.75,928.75,930.1,117977
1674105300,930.1,930.15,926.55,927.35,161820
1674106200,927.25,930.0,925.55,925.7,182262
1674107100,925.7,926.3,924.8,925.55,148099
1674108000,925.5,927.1,923.6,927.1,155725
1674108900,926.85,928.7,924.85,925.2,122153
1674109800,925.2,926.45,924.1,926.25,110601
1674110700,926.3,926.7,922.55,925.55,259293
1674111600,925.5,926.35,924.15,924.6,110949
1674112500,924.6,926.3,923.9,925.4,122436
1674113400,925.4,927.6,925.35,926.4,163701
1674114300,926.4,927.45,925.1,926.9,110108
1674115200,927.05,928.9,926.7,928.05,137112
1674116100,928.15,928.15,926.45,927.45,114894
1674117000,927.25,929.45,927.2,928.75,137846
1674117900,928.55,929.35,925.5,926.05,136746
1674118800,926.05,926.9,925.0,926.35,118411
1674119700,926.35,928.1,926.25,927.0,131237
1674120600,926.8,928.85,926.8,927.3,344461
1674121500,927.3,931.7,927.05,929.25,600595
1674186300,931.25,932.5,924.65,930.3,516354
1674187200,930.3,931.65,926.2,927.8,188212
1674188100,927.5,928.65,926.2,927.15,117724
1674189000,927.2,930.65,927.2,930.2,99585
1674189900,930.2,931.0,929.2,929.95,96749
1674190800,929.95,933.75,929.7,933.0,200608
1674191700,933.45,933.5,930.55,930.9,169802
1674192600,930.9,932.05,927.15,928.55,159128
1674193500,928.5,930.0,928.1,928.8,76091
1674194400,928.8,929.0,926.6,927.4,100340
1674195300,927.4,928.8,926.75,927.5,77481
1674196200,927.2,928.45,927.0,927.8,67708
1674197100,927.45,930.5,927.4,930.5,77948
1674198000,930.5,932.45,930.0,931.45,182181
1674198900,931.45,932.25,930.25,932.0,172245
1674199800,932.0,932.4,930.55,930.9,121807
1674200700,930.9,932.1,930.5,931.75,113778
1674201600,931.75,932.0,930.85,931.65,101680
1674202500,931.55,931.65,929.5,930.55,148217
1674203400,930.55,934.85,929.65,933.9,306588
1674204300,933.9,933.95,931.0,931.55,141747
1674205200,931.55,932.0,930.6,931.5,137711
1674206100,931.5,932.9,930.6,932.25,153301
1674207000,932.4,932.8,930.25,931.35,389553
1674207900,931.35,931.35,928.45,929.5,589954
1674445500,936.0,939.0,932.35,933.25,314335
1674446400,933.2,939.7,932.3,938.75,369964
1674447300,938.75,939.5,935.3,936.25,163643
1674448200,936.25,936.8,932.9,934.2,150828
1674449100,934.2,936.0,932.5,935.75,171844
1674450000,935.8,936.65,934.1,934.85,118506
1674450900,934.85,934.85,933.15,933.2,111158
1674451800,933.15,933.6,930.5,931.0,196575
1674452700,930.95,930.95,924.6,926.0,312863
1674453600,926.05,926.3,925.0,925.45,150699
1674454500,925.5,926.35,924.45,925.6,155311
1674455400,925.6,928.7,925.2,928.5,198444
1674456300,928.4,933.35,928.4,932.65,345994
1674457200,932.65,932.8,929.85,930.4,142176
1674458100,930.45,932.0,930.05,931.8,76361
1674459000,932.0,932.0,930.0,930.9,93803
1674459900,931.0,931.45,930.4,931.05,62034
1674460800,930.8,932.5,930.75,931.1,118662
1674461700,931.45,931.9,930.95,931.0,70002
1674462600,931.25,933.3,931.0,933.15,147782
1674463500,933.0,933.3,932.05,932.85,166209
1674464400,932.9,933.2,931.0,932.2,170249
1674465300,932.0,933.05,931.75,932.85,353732
1674466200,932.95,935.3,932.1,934.5,498268
1674467100,934.5,934.9,928.65,930.0,559408
1674531900,935.0,935.0,921.6,922.6,4511740
1674532800,922.85,925.2,918.75,924.5,1049706
1674533700,924.45,927.6,921.0,921.95,774304
1674534600,921.85,921.95,918.15,919.0,751763
1674535500,919.2,919.3,913.5,914.25,878902
1674536400,914.2,914.2,910.0,911.75,993365
1674537300,911.75,912.95,907.8,909.1,694781
1674538200,909.05,913.0,907.45,907.9,831613
1674539100,907.95,907.95,903.75,906.55,852400
1674540000,906.6,908.7,904.6,908.0,514733
1674540900,908.0,909.9,906.0,906.0,505040
1674541800,905.6,909.25,905.45,908.8,257771
1674542700,908.85,909.2,906.15,907.85,308917
1674543600,907.9,908.8,906.8,908.3,242654
1674544500,908.3,910.7,908.0,908.45,448071
1674545400,908.4,911.45,907.1,909.7,326480
1674546300,909.7,910.95,909.55,910.0,300032
1674547200,910.0,910.25,908.15,908.6,356920
1674548100,908.6,910.2,907.0,908.85,407819
1674549000,908.95,910.95,908.4,909.65,322609
1674549900,909.6,909.8,908.0,908.55,284442
1674550800,908.55,910.45,908.2,910.35,357921
1674551700,910.3,911.0,909.15,910.25,442335
1674552600,910.15,910.85,909.0,910.4,667901
1674553500,910.4,911.35,908.7,910.0,1216321
1674618300,905.0,907.45,901.6,904.05,1033064
1674619200,904.2,904.7,899.0,900.7,535075
1674620100,900.7,903.8,900.65,902.95,268457
1674621000,902.95,903.2,898.05,899.35,374616
1674621900,899.1,900.6,896.55,896.8,418682
1674622800,896.65,897.1,892.05,892.25,1004439
1674623700,892.25,894.7,890.45,893.05,583223
1674624600,893.4,896.5,892.5,894.75,431472
1674625500,894.75,895.5,885.25,886.0,801373
1674626400,886.1,891.85,884.2,890.65,811712
1674627300,890.65,893.85,888.85,892.9,748149
1674628200,892.9,896.95,892.15,895.9,423252
1674629100,895.55,896.9,894.65,895.15,328954
1674630000,895.0,896.6,891.0,894.25,437488
1674630900,894.35,896.8,893.1,896.15,299213
1674631800,896.35,897.75,894.6,895.25,295923
1674632700,895.1,895.9,892.65,895.45,266821
1674633600,895.4,897.2,893.7,896.5,180058
1674634500,896.25,897.7,894.25,896.0,147192
1674635400,895.8,899.55,895.5,896.85,344068
1674636300,896.6,898.5,895.0,898.45,351176
1674637200,898.3,898.5,893.25,893.3,245111
1674638100,893.3,894.8,892.05,893.4,403687
1674639000,893.3,893.85,889.5,892.65,506433
1674639900,892.7,895.0,889.6,892.45,649067
1674791100,892.35,892.5,869.9,872.3,2528900
1674792000,872.35,877.65,871.85,875.3,1398995
1674792900,875.35,876.8,872.55,874.6,626373
1674793800,874.8,874.8,871.7,872.0,333990
1674794700,872.05,875.6,871.35,874.35,825774
1674795600,874.35,877.05,873.0,875.0,412508
1674796500,875.05,875.15,871.85,872.05,500911
1674797400,872.0,873.85,870.65,872.4,514335
1674798300,872.4,873.9,871.2,872.0,381787
1674799200,872.2,872.3,866.1,868.05,673096
1674800100,868.0,868.0,864.55,866.35,543944
1674801000,866.25,866.3,858.0,859.65,772254
1674801900,859.65,860.45,854.55,857.55,702364
1674802800,857.75,857.75,851.0,855.9,1162102
1674803700,855.5,862.1,855.25,860.85,481093
1674804600,861.1,865.6,861.0,864.05,328133
1674805500,864.35,870.55,863.95,869.95,638360
1674806400,869.5,875.3,869.1,875.2,678658
1674807300,874.9,875.9,872.35,872.65,364067
1674808200,872.75,874.85,871.4,872.45,471067
1674809100,872.45,873.9,872.0,873.05,364254
1674810000,873.05,875.0,872.45,872.65,409878
1674810900,872.65,875.25,872.1,874.0,452387
1674811800,873.75,875.0,870.0,873.05,640367
1674812700,873.1,876.7,871.3,873.9,1062558
1675050300,851.9,883.1,851.45,881.7,5463255
1675051200,881.7,885.5,870.1,872.25,1432044
1675052100,872.45,877.4,869.4,872.9,674667
1675053000,872.9,875.5,870.5,875.4,658493
1675053900,875.8,876.2,867.5,869.1,755288
1675054800,868.75,870.75,865.8,866.0,411595
1675055700,865.7,868.9,863.0,867.6,691499
1675056600,867.8,869.45,866.3,867.4,226887
1675057500,867.4,869.35,865.95,869.3,308140
1675058400,869.35,870.7,868.8,869.2,283002
1675059300,869.15,873.0,868.85,871.85,346366
1675060200,871.85,871.95,864.0,864.9,357448
1675061100,865.0,865.0,858.55,859.0,492083
1675062000,859.0,859.0,855.05,857.65,414508
1675062900,857.7,859.2,855.3,857.85,318230
1675063800,857.5,858.4,855.45,855.7,372766
1675064700,855.65,859.6,855.0,856.35,453504
1675065600,856.3,858.2,850.0,850.55,614160
1675066500,850.1,854.0,846.15,850.85,697608
1675067400,850.4,858.9,849.0,857.8,699840
1675068300,858.1,860.55,854.4,856.5,735350
1675069200,856.5,859.7,855.0,857.65,560227
1675070100,857.6,866.2,857.25,864.75,776400
1675071000,864.8,872.25,864.8,871.5,1565547
1675071900,871.5,875.05,871.15,873.1,1829725
1675136700,873.0,875.0,867.0,868.65,1249644
1675137600,868.4,870.4,867.1,867.85,380938
1675138500,867.75,870.1,865.35,866.95,470952
1675139400,866.95,866.95,861.1,863.9,435401
1675140300,863.95,868.3,863.5,867.85,436537
1675141200,868.0,871.45,866.0,870.2,466087
1675142100,870.2,870.65,867.9,868.4,355940
1675143000,868.4,869.5,866.55,868.75,397251
1675143900,868.75,870.7,868.45,869.35,593464
1675144800,869.35,871.65,868.8,869.65,280991
1675145700,869.65,873.45,869.65,872.8,319189
1675146600,873.15,875.0,870.2,870.4,349131
1675147500,870.55,871.35,868.5,869.0,308624
1675148400,869.0,870.85,868.6,869.9,1463200
1675149300,869.9,870.45,868.55,869.75,569162
1675150200,869.75,872.95,868.85,870.6,699289
1675151100,870.55,874.05,870.0,873.15,534071
1675152000,873.25,877.0,871.6,875.3,480617
1675152900,875.25,879.3,875.0,875.8,533571
1675153800,875.65,876.05,872.0,873.25,907061
1675154700,873.1,873.3,869.7,871.8,704969
1675155600,871.8,873.15,870.5,871.8,418750
1675156500,871.8,874.75,869.25,873.2,565777
1675157400,873.2,873.2,869.35,872.6,1892748
1675158300,872.6,874.75,871.15,874.5,2008326
1675223100,876.3,880.95,872.25,878.6,685661
1675224000,878.6,880.9,873.7,878.65,386487
1675224900,878.65,878.65,873.0,873.85,254977
1675225800,873.85,878.25,873.05,878.15,201615
1675226700,878.05,879.8,876.95,878.15,194302
1675227600,878.2,880.75,877.05,879.25,209894
1675228500,879.3,880.5,878.55,879.75,145836
1675229400,879.75,882.3,878.9,880.4,290405
1675230300,880.35,880.4,873.55,878.75,345216
1675231200,878.75,882.0,878.0,881.05,251985
1675232100,881.1,881.45,878.35,879.5,237052
1675233000,879.45,879.55,876.5,877.4,151134
1675233900,877.3,882.0,876.0,880.8,386057
1675234800,880.8,888.95,880.7,884.3,813714
1675235700,884.4,894.35,884.15,894.0,526195
1675236600,894.15,895.2,890.5,891.35,797913
1675237500,891.7,893.1,879.6,881.8,739470
1675238400,881.6,883.95,874.75,876.8,531090
1675239300,877.1,878.9,868.2,869.3,491428
1675240200,869.15,874.7,860.55,872.95,619255
1675241100,872.65,873.0,862.0,863.3,392445
1675242000,863.3,867.6,850.3,850.45,502276
1675242900,850.0,852.75,833.3,850.7,1027032
1675243800,850.7,861.1,849.8,858.5,1309489
1675244700,858.45,861.05,855.45,857.0,899644
1675309500,850.95,858.7,837.05,854.15,1156810
1675310400,854.15,865.4,850.05,861.0,521332
1675311300,861.4,862.55,853.1,853.6,389631
1675312200,853.55,858.85,853.05,856.85,267271
1675313100,856.85,858.4,850.85,851.8,291798
1675314000,851.6,853.95,849.75,853.3,256189
1675314900,853.45,856.8,852.35,855.3,204332
1675315800,855.45,861.0,855.05,860.3,214426
1675316700,860.3,862.0,858.8,860.05,213705
1675317600,860.2,861.3,856.55,860.0,191583
1675318500,860.0,865.95,859.6,863.55,329229
1675319400,863.3,865.7,862.35,862.6,199242
1675320300,862.6,863.75,859.35,860.3,405689
1675321200,860.15,860.35,855.85,856.6,521470
1675322100,856.6,861.4,855.3,860.5,297426
1675323000,860.55,863.1,859.55,861.3,236011
1675323900,861.25,861.45,859.6,859.6,158823
1675324800,859.5,860.0,854.3,856.45,301734
1675325700,856.55,860.0,855.15,859.4,215452
1675326600,859.4,862.0,857.0,861.35,239861
1675327500,861.05,868.95,860.55,865.85,363577
1675328400,866.0,868.1,864.3,868.1,320211
1675329300,868.1,871.3,866.25,868.0,396848
1675330200,868.2,872.0,865.3,867.2,902752
1675331100,867.1,869.85,866.0,869.45,947317
1675395900,873.0,878.8,868.15,877.15,1493214
1675396800,877.0,877.8,870.15,871.75,268052
1675397700,871.75,875.0,869.5,874.3,244176
1675398600,874.4,875.0,870.5,870.55,133204
1675399500,870.6,873.5,867.0,869.3,162689
1675400400,869.3,869.3,863.45,863.7,181502
1675401300,863.8,869.15,862.5,864.8,225993
1675402200,864.95,865.4,862.0,863.9,108337
1675403100,864.2,865.7,860.45,861.2,125976
1675404000,861.3,864.65,859.25,863.15,162907
1675404900,863.2,867.75,863.0,867.45,151221
1675405800,867.35,867.65,863.8,865.7,97350
1675406700,865.55,867.05,864.8,865.5,90599
1675407600,865.4,866.5,864.25,865.1,121342
1675408500,865.0,866.85,864.05,864.25,118450
1675409400,864.1,868.35,863.75,868.35,152170
1675410300,868.3,869.0,866.2,867.65,136437
1675411200,867.9,871.25,866.9,870.9,206196
1675412100,870.8,872.2,869.15,870.55,176550
1675413000,870.65,871.8,869.1,870.45,163062
1675413900,870.25,876.35,870.25,875.6,386875
1675414800,875.75,882.2,875.6,882.0,710286
1675415700,882.0,884.5,878.85,881.15,529334
1675416600,881.25,885.0,880.3,883.85,572318
1675417500,883.85,884.4,879.5,881.95,632391
1675655100,871.85,893.0,870.6,891.45,1542096
1675656000,891.45,899.15,888.3,897.4,1421016
1675656900,897.25,897.75,888.75,892.0,780807
1675657800,892.15,894.1,890.95,892.5,215262
1675658700,892.7,892.85,887.35,889.8,515705
1675659600,889.8,890.5,886.3,888.0,244636
1675660500,888.0,888.35,883.0,884.95,307303
1675661400,885.25,888.25,883.7,886.2,447108
1675662300,886.2,890.75,885.6,887.25,522800
1675663200,887.0,887.75,885.75,886.15,223635
1675664100,886.0,888.0,885.8,887.95,145884
1675665000,887.8,889.25,886.85,887.45,227007
1675665900,887.35,890.25,886.7,888.95,226368
1675666800,888.65,890.1,887.5,887.8,210958
1675667700,887.8,890.95,886.15,888.05,253590
1675668600,888.05,888.05,885.65,886.15,226686
1675669500,886.15,888.9,885.65,887.6,248615
1675670400,887.6,888.85,886.0,887.75,224728
1675671300,887.6,888.7,886.0,888.5,196503
1675672200,888.35,889.95,887.5,888.5,447102
1675673100,888.5,888.5,881.65,883.55,305353
1675674000,883.3,884.15,880.45,882.85,187754
1675674900,882.6,884.0,881.35,883.0,133965
1675675800,883.1,884.9,882.05,883.5,353269
1675676700,883.4,883.85,881.15,882.15,471523
1675741500,886.85,887.8,884.1,885.5,220988
1675742400,885.9,888.4,881.6,882.0,181607
1675743300,882.0,882.2,880.0,880.75,124713
1675744200,880.65,883.35,876.65,878.45,396011
1675745100,878.6,879.7,876.5,878.75,133727
1675746000,878.85,882.65,878.0,881.0,95832
1675746900,881.05,881.8,878.35,878.9,76279
1675747800,878.9,880.15,877.6,878.2,106163
1675748700,878.3,879.95,877.05,878.3,126635
1675749600,878.3,879.0,876.9,877.65,100800
1675750500,877.7,879.15,877.1,877.5,86335
1675751400,877.5,878.65,877.25,878.0,82104
1675752300,878.0,878.1,875.35,876.3,173837
1675753200,876.3,877.2,875.6,877.0,117993
1675754100,877.05,877.3,873.15,874.25,237535
1675755000,874.3,875.95,871.5,872.3,176217
1675755900,872.35,877.3,872.2,877.3,159824
1675756800,877.15,881.1,877.15,879.5,263739
1675757700,879.5,880.0,876.9,877.4,152407
1675758600,877.55,880.95,877.25,879.75,137399
1675759500,879.8,881.75,878.5,879.5,160354
1675760400,879.3,884.0,878.8,883.75,172140
1675761300,883.75,885.0,882.6,883.65,200586
1675762200,883.6,883.8,877.5,878.6,715627
1675763100,878.6,880.0,877.7,879.4,650405
1675827900,882.1,886.45,881.15,882.7,313254
1675828800,882.75,883.8,881.0,882.15,120819
1675829700,882.15,884.45,881.0,882.05,173146
1675830600,881.95,884.65,877.15,880.2,244386
1675831500,880.45,880.55,877.5,878.55,144397
1675832400,878.45,878.55,874.3,875.15,194076
1675833300,874.85,876.15,872.9,875.45,231513
1675834200,875.4,876.75,875.0,875.45,149816
1675835100,875.45,876.25,873.25,874.85,257353
1675836000,874.7,876.15,873.75,875.6,251301
1675836900,875.55,876.3,875.1,875.8,364886
1675837800,875.8,876.1,873.5,874.15,185298
1675838700,873.9,874.35,872.05,873.65,270169
1675839600,873.45,874.4,872.9,873.4,176590
1675840500,873.45,874.2,872.3,874.2,196788
1675841400,873.85,874.65,872.3,873.0,161460
1675842300,872.9,874.0,872.15,873.85,158648
1675843200,873.75,874.05,868.25,870.45,387218
1675844100,870.45,873.0,869.5,872.2,197822
1675845000,872.2,874.0,870.75,873.8,211777
1675845900,873.6,874.15,872.55,873.5,173052
1675846800,873.55,874.0,871.6,871.8,260049
1675847700,871.7,873.6,871.4,873.15,259318
1675848600,873.25,873.75,871.75,873.0,475192
1675849500,873.0,873.35,870.2,871.8,1008783
1675914300,876.15,876.15,865.0,865.65,494190
1675915200,865.6,868.8,863.3,867.05,309708
1675916100,867.1,870.95,866.35,870.1,298839
1675917000,870.1,870.5,868.0,868.4,221584
1675917900,868.5,870.1,867.0,869.35,159720
1675918800,869.35,870.0,868.25,868.85,76137
1675919700,869.05,869.05,864.25,866.4,335348
1675920600,866.15,866.4,863.7,864.2,240827
1675921500,864.2,865.95,864.0,865.65,162905
1675922400,865.7,866.0,864.7,865.05,110676
1675923300,865.05,865.55,864.45,865.1,106812
1675924200,865.05,865.5,864.35,865.0,109645
1675925100,865.0,865.1,863.8,864.05,162218
1675926000,864.05,865.0,863.55,864.1,140949
1675926900,864.1,865.0,863.6,864.05,102003
1675927800,864.0,864.5,862.55,864.0,154232
1675928700,864.0,864.45,863.7,863.9,108116
1675929600,863.9,866.6,863.9,864.9,317783
1675930500,864.9,867.95,864.2,867.8,270534
1675931400,867.95,869.5,867.1,867.55,272967
1675932300,867.7,868.55,866.45,867.75,159762
1675933200,867.6,868.8,867.0,868.25,161780
1675934100,868.3,868.85,867.0,867.3,191135
1675935000,867.3,868.75,865.85,867.9,669315
1675935900,867.9,869.0,867.25,867.3,631547
1676000700,872.05,872.7,867.0,871.75,427180
1676001600,871.9,871.9,865.15,865.6,216000
1676002500,865.85,870.9,865.35,869.5,190649
1676003400,869.5,872.05,868.4,869.85,194338
1676004300,869.75,870.5,868.45,869.55,82106
1676005200,869.55,870.7,867.2,870.0,122833
1676006100,869.9,871.5,869.85,870.9,112185
1676007000,871.05,871.5,869.0,869.95,76573
1676007900,870.0,870.0,867.4,867.5,167676
1676008800,867.5,869.15,867.0,868.55,94196
1676009700,868.6,869.75,867.0,867.3,178182
1676010600,867.35,869.7,867.3,867.65,168504
1676011500,867.95,869.3,867.2,868.9,93373
1676012400,868.95,869.4,868.1,868.4,204617
1676013300,868.55,869.0,867.0,867.05,148128
1676014200,867.0,868.8,866.0,867.95,237318
1676015100,868.0,868.7,866.55,867.55,155923
1676016000,867.55,868.45,867.0,868.0,156743
1676016900,868.05,868.5,867.4,867.4,172785
1676017800,867.45,868.0,866.2,866.85,208535
1676018700,866.85,868.15,866.7,867.05,138124
1676019600,867.0,867.85,866.25,866.6,195037
1676020500,866.65,867.35,865.2,867.3,230287
1676021400,867.15,868.5,866.2,867.7,301900
1676022300,867.65,867.9,866.0,866.35,304385
1676259900,867.25,870.45,865.55,867.25,274092
1676260800,867.15,868.0,866.25,867.05,111910
1676261700,867.05,867.3,863.6,865.2,145814
1676262600,865.2,865.7,862.2,863.35,127451
1676263500,863.05,864.5,862.0,863.6,84694
1676264400,863.95,867.3,863.4,866.0,202611
1676265300,866.2,867.8,865.5,866.75,130611
1676266200,866.75,866.95,865.0,865.2,115835
1676267100,865.3,865.7,862.0,862.1,205942
1676268000,862.05,862.95,860.9,861.1,126973
1676268900,861.45,863.45,861.15,863.0,98657
1676269800,863.4,863.4,860.85,861.25,144662
1676270700,861.1,861.25,858.2,858.9,223234
1676271600,859.2,859.45,856.5,857.55,582848
1676272500,857.35,858.9,856.95,857.6,336988
1676273400,857.8,859.0,856.95,858.65,211668
1676274300,858.9,862.15,858.05,860.15,580763
1676275200,860.15,860.5,858.0,858.6,146900
1676276100,858.7,859.3,858.0,858.55,150049
1676277000,858.5,859.45,858.0,858.55,119688
1676277900,858.25,860.5,858.05,859.65,263193
1676278800,859.7,861.3,859.4,860.7,152332
1676279700,860.7,861.4,856.9,858.55,333794
1676280600,858.55,860.05,858.55,859.1,404440
1676281500,859.1,859.8,857.5,858.0,426687
1676346300,862.55,863.2,854.25,859.55,503855
1676347200,859.55,860.0,857.1,857.8,153646
1676348100,857.75,858.7,856.5,857.55,116059
1676349000,857.55,858.0,856.7,857.0,112356
1676349900,856.9,857.7,855.35,856.75,590808
1676350800,856.55,857.5,855.35,855.5,148563
1676351700,855.25,857.4,855.05,856.35,277795
1676352600,856.15,857.75,856.15,857.1,78315
1676353500,857.1,857.95,856.0,857.15,90274
1676354400,857.1,859.7,857.1,858.85,139260
1676355300,858.5,859.6,858.05,859.3,64367
1676356200,859.2,863.0,859.15,860.6,398243
1676357100,860.8,861.25,859.65,860.25,200544
1676358000,860.25,861.7,859.55,860.25,125722
1676358900,860.25,862.55,859.15,859.65,401846
1676359800,859.7,862.0,859.25,860.95,152689
1676360700,861.05,865.0,860.6,863.45,258813
1676361600,863.45,864.5,862.0,862.65,379708
1676362500,862.65,867.4,862.65,867.3,383631
1676363400,867.3,870.6,867.2,868.25,364482
1676364300,868.25,869.1,865.1,867.9,812865
1676365200,868.0,870.0,867.4,868.9,286761
1676366100,869.0,871.35,868.45,870.7,266321
1676367000,871.1,871.55,869.3,870.35,561825
1676367900,870.35,871.9,869.1,869.1,652893
1676432700,872.0,872.2,866.2,867.5,352427
1676433600,867.35,867.7,864.0,865.5,160651
1676434500,865.4,868.9,864.6,867.3,212542
1676435400,867.3,869.45,866.45,867.2,194128
1676436300,867.55,871.8,867.3,868.75,168158
1676437200,868.65,870.75,867.45,867.65,131218
1676438100,867.6,868.9,865.7,866.05,152537
1676439000,866.0,869.5,866.0,869.15,91029
1676439900,869.0,872.0,867.35,867.35,214768
1676440800,867.35,869.05,867.0,867.75,134674
1676441700,867.85,868.0,865.5,866.55,227502
1676442600,866.35,867.6,864.75,867.6,405958
1676443500,867.6,868.35,866.5,867.75,130612
1676444400,867.75,869.95,866.25,867.65,336978
1676445300,867.5,869.0,867.5,868.85,96989
1676446200,869.0,869.0,868.0,868.4,82709
1676447100,868.55,869.9,867.0,867.15,331922
1676448000,867.05,867.15,864.65,866.85,524718
1676448900,866.65,866.8,864.0,864.0,432511
1676449800,864.05,865.4,864.0,864.05,307581
1676450700,864.05,865.0,861.7,862.0,787738
1676451600,862.0,864.7,861.6,864.0,302625
1676452500,863.9,864.5,863.0,863.7,291387
1676453400,863.55,869.0,863.55,868.75,603620
1676454300,868.9,870.7,868.75,869.7,630712
1676519100,872.8,874.3,869.05,871.7,383986
1676520000,871.7,872.5,870.35,872.25,162766
1676520900,872.25,872.3,869.3,870.5,285359
1676521800,870.35,872.45,869.35,871.05,141272
1676522700,871.05,871.35,869.25,869.65,116347
1676523600,869.6,870.6,869.05,869.45,78302
1676524500,869.45,871.45,869.2,870.95,106261
1676525400,870.95,871.4,868.35,868.5,377933
1676526300,868.6,868.8,867.85,868.0,202235
1676527200,868.0,868.4,867.0,868.0,152201
1676528100,868.0,868.75,867.2,867.75,203866
1676529000,867.75,868.65,864.6,864.8,475485
1676529900,865.0,866.45,864.05,865.7,166403
1676530800,865.7,866.25,862.6,863.7,169083
1676531700,863.7,864.1,862.5,862.5,186244
1676532600,862.6,865.2,862.35,864.65,192719
1676533500,864.65,867.05,863.85,865.8,212944
1676534400,865.8,867.0,865.8,866.4,166595
1676535300,866.2,867.0,863.75,865.05,155845
1676536200,865.1,865.5,863.6,865.45,137183
1676537100,865.25,866.0,862.25,863.05,144466
1676538000,863.05,866.0,863.0,865.7,127418
1676538900,865.7,867.0,865.2,866.8,189487
1676539800,866.65,866.95,864.75,866.45,526714
1676540700,866.35,866.45,862.4,862.6,772142
1676605500,861.0,866.6,858.05,866.45,814420
1676606400,866.45,868.25,864.5,865.3,308132
1676607300,865.3,867.8,862.2,866.4,872490
1676608200,866.35,867.55,864.55,865.2,188746
1676609100,865.25,865.7,863.5,864.15,103961
1676610000,864.15,865.5,863.0,863.3,364240
1676610900,863.5,864.3,861.15,861.15,305711
1676611800,861.2,863.65,860.8,862.15,337152
1676612700,862.2,864.3,861.25,862.9,367220
1676613600,862.9,863.15,861.0,862.9,124970
1676614500,862.8,864.0,861.85,862.1,342833
1676615400,862.05,862.9,858.0,858.65,417634
1676616300,858.85,859.9,858.5,858.5,163614
1676617200,858.65,859.1,856.3,856.7,278499
1676618100,856.55,858.7,854.0,854.2,539319
1676619000,854.2,854.4,850.5,852.75,490077
1676619900,852.75,854.35,851.6,852.8,220336
1676620800,852.85,852.85,850.0,850.65,226827
1676621700,850.6,853.35,850.1,851.8,188803
1676622600,851.8,854.0,851.4,852.3,395053
1676623500,852.5,854.2,852.0,853.55,243504
1676624400,853.55,853.7,852.0,852.2,106623
1676625300,852.2,852.8,850.25,852.55,164951
1676626200,852.75,856.5,852.45,856.5,347693
1676627100,856.4,857.3,854.4,856.5,472022
1676864700,859.7,861.2,853.8,856.25,295877
1676865600,856.25,857.2,855.05,856.55,144555
1676866500,856.6,859.0,855.4,857.8,146441
1676867400,857.95,858.85,855.3,855.75,99003
1676868300,855.75,855.9,853.8,855.2,134369
1676869200,855.2,855.7,852.65,852.95,167363
1676870100,852.95,854.5,852.8,854.5,111016
1676871000,854.5,854.5,853.55,853.95,45999
1676871900,854.0,854.0,850.6,850.7,333484
1676872800,850.95,852.7,848.1,849.65,529229
1676873700,849.45,851.9,848.75,849.7,113980
1676874600,849.65,851.35,846.6,847.2,449140
1676875500,847.15,849.0,846.7,848.6,335838
1676876400,848.75,850.0,847.65,847.7,195472
1676877300,847.65,849.8,846.5,849.05,312157
1676878200,849.1,851.3,849.1,850.25,135739
1676879100,850.3,850.7,848.85,849.3,87599
1676880000,849.25,851.05,845.5,848.05,573327
1676880900,848.25,849.1,846.95,847.25,131454
1676881800,847.4,848.3,846.2,846.7,166775
1676882700,846.7,847.35,842.5,843.9,244845
1676883600,843.75,846.85,843.6,845.2,121122
1676884500,845.45,847.0,844.45,845.75,280704
1676885400,845.9,847.2,843.9,845.8,266661
1676886300,845.7,849.15,844.5,844.8,560560
1676951100,849.0,849.0,837.4,840.45,700869
1676952000,840.5,841.75,837.6,839.8,307870
1676952900,839.8,841.0,838.4,840.35,281367
1676953800,840.15,844.55,839.45,843.85,281821
1676954700,843.85,845.5,843.25,845.0,229722
1676955600,844.75,845.5,843.15,845.05,144230
1676956500,845.15,845.55,844.25,845.05,196891
1676957400,845.0,846.5,843.6,845.0,390640
1676958300,845.05,846.45,844.05,844.45,848772
1676959200,844.3,845.2,842.35,842.35,163613
1676960100,842.15,844.2,841.0,843.7,400033
1676961000,843.3,844.25,839.55,841.75,363318
1676961900,841.4,842.0,837.75,838.0,839165
1676962800,837.9,840.15,837.45,839.45,612264
1676963700,839.8,841.1,838.9,840.05,378607
1676964600,840.0,841.55,839.05,840.5,448546
1676965500,840.75,842.2,840.2,842.0,311130
1676966400,841.95,842.1,840.4,840.95,405273
1676967300,841.05,844.2,840.95,843.25,468476
1676968200,843.1,844.7,843.0,844.25,162923
1676969100,844.35,844.75,840.25,840.3,216049
1676970000,840.3,842.35,840.0,842.1,217960
1676970900,841.95,843.75,840.05,841.05,155844
1676971800,841.55,845.55,841.3,845.3,663462
1676972700,845.55,845.55,842.7,843.4,459554
1677037500,840.0,842.0,838.65,841.9,362219
1677038400,842.2,843.0,833.95,836.0,546885
1677039300,836.0,837.35,835.25,835.9,152683
1677040200,835.95,839.55,835.75,838.6,157978
1677041100,838.4,839.45,835.0,836.5,428665
1677042000,836.75,838.0,835.7,837.25,180417
1677042900,837.3,838.0,834.3,835.25,292822
1677043800,835.3,835.5,829.85,834.75,722618
1677044700,834.75,836.0,832.55,834.3,143858
1677045600,834.2,836.05,831.55,833.55,439120
1677046500,833.55,834.55,832.0,833.2,140626
1677047400,832.6,836.0,832.4,834.5,440022
1677048300,834.5,836.95,833.25,836.25,166033
1677049200,836.25,836.45,833.95,835.55,95901
1677050100,835.5,839.25,835.4,838.5,116597
1677051000,838.45,838.75,836.75,837.25,122751
1677051900,837.25,837.9,832.0,832.4,167286
1677052800,832.6,833.4,830.5,832.55,322045
1677053700,832.4,834.5,831.6,834.05,162186
1677054600,833.8,834.0,829.55,830.0,237349
1677055500,829.9,835.5,829.6,835.5,196506
1677056400,835.35,836.2,834.05,834.9,203634
1677057300,834.7,835.9,833.0,834.25,217413
1677058200,834.25,835.6,831.95,835.4,457558
1677059100,835.25,835.5,831.45,831.5,502735
1677123900,833.05,835.0,830.25,830.55,625122
1677124800,830.75,834.65,830.5,833.75,378380
1677125700,833.7,838.0,830.2,837.15,389917
1677126600,837.25,841.95,835.55,836.9,571142
1677127500,837.1,840.65,837.1,840.5,283725
1677128400,840.55,841.4,837.35,838.8,269385
1677129300,839.05,839.25,836.3,836.45,201691
1677130200,836.45,840.9,835.2,840.25,545890
1677131100,840.5,841.35,839.25,840.2,215223
1677132000,840.35,840.85,839.25,839.75,244905
1677132900,839.8,840.5,839.0,839.8,165443
1677133800,839.9,840.0,838.4,839.7,373948
1677134700,839.7,840.0,839.0,839.15,195538
1677135600,838.9,839.3,837.7,838.6,226923
1677136500,838.55,840.0,838.05,839.95,255602
1677137400,839.95,844.4,839.85,843.95,242494
1677138300,844.2,844.2,842.0,842.45,153112
1677139200,842.55,846.0,842.3,845.6,437436
1677140100,845.65,847.8,845.15,847.35,301462
1677141000,847.4,848.25,845.05,845.75,394366
1677141900,845.65,846.75,844.2,844.85,256885
1677142800,844.95,845.2,842.6,844.05,306265
1677143700,844.2,846.0,844.15,845.5,281751
1677144600,845.4,845.9,841.8,844.35,547517
1677145500,844.2,847.5,844.15,846.5,562238
1677210300,850.1,852.0,847.05,847.25,621818
1677211200,847.55,848.95,844.9,848.85,380422
1677212100,848.85,849.6,845.55,848.9,162904
1677213000,848.9,851.4,848.25,851.0,239264
1677213900,851.15,853.65,851.0,852.15,265496
1677214800,852.3,854.6,850.55,851.1,230991
1677215700,851.15,851.2,849.0,849.65,280615
1677216600,849.5,851.0,848.5,850.5,299275
1677217500,850.75,853.0,849.85,851.8,180591
1677218400,851.8,853.2,849.75,850.05,201188
1677219300,849.65,851.3,849.45,851.05,259355
1677220200,851.05,853.15,850.85,850.85,265291
1677221100,850.9,850.9,849.1,850.45,196074
1677222000,850.5,851.65,849.3,849.8,285524
1677222900,849.8,850.0,848.1,849.1,186600
1677223800,849.05,850.15,848.45,849.55,176031
1677224700,849.5,850.95,849.5,850.7,209369
1677225600,850.5,852.95,850.5,852.55,247580
1677226500,852.5,854.15,851.05,851.45,306670
1677227400,851.5,852.25,844.45,847.4,579953
1677228300,847.5,848.2,846.05,846.8,215848
1677229200,846.8,850.0,846.7,849.9,364816
1677230100,849.9,851.55,849.3,850.1,378274
1677231000,850.15,853.5,849.65,851.95,676862
1677231900,851.95,852.0,848.55,849.8,521820
1677469500,851.85,854.65,846.45,854.5,471342
1677470400,854.0,857.85,853.35,857.65,381852
1677471300,857.45,858.45,851.15,852.0,919656
1677472200,851.7,852.6,848.55,849.2,208419
1677473100,849.2,852.3,847.25,847.9,445435
1677474000,847.9,848.8,847.0,848.55,130252
1677474900,848.55,849.25,845.95,847.45,442598
1677475800,847.45,851.4,846.9,850.95,192902
1677476700,850.95,851.5,849.5,849.55,171168
1677477600,849.55,854.9,848.0,853.0,603849
1677478500,852.8,854.75,851.95,852.85,333399
1677479400,853.0,854.25,851.6,852.0,120318
1677480300,851.95,853.95,851.8,853.6,60508
1677481200,853.65,856.0,853.2,854.05,138268
1677482100,854.05,856.85,852.95,855.45,518500
1677483000,855.4,856.75,852.5,852.7,434200
1677483900,852.8,855.95,852.4,852.75,362779
1677484800,852.7,855.5,852.6,854.7,153945
1677485700,854.7,856.0,854.1,855.65,80504
1677486600,855.65,857.8,855.65,855.95,200548
1677487500,855.9,856.2,853.3,855.55,640511
1677488400,855.5,855.9,853.2,854.3,138893
1677489300,854.35,855.0,852.55,854.75,131982
1677490200,854.8,855.5,854.0,855.0,290667
1677491100,855.0,855.3,853.2,854.0,481078
1677555900,855.95,857.6,851.35,852.45,511517
1677556800,852.4,853.85,850.4,850.7,682421
1677557700,850.7,853.0,849.5,852.95,194740
1677558600,853.05,853.5,848.55,852.9,914533
1677559500,852.95,854.0,851.4,853.05,264676
1677560400,853.05,853.05,850.9,851.7,459865
1677561300,851.7,852.05,850.0,851.65,122039
1677562200,851.6,853.5,850.45,852.65,665607
1677563100,852.55,854.7,852.3,853.0,294285
1677564000,853.05,853.8,849.2,849.5,406128
1677564900,849.35,852.5,849.0,851.2,849287
1677565800,851.15,851.6,849.4,849.8,324714
1677566700,849.85,851.55,848.4,850.35,353687
1677567600,850.35,850.85,847.5,847.55,229914
1677568500,847.7,847.85,845.05,846.25,426067
1677569400,846.3,848.35,845.65,847.05,335044
1677570300,847.05,848.0,846.55,847.0,102630
1677571200,847.05,848.8,847.0,847.85,382239
1677572100,847.8,849.35,846.5,846.7,386392
1677573000,846.55,846.8,841.7,842.95,398909
1677573900,842.9,845.0,842.5,844.85,188024
1677574800,844.85,845.4,842.7,842.7,126833
1677575700,842.8,848.8,842.55,848.8,340546
1677576600,848.7,851.1,842.65,842.7,1996739
1677577500,842.7,846.3,840.0,845.9,2048352
1677642300,846.05,857.65,845.05,856.5,1254992
1677643200,856.25,859.65,856.25,857.75,422531
1677644100,857.95,860.85,857.6,859.55,373206
1677645000,859.6,862.7,859.6,862.0,440652
1677645900,862.0,862.4,859.85,862.15,664185
1677646800,862.15,863.7,859.4,861.3,761486
1677647700,861.25,861.9,860.3,860.45,196846
1677648600,860.3,861.5,858.85,861.0,491144
1677649500,861.0,861.65,860.45,861.45,218886
1677650400,861.2,863.3,860.3,862.95,817153
1677651300,862.85,865.9,862.5,865.0,294569
1677652200,864.95,865.7,862.5,862.5,220380
1677653100,862.55,865.0,861.2,865.0,495329
1677654000,864.9,865.4,862.9,864.8,462799
1677654900,865.0,865.85,864.6,865.1,204380
1677655800,865.15,865.4,864.1,864.6,203413
1677656700,864.55,864.6,861.85,863.45,570382
1677657600,863.6,865.0,863.4,864.95,200187
1677658500,864.9,867.6,864.0,865.95,850859
1677659400,865.95,868.4,865.3,866.75,904366
1677660300,866.75,866.8,864.9,866.15,235359
1677661200,866.2,867.9,866.05,867.75,319219
1677662100,867.75,868.75,867.1,867.65,295725
1677663000,867.6,867.75,864.0,864.0,710972
1677663900,864.15,865.25,863.7,864.4,715567
1677728700,866.0,866.8,851.3,855.3,1211202
1677729600,855.3,857.4,853.0,854.1,586546
1677730500,854.35,854.6,850.5,851.95,451249
1677731400,852.0,852.95,850.0,852.25,957234
1677732300,852.2,853.45,849.25,850.1,962114
1677733200,850.1,851.15,849.5,849.9,289598
1677734100,849.95,850.5,849.55,850.1,199809
1677735000,850.1,851.25,848.3,849.2,613132
1677735900,849.3,850.95,848.5,850.95,761667
1677736800,850.95,852.4,850.5,852.15,183521
1677737700,852.15,852.3,851.55,851.9,162020
1677738600,851.9,852.35,850.1,851.3,612416
1677739500,851.1,851.6,850.0,850.5,600882
1677740400,850.45,852.0,850.15,850.3,147994
1677741300,850.25,850.6,849.05,849.05,409200
1677742200,849.1,850.75,848.0,849.05,1046970
1677743100,849.05,850.3,848.0,848.25,609909
1677744000,848.15,848.3,846.1,846.65,485895
1677744900,846.55,847.5,845.6,847.1,426216
1677745800,847.1,848.8,846.05,848.05,410596
1677746700,847.95,848.4,846.55,847.8,379954
1677747600,847.8,848.55,846.2,846.3,336603
1677748500,846.3,846.85,845.45,846.05,357903
1677749400,846.05,846.85,845.0,846.75,886263
1677750300,846.85,846.85,843.5,844.0,760862
1677815100,849.75,849.8,846.0,848.05,556712
1677816000,848.15,849.4,845.6,848.05,712625
1677816900,848.0,851.95,847.85,851.15,536263
1677817800,850.85,853.8,849.9,853.7,535014
1677818700,853.85,854.95,853.1,854.3,210368
1677819600,854.1,856.35,853.25,856.35,217772
1677820500,856.35,858.6,856.0,856.9,590641
1677821400,856.8,857.2,855.05,855.25,323700
1677822300,855.45,856.7,853.6,855.75,535975
1677823200,855.85,858.0,855.25,857.55,175057
1677824100,857.35,857.55,854.6,855.15,126196
1677825000,855.5,857.3,855.1,856.15,190799
1677825900,856.15,856.15,854.1,854.5,102382
1677826800,854.25,855.3,852.55,853.0,192150
1677827700,852.9,854.25,852.6,853.6,87307
1677828600,853.6,854.25,853.3,853.95,100077
1677829500,853.85,855.2,853.65,855.0,138175
1677830400,855.0,856.65,855.0,856.0,175432
1677831300,855.95,856.5,854.5,854.75,124829
1677832200,854.75,856.8,854.5,856.8,191334
1677833100,856.8,858.25,855.5,857.05,713406
1677834000,857.05,857.05,854.05,855.0,220915
1677834900,855.0,855.25,853.95,854.55,207868
1677835800,854.25,854.4,851.5,852.2,511849
1677836700,852.15,854.9,851.75,854.55,474220
1678074300,856.95,862.65,856.25,860.7,438550
1678075200,860.75,862.25,858.6,858.95,455670
1678076100,858.95,863.75,858.95,863.15,587326
1678077000,862.35,863.1,860.5,862.95,559134
1678077900,862.95,863.4,860.55,861.3,799700
1678078800,861.25,862.5,861.15,862.05,180605
1678079700,862.05,862.45,859.25,859.5,207892
1678080600,859.4,861.45,857.75,859.45,563493
1678081500,859.75,860.25,857.0,858.3,407689
1678082400,858.1,859.3,857.8,859.3,110186
1678083300,859.3,859.6,858.0,859.35,125931
1678084200,859.05,859.35,857.5,859.0,385384
1678085100,858.7,859.15,855.75,858.65,917316
1678086000,858.65,859.65,857.15,859.2,466984
1678086900,859.15,861.0,859.0,859.7,147736
1678087800,859.75,860.65,857.45,858.1,683697
1678088700,858.05,859.9,856.4,858.45,533484
1678089600,858.25,858.25,856.7,857.3,131600
1678090500,857.3,858.1,855.6,857.0,961526
1678091400,856.95,860.85,856.9,860.2,308021
1678092300,860.15,863.3,859.95,862.5,488212
1678093200,862.5,862.85,860.2,860.2,183153
1678094100,860.2,860.95,858.8,859.55,160372
1678095000,860.0,860.5,858.65,859.35,483470
1678095900,859.3,860.0,858.75,859.95,481897
1678247100,858.5,858.5,853.05,854.8,806788
1678248000,854.8,859.9,854.0,857.3,403583
1678248900,856.7,860.95,855.85,858.35,744419
1678249800,858.3,858.6,855.8,858.1,268466
1678250700,858.1,858.25,856.0,856.0,63664
1678251600,855.85,858.6,855.65,858.4,406434
1678252500,858.45,859.0,856.65,857.2,430845
1678253400,857.4,859.0,856.65,858.15,759596
1678254300,857.9,858.9,857.5,858.15,361809
1678255200,858.15,859.4,857.65,858.75,515914
1678256100,858.8,859.25,858.3,858.85,47021
1678257000,858.85,858.85,857.2,857.4,181448
1678257900,857.45,858.7,856.6,856.8,526623
1678258800,857.0,857.85,854.7,854.7,325802
1678259700,854.8,855.1,853.5,853.95,114887
1678260600,854.0,855.3,853.75,854.65,87287
1678261500,854.65,855.4,853.55,853.7,209505
1678262400,853.7,855.2,853.65,854.85,294744
1678263300,854.85,857.65,854.4,857.25,202440
1678264200,857.3,858.7,856.7,858.25,607817
1678265100,858.2,858.5,857.15,858.05,151733
1678266000,858.1,858.1,855.45,856.4,117018
1678266900,856.4,856.95,856.0,856.35,84225
1678267800,856.45,862.0,856.4,861.75,483223
1678268700,861.75,862.5,861.3,861.3,519824
1678333500,862.5,869.95,862.0,869.8,947354
1678334400,869.8,870.8,867.5,869.5,1172860
1678335300,869.5,871.85,868.85,869.3,378626
1678336200,869.3,870.95,868.5,869.75,297989
1678337100,869.65,870.9,869.5,870.05,198619
1678338000,870.35,871.7,870.1,871.45,238470
1678338900,871.45,872.45,871.3,871.9,266816
1678339800,872.0,872.3,870.8,872.2,141830
1678340700,872.0,873.75,871.0,873.5,540645
1678341600,873.5,874.25,872.9,873.5,228297
1678342500,873.5,873.6,870.45,870.85,196146
1678343400,871.0,871.3,869.25,869.85,374060
1678344300,869.85,870.4,868.75,869.8,521602
1678345200,869.9,871.65,869.5,870.5,718223
1678346100,870.75,871.5,869.6,871.4,900531
1678347000,871.4,873.2,870.55,871.9,822088
1678347900,871.9,873.0,870.7,872.95,1782747
1678348800,873.0,873.4,871.1,871.2,379566
1678349700,871.2,871.4,869.5,870.55,630706
1678350600,870.55,871.65,870.05,870.95,592091
1678351500,870.95,871.45,870.0,870.05,551214
1678352400,870.05,870.45,869.0,870.0,1341430
1678353300,869.95,870.4,867.0,867.45,355192
1678354200,867.45,869.5,867.0,867.8,511997
1678355100,868.2,868.4,865.35,865.35,645384
1678419900,859.6,861.6,855.0,859.05,2903551
1678420800,859.0,859.0,851.8,852.2,652254
1678421700,852.2,852.7,850.0,850.35,343550
1678422600,850.4,851.5,849.0,850.55,504317
1678423500,850.4,853.5,850.1,853.05,552832
1678424400,853.0,853.5,852.75,853.1,162621
1678425300,853.1,853.3,852.4,853.05,387614
1678426200,853.0,854.25,852.65,853.1,363003
1678427100,853.1,853.45,852.65,853.15,281983
1678428000,853.2,853.25,850.3,850.65,627498
1678428900,850.65,851.65,848.25,848.55,344165
1678429800,848.6,849.0,847.55,848.05,259528
1678430700,848.05,848.15,845.55,847.05,274265
1678431600,847.05,847.9,845.5,847.7,474934
1678432500,847.65,848.55,847.05,848.2,195040
1678433400,848.2,850.3,848.1,849.4,247953
1678434300,849.45,849.5,847.25,848.1,169983
1678435200,848.3,848.45,846.8,847.55,165952
1678436100,847.55,850.75,846.75,850.35,390012
1678437000,850.4,851.95,849.5,851.1,298316
1678437900,851.05,851.55,850.55,850.85,198634
1678438800,850.8,851.85,849.55,851.3,243312
1678439700,851.15,851.45,849.4,850.6,269378
1678440600,851.0,852.5,850.6,852.1,406683
1678441500,852.05,852.75,850.1,850.6,468023
1678679100,845.6,857.0,845.6,853.55,625692
1678680000,853.85,856.85,852.0,853.1,424916
1678680900,853.0,853.1,850.0,851.85,276572
1678681800,851.95,854.4,851.7,852.8,198998
1678682700,852.8,853.45,851.25,851.8,121262
1678683600,851.9,853.65,851.15,853.0,118119
1678684500,853.0,853.5,851.45,852.0,81151
1678685400,851.7,852.0,849.4,850.25,119017
1678686300,850.15,851.1,849.0,849.0,131124
1678687200,849.05,849.25,846.7,848.4,136829
1678688100,848.35,848.65,845.5,847.35,78181
1678689000,847.4,847.5,845.0,845.55,113802
1678689900,845.55,845.55,842.6,844.0,171598
1678690800,844.1,844.65,841.65,842.05,384865
1678691700,842.0,843.0,838.6,839.8,407034
1678692600,839.75,840.95,838.4,838.55,145847
1678693500,838.8,840.45,835.0,836.9,733500
1678694400,836.95,837.2,830.75,833.7,767762
1678695300,833.6,835.8,831.3,831.3,404558
1678696200,831.25,833.85,830.5,833.35,516070
1678697100,833.5,834.75,831.05,832.9,258003
1678698000,832.85,833.5,828.45,832.45,302049
1678698900,832.65,835.2,830.05,831.75,594983
1678699800,831.7,833.1,829.05,831.35,515851
1678700700,831.5,835.3,831.0,832.0,654376
1678765500,828.0,833.15,823.75,830.45,1081639
1678766400,830.85,835.0,829.05,829.05,823560
1678767300,829.1,832.2,828.2,829.95,479211
1678768200,829.95,830.25,825.7,826.0,348701
1678769100,826.05,826.55,822.25,822.55,395934
1678770000,822.6,824.7,820.2,823.25,333110
1678770900,823.35,824.95,821.1,822.6,536356
1678771800,822.45,823.1,817.4,819.3,945580
1678772700,819.35,822.3,819.0,821.3,330713
1678773600,821.25,823.7,820.8,822.85,580565
1678774500,822.85,823.5,821.7,822.55,167094
1678775400,822.55,823.0,821.4,822.7,115948
1678776300,822.8,829.3,821.85,826.55,616819
1678777200,826.5,830.4,825.65,826.95,567170
1678778100,826.95,827.8,823.2,823.75,672089
1678779000,823.7,824.7,821.05,822.1,622595
1678779900,821.95,827.3,820.95,827.3,386281
1678780800,827.0,828.8,824.55,827.45,797544
1678781700,827.05,827.8,824.2,825.85,149655
1678782600,825.85,829.0,825.5,828.55,215236
1678783500,828.55,833.5,825.2,832.85,776169
1678784400,832.85,834.55,830.0,831.6,335562
1678785300,831.65,834.6,830.8,834.2,221198
1678786200,834.2,835.7,831.3,833.05,513085
1678787100,833.0,834.95,831.0,834.3,464883
1678851900,838.05,843.5,837.5,841.15,521770
1678852800,841.05,841.9,836.1,836.85,209323
1678853700,836.9,839.1,836.05,836.75,121116
1678854600,836.75,837.2,834.45,836.85,83287
1678855500,836.9,837.55,835.1,836.1,120299
1678856400,836.1,836.3,832.2,832.55,115901
1678857300,832.55,834.55,831.6,834.15,138999
1678858200,834.15,836.55,833.05,834.65,243426
1678859100,834.65,837.45,834.35,836.75,126032
1678860000,836.85,837.45,832.9,832.9,155881
1678860900,833.05,834.05,832.2,832.35,196012
1678861800,832.5,832.5,828.5,828.85,332532
1678862700,828.8,829.8,826.5,827.1,270304
1678863600,827.15,829.25,826.0,828.1,149996
1678864500,828.15,828.5,825.3,825.95,240324
1678865400,826.0,827.75,825.15,825.45,311924
1678866300,825.45,825.65,822.35,823.6,280287
1678867200,823.6,825.05,821.5,823.75,345030
1678868100,824.5,825.45,820.0,820.2,380134
1678869000,820.25,824.55,819.35,823.45,372078
1678869900,823.45,825.35,822.65,823.55,227545
1678870800,823.55,825.5,823.05,823.9,331204
1678871700,823.9,825.8,823.6,825.25,309274
1678872600,825.3,825.7,823.2,824.05,517578
1678873500,824.05,824.85,820.55,823.0,528995
1678851900,838.05,843.5,837.5,841.15,521770
1678852800,841.05,841.9,836.1,836.85,209323
1678853700,836.9,839.1,836.05,836.75,121116
1678854600,836.75,837.2,834.45,836.85,83287
1678855500,836.9,837.55,835.1,836.1,120299
1678856400,836.1,836.3,832.2,832.55,115901
1678857300,832.55,834.55,831.6,834.15,138999
1678858200,834.15,836.55,833.05,834.65,243426
1678859100,834.65,837.45,834.35,836.75,126032
1678860000,836.85,837.45,832.9,832.9,155881
1678860900,833.05,834.05,832.2,832.35,196012
1678861800,832.5,832.5,828.5,828.85,332532
1678862700,828.8,829.8,826.5,827.1,270304
1678863600,827.15,829.25,826.0,828.1,149996
1678864500,828.15,828.5,825.3,825.95,240324
1678865400,826.0,827.75,825.15,825.45,311924
1678866300,825.45,825.65,822.35,823.6,280287
1678867200,823.6,825.05,821.5,823.75,345030
1678868100,824.5,825.45,820.0,820.2,380134
1678869000,820.25,824.55,819.35,823.45,372078
1678869900,823.45,825.35,822.65,823.55,227545
1678870800,823.55,825.5,823.05,823.9,331204
1678871700,823.9,825.8,823.6,825.25,309274
1678872600,825.3,825.7,823.2,824.05,517578
1678873500,824.05,824.85,820.55,823.0,528995
1678938300,821.5,825.75,817.65,819.45,902490
1678939200,819.7,819.85,815.0,815.25,341662
1678940100,815.25,821.95,814.3,821.55,811624
1678941000,821.55,821.95,816.65,819.65,256566
1678941900,819.55,826.65,819.0,824.8,362174
1678942800,824.8,829.5,822.3,826.3,388309
1678943700,826.25,831.4,824.25,830.7,345223
1678944600,830.6,832.65,829.7,830.0,308697
1678945500,829.85,830.4,826.9,827.1,248441
1678946400,827.2,827.6,824.3,826.45,312548
1678947300,826.35,827.45,823.8,825.55,193825
1678948200,825.55,827.0,822.5,822.55,195712
1678949100,822.55,823.9,821.35,822.3,299193
1678950000,822.35,826.8,820.8,824.0,214281
1678950900,823.9,827.3,823.7,826.7,131955
1678951800,827.1,829.0,824.75,827.45,197905
1678952700,827.5,828.45,826.35,828.05,161858
1678953600,828.05,830.7,826.55,827.9,264371
1678954500,827.9,828.75,826.1,827.65,174602
1678955400,827.6,835.55,827.6,835.25,410061
1678956300,835.3,837.9,834.2,835.55,408073
1678957200,835.65,835.75,831.5,832.55,238954
1678958100,832.55,833.5,828.45,830.4,246351
1678959000,831.1,832.0,827.05,829.95,581692
1678959900,829.9,833.05,829.5,832.5,770596
1679024700,835.0,841.5,835.0,839.0,422695
1679025600,839.1,839.7,835.0,835.5,275440
1679026500,835.8,837.0,833.2,833.4,204730
1679027400,833.4,834.0,831.35,832.45,152411
1679028300,832.45,834.6,831.1,831.25,103217
1679029200,831.55,833.55,831.0,831.25,294697
1679030100,831.35,832.0,829.2,829.5,171029
1679031000,829.55,830.55,827.5,827.85,150353
1679031900,827.8,828.3,826.55,827.8,164630
1679032800,827.8,827.8,825.0,826.25,152356
1679033700,826.25,828.9,825.7,827.55,204440
1679034600,827.25,828.9,824.0,824.65,215860
1679035500,824.6,825.6,823.0,824.5,183871
1679036400,824.5,826.25,823.3,825.7,218814
1679037300,825.55,827.65,825.25,825.65,325635
1679038200,825.7,826.95,823.35,826.1,188448
1679039100,825.75,828.35,825.75,826.35,268863
1679040000,826.35,828.55,826.2,826.55,231487
1679040900,826.5,829.7,826.5,828.9,221409
1679041800,828.9,829.9,828.0,828.35,207211
1679042700,828.5,829.25,825.35,826.5,384198
1679043600,826.45,831.25,826.45,830.85,389180
1679044500,830.85,834.95,830.2,834.2,442275
1679045400,833.9,838.35,833.9,837.3,1093153
1679046300,837.35,839.8,836.25,837.45,1053966
1679283900,836.0,836.0,828.65,831.5,303515
1679284800,831.75,832.0,829.65,830.15,146633
1679285700,830.15,830.8,825.55,826.35,263477
1679286600,826.45,829.35,826.2,829.2,370326
1679287500,829.05,830.0,827.45,827.85,556490
1679288400,827.85,831.4,827.45,830.3,574331
1679289300,830.3,839.2,830.0,839.05,322489
1679290200,839.0,841.0,835.5,838.05,728652
1679291100,838.2,838.4,832.65,833.9,377334
1679292000,833.65,834.0,831.65,832.25,447506
1679292900,832.45,835.8,830.75,830.75,663318
1679293800,831.05,831.8,828.35,829.25,848821
1679294700,829.25,830.4,828.35,828.95,491549
1679295600,829.25,830.4,828.2,830.4,389555
1679296500,830.55,830.55,827.4,827.95,458094
1679297400,828.25,830.7,827.0,830.5,130624
1679298300,830.2,830.85,827.5,830.2,253116
1679299200,830.4,833.05,829.65,830.05,626783
1679300100,830.15,831.3,827.55,827.7,660509
1679301000,827.85,832.0,827.6,830.7,378153
1679301900,830.95,833.8,829.9,833.55,157415
1679302800,833.6,834.8,832.0,832.45,530337
1679303700,832.45,833.9,831.5,832.65,162435
1679304600,833.25,838.55,832.8,838.0,434504
1679305500,837.75,839.7,837.15,837.9,463977
1679370300,840.1,846.0,840.1,844.0,631014
1679371200,844.15,844.15,842.0,843.35,287586
1679372100,843.55,844.25,840.65,843.95,257174
1679373000,844.0,847.0,843.15,845.3,237362
1679373900,845.4,846.25,843.0,843.65,172842
1679374800,843.65,847.5,842.45,846.95,588043
1679375700,846.9,848.3,845.65,846.05,601422
1679376600,845.65,846.35,844.0,846.35,272467
1679377500,846.15,847.2,843.0,843.0,725385
1679378400,843.0,843.75,840.95,841.8,383928
1679379300,841.6,842.5,838.75,840.05,453824
1679380200,840.1,843.35,840.1,841.95,313603
1679381100,841.9,844.5,841.75,844.5,159408
1679382000,844.6,845.6,843.9,845.2,229701
1679382900,845.25,848.8,844.85,847.4,571502
1679383800,847.5,849.9,847.35,849.65,264707
1679384700,849.65,849.95,847.3,847.35,613641
1679385600,847.45,849.2,847.3,847.4,463743
1679386500,847.3,852.0,847.3,851.55,375390
1679387400,851.6,852.4,849.55,851.9,852451
1679388300,851.9,853.8,851.65,852.4,349234
1679389200,852.4,856.0,852.4,854.95,722963
1679390100,855.0,857.35,855.0,856.1,900313
1679391000,856.25,857.0,854.3,854.5,476873
1679391900,854.5,856.8,854.15,854.65,568692
1679456700,855.6,859.8,854.6,857.85,1844675
1679457600,857.85,857.85,854.1,856.4,530996
1679458500,856.4,856.45,852.55,852.8,224987
1679459400,852.85,853.6,851.0,851.65,286923
1679460300,851.65,852.0,849.4,851.95,266349
1679461200,851.95,852.4,850.8,851.15,216057
1679462100,851.15,851.2,849.35,850.15,247386
1679463000,850.0,850.45,848.15,850.25,300239
1679463900,850.2,853.15,849.75,853.15,280465
1679464800,852.9,853.7,852.5,853.0,300211
1679465700,853.05,853.1,850.9,851.3,186797
1679466600,851.3,852.15,849.6,850.7,198305
1679467500,850.6,850.85,849.8,850.0,178434
1679468400,850.0,850.85,849.2,849.9,155510
1679469300,849.95,850.3,849.35,849.7,134526
1679470200,849.7,850.65,849.5,849.9,173769
1679471100,849.8,850.75,849.25,850.0,178391
1679472000,850.15,852.0,849.75,851.05,204924
1679472900,851.3,852.25,850.95,851.35,213574
1679473800,851.35,851.8,850.75,850.85,165293
1679474700,850.85,851.45,849.45,849.65,176507
1679475600,850.0,850.0,847.05,848.3,239594
1679476500,848.3,849.6,847.3,848.45,205804
1679477400,848.5,850.5,848.5,850.15,471295
1679478300,849.9,850.85,849.1,849.8,617371
1679543100,847.0,852.7,845.2,845.55,673731
1679544000,845.6,849.65,845.1,849.6,342430
1679544900,849.65,855.5,849.65,853.7,621346
1679545800,853.65,856.9,853.65,855.0,435304
1679546700,855.0,859.0,855.0,858.85,467996
1679547600,858.85,861.15,858.55,859.65,426553
1679548500,859.65,860.0,856.6,858.6,308253
1679549400,858.85,858.95,856.15,856.65,261900
1679550300,856.75,857.4,856.2,857.25,233782
1679551200,857.3,858.8,856.55,858.5,307643
1679552100,858.45,860.5,857.1,860.2,526119
1679553000,860.2,860.9,859.15,859.3,428786
1679553900,859.3,859.9,858.2,858.4,190031
1679554800,858.5,859.75,857.65,859.45,181989
1679555700,859.45,859.9,858.1,858.55,261197
1679556600,858.55,859.05,856.5,857.2,258495
1679557500,857.2,858.05,856.85,857.65,180963
1679558400,857.65,859.5,857.3,857.55,328892
1679559300,857.6,857.95,856.0,856.55,294731
1679560200,856.55,856.95,853.4,853.75,764849
1679561100,853.7,854.05,851.6,852.1,305969
1679562000,852.1,852.1,849.8,850.9,380222
1679562900,850.9,851.15,849.0,850.65,434674
1679563800,850.9,852.0,847.0,848.1,693271
1679564700,848.05,848.7,846.65,846.75,533400
1679629500,846.25,852.5,844.0,845.35,639476
1679630400,845.05,848.65,842.55,846.0,858158
1679631300,845.85,846.8,845.0,846.25,543211
1679632200,846.15,846.35,842.5,844.6,544426
1679633100,844.35,846.85,844.1,844.55,333077
1679634000,844.65,845.15,843.4,844.55,256554
1679634900,844.45,846.05,843.4,843.6,372226
1679635800,843.55,847.85,843.55,847.8,256432
1679636700,847.8,850.5,847.8,848.8,600216
1679637600,848.85,850.65,848.1,850.5,198545
1679638500,850.6,852.0,849.0,850.75,317857
1679639400,850.9,851.0,849.0,849.85,114862
1679640300,849.85,851.0,849.0,849.4,331365
1679641200,849.25,849.5,846.8,847.35,167638
1679642100,847.4,847.4,845.0,846.2,264285
1679643000,846.2,847.7,845.75,847.7,140218
1679643900,847.7,848.25,846.5,846.65,115913
1679644800,846.95,847.0,844.05,844.5,151853
1679645700,844.55,846.7,844.0,845.1,187147
1679646600,845.15,845.2,843.75,844.45,114267
1679647500,844.5,844.5,840.5,841.1,191708
1679648400,841.05,842.5,838.2,841.65,298489
1679649300,841.65,842.2,839.15,840.65,211672
1679650200,841.2,841.85,837.25,840.95,458004
1679651100,841.0,841.0,838.1,839.2,403400
1679888700,841.05,842.2,832.25,836.9,786196
1679889600,837.15,841.3,836.25,837.65,559936
1679890500,837.5,839.9,836.05,837.6,453285
1679891400,837.55,839.45,836.55,837.25,327539
1679892300,837.25,838.7,836.35,836.5,310677
1679893200,836.45,836.75,832.0,832.35,281648
1679894100,832.35,835.65,831.55,834.55,279157
1679895000,834.35,837.05,833.4,834.25,478974
1679895900,834.3,834.3,832.2,833.9,134662
1679896800,833.95,837.35,832.25,837.0,406062
1679897700,837.0,837.05,834.0,835.45,319872
1679898600,835.45,836.55,835.0,835.8,134976
1679899500,835.8,838.3,834.45,835.35,551547
1679900400,835.55,838.0,835.05,835.4,490329
1679901300,835.4,837.7,833.15,833.7,569636
1679902200,833.7,834.7,831.0,831.0,386522
1679903100,831.05,831.8,829.2,830.7,397923
1679904000,830.7,832.5,830.5,832.3,228279
1679904900,832.4,833.05,831.75,832.9,219515
1679905800,832.95,834.45,832.2,833.5,234160
1679906700,833.5,838.5,833.3,837.5,658276
1679907600,837.45,839.45,835.45,837.3,606432
1679908500,837.3,839.35,836.0,836.4,454769
1679909400,836.4,839.05,832.15,832.65,644936
1679910300,832.75,832.75,829.9,832.0,679195
1679975100,837.4,837.4,831.0,831.35,675984
1679976000,831.45,833.35,829.05,831.0,697377
1679976900,830.7,831.55,827.0,829.25,772875
1679977800,829.05,831.0,827.5,829.45,398604
1679978700,829.6,829.85,826.75,827.25,135041
1679979600,827.25,829.4,826.05,828.1,164264
1679980500,827.95,830.85,827.95,829.5,204046
1679981400,829.4,833.25,829.25,831.6,584966
1679982300,832.0,832.7,829.45,829.8,317595
1679983200,829.8,831.7,828.7,831.3,593372
1679984100,831.3,832.2,830.0,831.2,269725
1679985000,831.05,831.25,829.3,829.9,102995
1679985900,829.9,830.35,828.35,829.35,362744
1679986800,829.35,830.45,828.45,828.85,173242
1679987700,828.95,831.45,828.85,831.1,93008
1679988600,831.05,834.5,831.05,833.45,578818
1679989500,833.55,834.45,829.45,830.65,713650
1679990400,830.65,832.1,829.6,831.0,604793
1679991300,831.0,831.95,829.5,829.85,185203
1679992200,829.65,831.65,828.0,828.8,632351
1679993100,828.65,829.45,826.85,828.6,288020
1679994000,828.75,831.25,828.0,829.9,367554
1679994900,830.05,831.35,829.25,830.9,181329
1679995800,830.95,834.6,828.65,830.95,1055356
1679996700,830.95,835.6,830.25,833.7,832490
1680061500,832.5,836.8,830.35,832.55,1142552
1680062400,832.3,835.7,830.5,835.3,1055297
1680063300,835.1,835.5,831.75,833.85,834931
1680064200,833.85,834.95,832.05,834.35,704809
1680065100,834.35,840.0,833.8,840.0,443759
1680066000,839.9,840.2,837.0,837.1,414890
1680066900,837.2,838.25,834.2,834.75,462115
1680067800,834.95,837.15,834.35,835.0,696897
1680068700,834.85,837.0,833.15,836.1,615510
1680069600,836.1,836.15,833.0,833.35,301793
1680070500,833.4,834.9,830.9,832.35,832070
1680071400,832.2,832.4,830.6,830.85,152602
1680072300,830.7,833.4,830.0,832.75,711959
1680073200,832.75,833.2,831.6,832.3,184332
1680074100,832.1,834.35,832.0,832.2,148513
1680075000,832.2,834.2,831.05,831.7,743230
1680075900,831.6,833.05,831.6,832.5,182088
1680076800,832.45,833.95,831.2,833.1,696296
1680077700,832.9,834.45,832.0,833.85,480169
1680078600,833.85,837.45,833.65,837.3,224995
1680079500,837.3,839.15,834.05,835.75,1027182
1680080400,835.85,836.35,832.8,833.25,455191
1680081300,833.4,835.45,831.85,834.3,461902
1680082200,834.0,844.35,834.0,844.3,2349954
1680083100,843.95,848.45,842.9,844.7,1791284
1680234300,854.9,859.0,847.5,855.25,1492259
1680235200,855.2,856.35,850.95,854.2,693277
1680236100,854.2,854.5,851.3,851.8,459052
1680237000,851.9,854.75,851.15,852.5,919117
1680237900,852.7,853.25,849.5,851.15,884903
1680238800,851.0,851.8,849.15,851.0,605210
1680239700,851.0,851.75,848.95,850.8,456804
1680240600,850.75,850.9,849.25,850.1,159644
1680241500,849.9,850.7,849.15,850.65,127503
1680242400,850.5,852.5,850.5,850.85,287066
1680243300,850.85,852.65,850.05,851.5,354121
1680244200,851.5,851.85,850.55,851.15,101575
1680245100,851.2,851.9,849.35,850.9,437692
1680246000,850.9,853.5,850.6,853.25,250131
1680246900,853.25,853.5,851.25,851.35,130886
1680247800,851.3,852.25,850.5,851.2,116349
1680248700,851.2,852.45,849.5,850.75,645745
1680249600,850.75,851.45,850.5,851.4,126096
1680250500,851.4,853.5,851.25,853.1,184822
1680251400,853.15,854.4,851.8,853.8,663026
1680252300,853.8,855.65,853.6,855.4,378692
1680253200,855.45,855.6,854.0,855.45,217845
1680254100,855.4,855.55,854.0,855.2,258137
1680255000,855.3,860.9,854.8,859.25,1587061
1680255900,859.1,859.9,856.0,858.0,1314478
1680493500,864.0,865.4,859.3,862.05,1145806
1680494400,862.2,865.0,859.35,860.15,827480
1680495300,860.15,862.4,858.2,860.95,686241
1680496200,860.95,863.4,859.55,861.95,472307
1680497100,861.85,862.75,860.2,860.95,558304
1680498000,860.75,861.4,858.4,859.7,452845
1680498900,859.65,861.3,857.9,858.45,234277
1680499800,858.4,859.2,856.45,858.35,300185
1680500700,858.4,858.95,856.5,857.6,132824
1680501600,857.45,859.2,856.6,857.8,187990
1680502500,858.0,860.4,857.3,860.15,579789
1680503400,860.15,863.45,860.0,860.95,510453
1680504300,860.8,862.95,860.35,861.2,533589
1680505200,861.25,862.1,859.1,860.75,392002
1680506100,861.0,861.75,858.0,858.55,372216
1680507000,858.55,861.35,857.4,858.95,440991
1680507900,858.7,862.05,858.7,861.9,181164
1680508800,861.9,864.85,859.9,863.95,942733
1680509700,863.9,864.25,862.1,862.85,442135
1680510600,862.6,866.3,862.15,865.05,761296
1680511500,865.1,865.5,863.65,865.05,441284
1680512400,865.0,866.8,863.3,863.9,693277
1680513300,863.7,865.7,863.1,863.8,722525
1680514200,863.8,865.4,863.35,864.95,717483
1680515100,864.85,866.0,863.5,865.35,485849
1680666300,871.0,871.0,859.1,863.65,915434
1680667200,863.7,864.25,859.35,859.4,1023445
1680668100,859.35,861.0,857.2,859.2,1571613
1680669000,859.15,861.95,858.55,860.9,488762
1680669900,861.0,862.1,859.2,860.85,988408
1680670800,860.85,861.05,858.6,859.3,477404
1680671700,859.2,860.15,858.05,859.65,728367
1680672600,859.65,860.25,858.45,859.35,634401
1680673500,859.35,859.9,858.15,859.05,173262
1680674400,859.0,859.3,857.0,858.9,305820
1680675300,858.9,860.8,858.3,860.3,417268
1680676200,860.15,860.8,859.6,859.9,122368
1680677100,859.9,860.6,859.65,859.75,69059
1680678000,859.9,861.25,859.5,860.9,87588
1680678900,860.95,861.0,859.55,859.9,126733
1680679800,860.05,862.25,859.7,861.8,161711
1680680700,861.9,862.0,860.3,860.6,109146
1680681600,860.6,861.45,860.0,861.25,156386
1680682500,861.0,861.95,859.2,859.7,342575
1680683400,859.85,862.25,859.15,862.15,295268
1680684300,862.15,862.25,860.65,861.3,304860
1680685200,861.35,861.75,860.2,860.35,236806
1680686100,860.4,861.25,860.1,860.95,148830
1680687000,860.95,861.55,859.35,859.65,730174
1680687900,859.65,861.55,859.05,860.75,1128964
1680752700,861.8,863.25,852.6,853.25,1194162
1680753600,853.0,854.4,851.2,854.0,819067
1680754500,854.0,854.4,851.2,851.7,708521
1680755400,851.7,859.2,851.3,856.7,1012812
1680756300,856.8,858.0,855.05,856.55,945560
1680757200,856.15,859.5,855.5,857.5,885440
1680758100,857.75,861.15,856.75,860.5,630917
1680759000,860.25,861.45,859.45,861.3,148905
1680759900,861.15,861.25,859.35,860.55,139153
1680760800,860.6,861.0,857.5,857.75,172870
1680761700,857.6,858.15,855.6,855.95,346516
1680762600,855.65,857.25,854.75,855.95,633452
1680763500,855.85,858.25,855.2,857.8,281608
1680764400,857.8,858.8,857.0,858.65,182197
1680765300,858.65,859.7,858.05,858.95,87055
1680766200,858.75,859.2,857.25,858.4,177015
1680767100,858.2,859.45,857.7,859.45,100402
1680768000,859.45,860.15,855.3,855.55,833216
1680768900,855.55,856.55,851.4,852.75,1792286
1680769800,852.85,854.85,849.5,850.55,2104333
1680770700,850.2,852.95,849.0,849.95,1237404
1680771600,849.95,852.8,849.35,849.35,500405
1680772500,849.75,852.85,849.05,850.95,1370317
1680773400,850.65,853.85,849.8,852.95,1865567
1680774300,852.95,853.9,849.95,850.5,1491742
1681098300,854.8,854.95,849.2,852.6,856699
1681099200,852.7,852.7,848.25,849.7,1546016
1681100100,849.7,850.0,846.15,846.65,1457357
1681101000,846.25,848.5,844.65,847.8,1389104
1681101900,847.45,848.15,845.65,847.4,302894
1681102800,847.4,848.8,847.05,847.05,85867
1681103700,847.1,848.1,845.85,846.9,251284
1681104600,846.9,848.85,845.75,848.2,840332
1681105500,848.25,848.7,846.0,848.15,792223
1681106400,848.15,848.7,846.3,847.95,877856
1681107300,848.0,848.5,846.3,847.9,536563
1681108200,847.95,849.15,847.05,848.7,467315
1681109100,848.7,850.55,848.35,850.0,101109
1681110000,850.25,850.9,848.4,849.9,767542
1681110900,850.0,850.5,849.3,850.0,93826
1681111800,850.0,850.5,848.65,848.9,146277
1681112700,848.9,850.85,848.75,850.0,335401
1681113600,850.0,850.2,847.4,849.2,1359577
1681114500,849.25,849.25,847.4,847.8,123900
1681115400,847.75,848.75,846.55,847.5,185919
1681116300,847.6,848.0,845.0,846.25,345211
1681117200,846.0,846.85,845.1,846.7,105981
1681118100,846.7,847.65,845.25,845.95,366529
1681119000,846.3,848.6,845.8,848.0,1207556
1681119900,848.15,848.7,843.95,844.8,1106523
1681184700,848.25,852.0,844.05,849.0,1735810
1681185600,848.75,850.9,847.5,847.55,1579393
1681186500,847.8,849.05,845.25,846.3,1343346
1681187400,846.25,849.0,845.7,847.35,1077938
1681188300,847.35,850.35,847.05,849.1,2021062
1681189200,849.0,849.9,845.15,846.0,857208
1681190100,846.0,847.0,845.3,847.0,120400
1681191000,847.0,847.9,846.4,846.95,287386
1681191900,846.65,848.25,845.35,847.45,1365305
1681192800,847.6,848.8,846.1,846.7,583806
1681193700,846.7,848.0,846.35,847.85,311311
1681194600,847.45,848.95,847.0,848.0,280176
1681195500,848.3,849.25,847.15,848.7,270050
1681196400,848.75,852.3,848.55,850.7,561244
1681197300,850.45,852.1,849.55,849.8,475613
1681198200,849.75,850.0,848.15,848.75,136537
1681199100,848.5,849.5,848.5,848.6,120028
1681200000,848.7,851.4,848.15,851.05,451579
1681200900,851.25,851.9,848.55,850.85,1066068
1681201800,850.9,851.0,848.5,850.75,1682264
1681202700,850.7,851.85,848.75,850.65,1727887
1681203600,850.7,853.5,849.65,851.8,1172708
1681204500,852.1,855.7,851.35,853.95,1864119
1681205400,853.65,855.1,851.35,854.45,1549853
1681206300,854.25,854.45,851.45,853.8,1272114
1681271100,854.9,856.65,849.4,850.2,1425726
1681272000,850.35,852.9,849.0,850.95,811603
1681272900,850.8,852.1,849.95,851.4,242049
1681273800,851.4,851.85,849.1,850.1,1251242
1681274700,850.0,851.15,849.05,850.05,534142
1681275600,850.15,853.05,849.8,851.25,969371
1681276500,851.3,851.8,849.25,849.35,1054701
1681277400,849.3,849.9,848.0,848.65,259076
1681278300,848.7,849.7,848.5,848.75,220136
1681279200,848.8,850.0,847.8,849.65,130620
1681280100,849.6,851.0,849.0,850.2,360203
1681281000,850.15,850.4,848.05,848.95,459824
1681281900,848.75,849.05,848.25,848.75,91520
1681282800,848.9,849.0,848.0,848.45,83484
1681283700,848.45,849.0,848.1,848.4,61708
1681284600,848.35,849.4,847.0,847.05,821363
1681285500,847.05,849.5,846.65,848.45,647288
1681286400,848.4,850.3,848.3,849.85,205668
1681287300,849.85,850.7,848.7,849.7,643353
1681288200,849.7,851.0,848.85,850.9,973620
1681289100,850.85,851.9,849.7,851.0,883370
1681290000,851.15,851.6,849.7,849.95,288073
1681290900,849.95,850.7,849.55,850.0,179778
1681291800,850.0,851.3,849.65,851.1,410079
1681292700,851.1,852.3,850.5,851.95,463119
1681357500,853.65,853.9,848.2,850.25,1991258
1681358400,850.35,855.0,850.15,853.25,843008
1681359300,853.25,854.7,852.1,852.75,1608101
1681360200,852.75,852.95,849.8,851.35,861917
1681361100,851.35,853.0,850.75,850.85,1461336
1681362000,850.85,852.35,848.6,848.75,711534
1681362900,848.75,850.05,846.2,846.45,911676
1681363800,846.6,848.0,846.4,847.25,150658
1681364700,847.25,847.55,845.25,846.3,308620
1681365600,846.3,847.9,845.0,847.85,535707
1681366500,847.85,848.3,846.85,847.4,107458
1681367400,847.75,848.0,846.9,847.1,90377
1681368300,847.05,848.8,845.0,848.25,1102797
1681369200,848.0,848.3,845.65,846.7,541077
1681370100,846.7,848.85,846.5,848.85,97893
1681371000,848.7,849.9,848.0,849.3,243559
1681371900,849.55,850.7,848.45,850.05,780266
1681372800,850.05,852.0,849.65,851.25,794457
1681373700,851.25,853.9,850.3,853.5,1251426
1681374600,853.4,856.4,852.65,855.15,772095
1681375500,855.05,858.7,854.25,856.45,1486334
1681376400,856.35,859.15,855.7,856.85,1607225
1681377300,857.15,865.35,856.15,863.7,1970258
1681378200,863.75,866.45,861.0,866.4,2373720
1681379100,866.4,867.7,863.3,864.0,1299842
1681703100,882.0,882.0,866.35,870.6,2575980
1681704000,870.55,874.45,868.0,870.5,2409643
1681704900,870.65,872.35,863.4,863.5,1224315
1681705800,863.5,865.25,861.0,865.15,752908
1681706700,865.2,868.4,864.2,867.0,422504
1681707600,867.0,868.7,863.2,864.2,918595
1681708500,864.2,866.95,863.25,863.25,1581861
1681709400,863.65,864.75,862.5,862.8,353640
1681710300,862.8,864.4,861.4,862.65,1130114
1681711200,863.15,865.65,862.6,865.3,281743
1681712100,865.3,866.55,864.35,865.65,232340
1681713000,865.65,868.5,864.2,866.8,1597782
1681713900,866.65,868.0,865.75,867.4,1309887
1681714800,867.4,869.35,866.35,868.8,1585500
1681715700,868.6,869.0,867.15,867.15,125751
1681716600,867.2,867.4,864.5,864.95,148340
1681717500,864.95,864.95,863.5,864.4,143384
1681718400,864.4,865.55,863.95,864.65,105926
1681719300,865.1,865.9,863.1,864.85,1176142
1681720200,864.8,866.35,864.05,866.2,341232
1681721100,866.15,866.25,865.2,865.85,116070
1681722000,865.75,866.1,863.35,864.45,613044
1681722900,864.4,865.2,863.55,863.85,1016413
1681723800,863.8,866.0,863.45,864.45,1039817
1681724700,864.5,865.9,863.55,864.0,1109190
1681789500,865.35,872.0,864.35,868.8,2427001
1681790400,868.85,870.05,866.55,868.45,1131936
1681791300,868.5,868.85,865.55,866.0,939924
1681792200,866.0,867.15,865.25,866.7,169617
1681793100,866.65,866.75,865.1,866.35,363588
1681794000,866.25,870.0,864.55,868.7,1367872
1681794900,868.4,869.0,865.95,867.75,1213885
1681795800,868.45,869.65,867.2,869.05,999805
1681796700,869.0,870.35,868.2,868.55,161034
1681797600,868.65,869.55,867.5,867.6,261581
1681798500,867.6,867.6,866.1,866.7,181529
1681799400,866.35,867.75,866.15,867.25,99977
1681800300,867.25,867.9,866.55,866.8,106551
1681801200,866.7,867.85,866.25,867.4,242920
1681802100,867.35,867.45,866.1,866.85,283319
1681803000,866.85,867.7,866.5,866.8,244480
1681803900,866.6,867.1,865.5,865.95,440639
1681804800,866.05,866.05,859.65,860.25,514216
1681805700,860.2,861.85,857.1,861.75,441924
1681806600,861.75,862.55,860.05,861.3,260673
1681807500,861.3,862.35,860.85,861.7,1088948
1681808400,861.7,861.7,858.1,860.85,847337
1681809300,860.85,863.65,860.05,862.5,644081
1681810200,862.45,864.3,861.4,862.65,1627707
1681811100,862.7,864.8,862.25,864.75,1176584
1681875900,865.0,868.0,862.55,867.0,1426922
1681876800,866.75,869.85,866.7,869.6,1672593
1681877700,869.65,872.0,868.9,869.9,1515390
1681878600,870.0,870.9,868.35,870.2,1268620
1681879500,870.2,871.25,868.9,869.6,761124
1681880400,869.7,871.6,868.65,870.3,1527712
1681881300,870.3,871.95,869.6,869.85,454328
1681882200,870.2,871.9,869.6,869.85,1764556
1681883100,869.85,870.25,866.1,866.75,847852
1681884000,866.7,867.25,866.1,867.1,194874
1681884900,867.1,867.1,865.1,866.7,1738903
1681885800,866.7,868.0,865.35,866.2,1303415
1681886700,866.0,866.8,864.95,865.8,911645
1681887600,865.8,867.6,863.85,867.4,1581158
1681888500,867.4,871.0,867.35,870.6,433010
1681889400,870.65,871.0,869.25,869.7,227480
1681890300,869.65,870.3,869.0,869.25,173035
1681891200,869.25,869.95,868.3,868.45,197171
1681892100,868.5,869.8,868.0,869.7,170996
1681893000,869.5,870.4,868.75,870.05,299013
1681893900,870.0,871.5,869.5,871.5,297429
1681894800,871.5,873.0,870.45,872.95,836772
1681895700,872.9,873.4,870.85,872.15,1104969
1681896600,872.3,874.5,871.85,873.9,1190671
1681897500,873.85,874.4,871.1,871.95,1567756
1681962300,874.8,875.6,869.9,873.1,2066189
1681963200,873.1,874.8,872.25,873.2,1255336
1681964100,872.85,873.0,870.2,871.55,560362
1681965000,871.5,871.85,870.1,870.35,313610
1681965900,870.4,871.4,870.05,871.25,405829
1681966800,871.25,871.4,868.0,868.7,382694
1681967700,868.7,869.8,867.65,869.0,479251
1681968600,869.0,871.0,868.5,869.7,569163
1681969500,869.6,870.45,868.25,869.7,696006
1681970400,869.8,870.5,868.55,868.8,470242
1681971300,868.75,869.6,867.75,869.2,304873
1681972200,869.2,869.6,868.05,868.6,316743
1681973100,868.6,869.4,867.95,868.85,101000
1681974000,869.2,869.8,867.6,868.2,1202085
1681974900,868.35,868.35,866.5,867.05,128969
1681975800,867.1,867.1,864.6,865.3,185287
1681976700,865.25,866.6,864.55,866.05,964171
1681977600,865.8,866.5,864.3,865.8,319200
1681978500,865.8,866.75,864.4,865.4,1042694
1681979400,865.45,866.65,864.15,864.65,1432325
1681980300,864.65,866.3,864.5,866.15,1074917
1681981200,866.15,869.6,865.25,869.15,1913578
1681982100,869.65,869.7,867.25,867.75,731683
1681983000,867.85,869.25,866.65,868.9,1309145
1681983900,869.2,871.5,868.25,871.1,1206421
1682048700,870.8,873.0,869.55,872.7,1899215
1682049600,872.65,873.85,870.1,870.85,1436968
1682050500,870.85,872.35,868.95,868.95,1232055
1682051400,868.85,871.7,868.65,871.7,989737
1682052300,871.65,872.05,868.7,870.45,1105240
1682053200,870.45,871.3,870.05,870.55,80307
1682054100,870.5,871.4,870.35,871.05,32807
1682055000,871.05,871.55,869.75,871.0,102388
1682055900,871.0,871.65,867.4,867.85,892645
1682056800,867.8,868.2,865.9,866.35,250791
1682057700,866.5,867.1,865.2,865.9,74909
1682058600,866.05,866.05,863.25,863.95,188677
1682059500,863.95,864.3,862.55,863.25,91069
1682060400,863.25,863.75,861.15,862.1,750688
1682061300,862.1,862.5,859.25,859.75,947282
1682062200,859.7,860.7,857.5,858.6,228678
1682063100,858.3,859.5,858.0,859.25,156147
1682064000,859.25,860.8,859.15,860.3,170592
1682064900,860.4,862.9,860.0,862.2,164110
1682065800,862.45,863.8,860.05,863.15,1331505
1682066700,863.15,863.9,861.2,863.3,965418
1682067600,863.45,865.35,862.4,865.1,671904
1682068500,865.25,866.8,863.0,865.15,753479
1682069400,865.2,866.75,864.6,865.6,472049
1682070300,865.6,865.6,860.95,861.35,518520
1682307900,868.0,868.0,860.5,864.2,2376861
1682308800,864.0,868.4,863.15,866.65,1374102
1682309700,866.65,868.8,866.05,866.95,536796
1682310600,866.65,867.5,864.8,865.45,437468
1682311500,865.45,868.0,864.95,867.45,186832
1682312400,867.45,869.85,867.1,867.45,546313
1682313300,867.4,868.85,867.05,868.8,137377
1682314200,868.9,870.95,868.9,870.55,483235
1682315100,870.55,872.25,870.1,871.05,889387
1682316000,871.0,872.95,870.9,872.9,415699
1682316900,872.55,873.3,870.65,871.5,626891
1682317800,871.8,872.65,870.2,872.55,589203
1682318700,872.6,874.7,872.15,874.55,328991
1682319600,874.65,876.5,874.4,874.9,495570
1682320500,874.95,878.0,874.95,877.25,793327
1682321400,877.3,879.35,877.05,878.9,1421665
1682322300,878.95,879.4,876.5,877.25,262114
1682323200,877.3,879.0,877.05,878.6,475593
1682324100,878.6,879.45,877.35,879.2,844992
1682325000,879.2,880.65,879.2,880.4,937854
1682325900,880.35,881.4,879.6,880.2,819060
1682326800,880.2,881.6,879.6,881.25,502652
1682327700,881.2,883.65,880.4,882.85,574727
1682328600,882.8,883.4,880.6,880.8,939937
1682329500,880.75,884.4,880.75,884.0,1156162
1682394300,885.0,891.15,882.75,888.75,3620261
1682395200,889.0,891.4,887.65,889.6,2453985
1682396100,889.8,894.6,889.65,893.9,2151899
1682397000,893.9,895.0,892.2,894.5,1585079
1682397900,894.5,895.8,893.55,893.8,1308129
1682398800,894.0,894.9,892.3,893.9,1372608
1682399700,893.85,894.9,891.35,892.15,1197628
1682400600,892.15,892.75,887.9,887.95,2254067
1682401500,888.05,890.9,887.25,890.55,1276417
1682402400,890.6,891.4,889.2,889.55,1100647
1682403300,889.55,890.0,885.6,885.85,975657
1682404200,885.8,887.4,885.5,885.8,995941
1682405100,885.8,887.55,885.0,887.35,445558
1682406000,887.35,887.5,884.05,884.9,787251
1682406900,884.9,887.35,884.1,887.0,1053921
1682407800,886.6,887.3,885.0,885.7,456211
1682408700,885.65,885.9,884.0,884.8,735992
1682409600,884.8,886.25,884.6,885.45,1023823
1682410500,885.75,886.0,883.3,884.65,1280057
1682411400,884.75,885.75,883.75,884.8,912153
1682412300,884.95,885.45,881.4,884.85,1279057
1682413200,884.85,887.15,882.5,882.95,2045861
1682414100,882.95,884.75,882.4,882.85,1459268
1682415000,882.9,882.9,878.0,879.6,2336801
1682415900,879.75,879.75,874.4,876.8,2270483
1682480700,877.4,879.9,875.2,878.0,2916195
1682481600,878.0,879.55,875.6,876.2,2311380
1682482500,876.3,878.6,875.65,878.0,751508
1682483400,877.95,882.95,877.4,882.9,222428
1682484300,882.7,886.0,881.8,885.25,637392
1682485200,885.3,886.0,883.6,883.8,438693
1682486100,883.6,884.9,881.75,881.95,602282
1682487000,882.25,883.35,880.25,880.4,1805400
1682487900,880.4,884.2,880.4,883.55,474429
1682488800,883.55,883.95,881.85,883.9,754499
1682489700,883.75,883.9,882.35,883.25,210384
1682490600,883.25,884.0,882.5,882.6,157595
1682491500,882.65,883.0,882.35,882.85,197884
1682492400,882.8,883.55,881.35,882.05,188710
1682493300,882.05,882.75,880.45,881.05,688389
1682494200,881.05,881.6,879.75,880.8,343147
1682495100,881.1,882.85,880.8,882.15,297314
1682496000,882.15,885.35,882.05,885.15,632984
1682496900,885.0,887.6,885.0,885.55,669398
1682497800,886.0,889.25,884.35,889.0,1068031
1682498700,889.25,889.45,886.2,886.75,893186
1682499600,886.65,887.2,884.15,885.85,659129
1682500500,885.85,887.45,884.6,886.75,781348
1682501400,886.75,889.25,886.75,888.3,765791
1682502300,888.25,888.3,885.35,885.6,990453
1682567100,888.0,890.0,885.2,886.6,988078
1682568000,886.6,887.5,883.5,886.45,630294
1682568900,886.75,887.75,885.85,886.05,663688
1682569800,886.1,887.0,883.0,883.7,626099
1682570700,883.6,884.0,882.5,883.4,187962
1682571600,883.4,886.45,883.1,885.6,250652
1682572500,885.6,885.85,881.7,883.1,1133821
1682573400,883.25,883.7,878.2,880.0,1656771
1682574300,880.3,883.3,879.35,883.15,614606
1682575200,883.15,883.65,880.7,881.25,355814
1682576100,881.25,883.15,881.25,882.7,163790
1682577000,882.7,883.5,881.65,882.6,198206
1682577900,882.65,882.8,881.4,882.8,132061
1682578800,882.75,883.2,880.65,881.9,527861
1682579700,882.15,882.45,880.65,881.45,391978
1682580600,881.15,881.5,879.3,880.0,322243
1682581500,880.0,882.75,880.0,881.25,401956
1682582400,881.5,883.4,881.05,883.1,553489
1682583300,883.05,883.1,880.05,880.9,706989
1682584200,880.95,880.95,878.55,880.05,648455
1682585100,880.05,881.9,877.5,881.15,727566
1682586000,881.15,882.0,880.0,881.35,547858
1682586900,881.35,881.9,879.7,880.65,694533
1682587800,880.65,882.35,880.2,882.35,1790384
1682588700,882.35,882.5,880.0,880.45,1059084
1682653500,885.1,890.05,866.7,869.45,2509972
1682654400,870.0,871.0,860.3,864.4,1904035
1682655300,864.4,866.45,862.45,865.6,810793
1682656200,865.5,866.5,860.85,861.2,792528
1682657100,861.2,861.2,855.85,856.65,1408634
1682658000,856.65,858.0,855.15,855.7,694889
1682658900,855.6,858.4,854.15,857.0,1033012
1682659800,856.9,857.95,855.55,857.55,370201
1682660700,857.5,857.55,855.8,856.0,410639
1682661600,856.05,856.45,854.55,856.05,686120
1682662500,856.1,857.45,855.1,855.55,489991
1682663400,855.5,857.0,855.15,856.3,489205
1682664300,856.25,856.25,855.0,855.25,587015
1682665200,855.1,855.65,853.65,855.1,987520
1682666100,855.2,856.4,854.4,854.45,583632
1682667000,854.4,856.0,854.4,855.55,523195
1682667900,855.6,859.25,855.0,858.45,1155538
1682668800,858.45,859.8,858.3,859.3,474490
1682669700,859.0,860.0,858.0,859.0,546285
1682670600,859.1,859.7,857.15,859.0,594216
1682671500,859.0,859.8,858.15,859.0,500572
1682672400,859.0,859.1,857.5,857.55,616259
1682673300,857.55,858.15,856.5,856.55,800619
1682674200,856.55,861.6,856.5,860.55,2149335
1682675100,860.75,860.8,859.05,859.95,1761199
1682999100,870.0,870.45,864.25,868.05,1561203
1683000000,868.2,874.6,866.7,872.95,1401415
1683000900,873.0,873.1,870.15,870.9,633346
1683001800,870.25,871.8,870.0,870.95,362713
1683002700,871.3,873.0,870.8,872.0,709185
1683003600,872.0,874.4,871.75,872.9,579221
1683004500,872.85,874.2,872.6,873.8,781618
1683005400,873.8,874.0,872.1,873.15,718286
1683006300,873.15,875.6,872.95,875.25,548193
1683007200,875.25,876.4,874.9,875.4,246929
1683008100,875.5,875.95,874.6,874.7,186317
1683009000,874.6,874.85,873.4,873.6,191314
1683009900,873.5,874.45,872.4,873.0,180218
1683010800,872.65,874.8,872.3,873.85,202256
1683011700,873.85,874.8,873.35,873.9,181402
1683012600,873.9,875.0,873.0,873.5,283245
1683013500,873.5,873.8,872.75,873.05,263440
1683014400,873.2,873.45,871.3,872.0,324116
1683015300,872.0,873.2,871.65,872.55,279927
1683016200,872.35,872.65,871.8,872.1,266973
1683017100,872.0,872.35,870.95,871.75,335640
1683018000,871.95,872.5,870.95,871.8,461473
1683018900,871.8,872.75,870.95,872.4,397198
1683019800,872.4,872.7,869.25,869.25,1074752
1683020700,869.35,871.0,868.95,869.9,650770
1683085500,863.85,864.3,860.7,864.05,1096365
1683086400,863.95,866.85,863.6,864.75,750706
1683087300,864.95,865.45,863.7,863.8,274443
1683088200,863.7,864.8,863.7,863.95,136271
1683089100,863.95,864.3,863.0,863.35,158878
1683090000,863.65,863.85,863.0,863.5,200103
1683090900,863.75,866.2,862.45,865.55,665893
1683091800,865.6,865.6,862.4,862.5,504155
1683092700,862.5,862.5,859.35,860.0,1510681
1683093600,860.25,860.6,856.35,856.45,503326
1683094500,856.5,858.95,854.55,858.5,1501638
1683095400,858.5,858.9,856.7,857.0,348707
1683096300,856.85,857.95,854.15,857.2,1689155
1683097200,856.95,857.5,854.1,855.0,880893
1683098100,855.0,856.75,854.05,856.2,1121158
1683099000,856.2,859.0,856.0,858.3,312783
1683099900,858.25,859.0,857.7,858.9,228489
1683100800,858.55,859.4,857.75,858.8,246283
1683101700,858.85,859.8,858.0,858.6,400413
1683102600,858.5,859.25,858.05,858.65,145064
1683103500,858.65,861.6,858.5,859.9,357441
1683104400,860.2,861.45,859.1,859.15,397969
1683105300,859.15,861.0,858.75,859.75,365463
1683106200,859.95,860.9,859.2,860.05,591208
1683107100,860.05,860.5,859.0,859.45,655354
1683171900,860.0,864.5,860.0,861.3,865119
1683172800,861.4,862.2,858.6,859.25,479702
1683173700,859.25,860.3,858.35,859.6,497832
1683174600,859.6,859.6,857.5,858.65,700411
1683175500,858.7,861.3,858.55,860.0,241026
1683176400,860.15,860.4,859.25,860.25,190661
1683177300,860.2,860.9,859.35,859.7,221392
1683178200,859.7,860.0,858.85,859.25,351190
1683179100,859.3,859.8,858.35,858.6,122316
1683180000,858.7,859.85,858.4,859.4,89976
1683180900,859.4,859.7,858.75,858.75,98392
1683181800,858.75,860.0,858.4,858.8,460102
1683182700,859.25,861.45,858.45,860.2,676785
1683183600,860.25,861.0,859.65,860.8,210928
1683184500,860.85,860.9,860.0,860.05,101187
1683185400,860.15,862.35,860.0,861.5,286630
1683186300,861.7,861.8,860.6,861.5,151282
1683187200,861.6,861.6,859.8,860.75,371907
1683188100,861.1,862.4,860.5,861.75,240244
1683189000,861.75,863.85,861.0,863.35,452353
1683189900,863.3,864.8,862.05,862.95,484504
1683190800,863.0,864.0,862.5,863.2,463488
1683191700,863.25,864.65,862.65,864.45,475904
1683192600,864.35,867.0,864.05,866.7,696516
1683193500,866.7,867.15,865.1,865.85,810158
1683258300,867.15,880.0,867.15,877.0,1399437
1683259200,877.0,878.4,874.9,878.4,583561
1683260100,878.05,883.6,878.0,882.45,1477195
1683261000,882.2,884.8,881.65,884.45,598953
1683261900,884.35,885.0,882.7,882.7,504653
1683262800,882.7,883.25,881.0,882.8,411923
1683263700,882.75,883.15,881.2,882.5,307260
1683264600,882.45,882.8,877.15,879.35,424035
1683265500,879.35,879.35,875.05,876.45,542542
1683266400,876.35,878.7,875.6,877.15,240686
1683267300,877.1,877.3,872.15,872.4,383743
1683268200,872.4,873.5,870.6,873.5,496606
1683269100,873.2,873.6,871.1,872.85,473915
1683270000,872.9,873.75,871.55,872.05,396940
1683270900,872.05,874.9,871.25,874.4,500053
1683271800,874.4,874.65,871.0,871.9,549392
1683272700,872.15,873.85,870.8,871.7,207437
1683273600,872.05,873.75,870.45,872.65,432618
1683274500,872.6,872.6,869.05,871.2,359605
1683275400,871.2,871.95,869.3,869.75,422035
1683276300,869.75,871.0,867.55,868.25,590105
1683277200,868.6,870.0,867.5,869.45,551093
1683278100,869.25,870.0,867.55,868.0,720270
1683279000,868.15,868.15,863.85,865.55,1200816
1683279900,865.65,866.5,862.75,864.7,546796
1683517500,865.3,875.85,865.3,873.7,547975
1683518400,873.7,876.3,873.6,875.0,315224
1683519300,875.25,879.25,875.0,878.4,396808
1683520200,878.05,878.7,875.3,875.65,362961
1683521100,875.8,879.45,874.95,879.3,493861
1683522000,879.3,879.6,877.8,879.15,415503
1683522900,879.15,880.6,878.25,878.7,205683
1683523800,878.75,879.15,877.5,878.95,66842
1683524700,879.0,879.6,878.2,878.85,68854
1683525600,878.85,880.0,878.5,879.05,80067
1683526500,879.05,880.0,878.9,879.4,58436
1683527400,879.6,880.75,877.9,879.5,307914
1683528300,879.45,879.5,878.1,878.65,80115
1683529200,878.65,880.0,878.0,879.95,76612
1683530100,879.95,880.45,876.65,878.5,235341
1683531000,878.55,879.8,877.2,879.65,94262
1683531900,879.7,879.75,878.5,878.7,101235
1683532800,878.7,881.4,878.15,880.2,278402
1683533700,880.2,880.85,879.0,880.3,235921
1683534600,879.75,880.5,878.8,878.8,281637
1683535500,878.75,879.5,876.5,879.25,462970
1683536400,879.25,880.05,877.5,877.85,325765
1683537300,877.85,878.25,876.05,877.25,238622
1683538200,877.4,879.0,875.55,878.85,672470
1683539100,878.85,880.6,878.4,879.05,590991
1683603900,882.2,884.65,880.0,883.35,885126
1683604800,883.35,885.55,881.4,885.25,485917
1683605700,885.25,885.95,884.0,885.6,403187
1683606600,885.7,886.45,884.85,885.3,134045
1683607500,885.3,885.5,884.85,885.25,128372
1683608400,885.25,886.8,885.0,886.55,264000
1683609300,886.75,886.95,884.75,884.95,263752
1683610200,884.95,886.4,884.7,884.95,229917
1683611100,885.2,885.9,884.55,885.5,159364
1683612000,885.5,887.2,884.95,885.8,363349
1683612900,885.45,887.1,885.2,886.5,142152
1683613800,886.55,887.45,886.15,887.25,201405
1683614700,887.25,889.1,887.2,888.0,679351
1683615600,888.0,889.6,887.7,889.15,390741
1683616500,889.15,889.95,887.55,889.3,408623
1683617400,889.3,890.2,886.4,886.95,602928
1683618300,886.95,887.9,886.05,887.4,406036
1683619200,887.4,888.5,886.65,887.25,319686
1683620100,887.05,887.9,884.75,884.95,428697
1683621000,884.95,886.9,883.3,885.15,599677
1683621900,885.4,887.8,884.65,887.1,569949
1683622800,886.95,889.2,886.85,887.1,552885
1683623700,887.1,888.8,886.2,888.45,770387
1683624600,888.5,889.35,887.0,889.05,1303471
1683625500,889.05,889.3,887.5,888.0,1407073
1683690300,892.0,892.2,887.25,888.3,1475599
1683691200,888.3,888.4,880.0,880.2,1441839
1683692100,880.2,882.8,879.7,880.05,828388
1683693000,880.05,882.5,877.55,882.45,635916
1683693900,882.3,886.0,882.3,886.0,673468
1683694800,886.0,888.0,885.1,886.95,598585
1683695700,886.95,887.95,885.95,887.5,227159
1683696600,887.5,889.6,887.4,889.6,304438
1683697500,889.7,890.05,889.2,890.0,244596
1683698400,890.0,891.0,889.7,890.0,271720
1683699300,890.0,891.3,889.6,890.85,234263
1683700200,890.85,892.0,890.0,891.55,300677
1683701100,891.55,892.45,890.15,890.6,201551
1683702000,890.7,892.5,890.05,891.5,279063
1683702900,891.5,891.85,890.8,891.25,94972
1683703800,891.25,891.25,889.0,890.2,147468
1683704700,890.3,890.3,885.9,886.3,278634
1683705600,886.5,889.5,886.05,889.05,428030
1683706500,888.95,889.3,887.25,888.8,250667
1683707400,888.85,890.6,888.0,890.5,289887
1683708300,890.6,891.8,888.25,889.5,386648
1683709200,889.5,891.0,889.1,890.4,151503
1683710100,890.4,891.0,888.3,890.05,490878
1683711000,889.85,891.8,888.35,890.35,836032
1683711900,890.1,890.9,888.2,889.4,793737
1683776700,891.0,895.0,889.0,891.1,1806301
1683777600,891.1,893.15,890.05,890.9,821581
1683778500,890.9,892.2,890.0,890.35,273253
1683779400,890.35,893.8,890.35,893.45,300294
1683780300,893.45,894.35,891.0,893.0,926770
1683781200,893.15,894.35,892.7,893.45,238417
1683782100,893.7,894.8,892.2,894.35,459910
1683783000,894.35,895.5,893.1,895.35,603519
1683783900,895.35,897.5,895.35,896.85,296257
1683784800,896.85,896.85,895.0,896.45,249673
1683785700,896.45,896.5,894.45,895.45,523767
1683786600,895.3,896.85,893.7,896.65,289873
1683787500,896.65,898.3,896.3,897.8,514307
1683788400,897.6,898.8,897.4,897.7,201806
1683789300,897.95,898.05,896.75,896.95,207800
1683790200,897.1,897.55,895.35,897.45,500580
1683791100,897.4,898.55,896.45,897.5,402760
1683792000,897.45,898.85,896.75,898.85,341522
1683792900,898.85,898.9,897.0,897.9,192302
1683793800,897.85,898.5,896.1,897.95,645756
1683794700,897.9,900.0,897.55,899.2,569676
1683795600,899.1,899.75,897.2,898.2,315853
1683796500,898.25,898.8,895.0,896.1,1225301
1683797400,896.2,898.4,894.0,897.05,1148896
1683798300,896.8,897.4,894.8,895.7,740418
1683863100,895.2,898.3,894.0,897.15,625180
1683864000,897.15,899.5,896.6,898.5,668857
1683864900,898.5,899.85,896.45,899.05,606267
1683865800,899.05,900.75,898.65,899.55,452266
1683866700,899.75,902.5,899.4,901.55,258763
1683867600,901.5,903.0,901.5,902.55,108847
1683868500,902.55,903.0,901.5,901.8,159882
1683869400,901.8,903.0,901.55,901.95,197065
1683870300,902.0,902.4,900.0,900.25,276104
1683871200,900.1,901.85,899.0,900.0,428322
1683872100,900.0,902.35,899.75,902.35,120683
1683873000,902.35,902.45,901.75,902.05,171558
1683873900,902.05,902.6,901.9,902.4,114103
1683874800,902.4,903.75,901.7,903.35,251750
1683875700,903.35,903.85,902.0,903.5,263080
1683876600,903.5,904.9,903.1,904.1,225871
1683877500,904.1,905.0,903.35,904.4,381951
1683878400,904.35,906.45,904.35,906.0,303355
1683879300,906.0,910.0,905.0,909.8,900512
1683880200,909.85,913.6,909.35,912.0,1165931
1683881100,912.1,912.95,911.5,912.0,416129
1683882000,912.0,913.15,909.4,912.9,528938
1683882900,912.7,913.3,911.15,911.3,363850
1683883800,911.3,912.1,910.0,910.6,791926
1683884700,910.85,912.0,909.65,910.35,744176
1684122300,910.65,914.7,909.15,912.1,751261
1684123200,912.05,913.8,911.2,912.75,242198
1684124100,912.7,913.8,911.55,913.4,216256
1684125000,913.45,916.25,913.45,916.2,216862
1684125900,916.45,916.5,913.95,914.45,260397
1684126800,914.5,915.8,913.7,914.75,132672
1684127700,914.75,917.75,914.7,915.4,506927
1684128600,915.65,917.45,915.0,916.0,493906
1684129500,916.0,917.5,916.0,917.1,190579
1684130400,917.15,917.55,916.75,916.95,176386
1684131300,916.95,918.0,916.4,916.75,262030
1684132200,916.6,918.6,916.4,917.85,485976
1684133100,917.8,918.0,917.0,917.1,77864
1684134000,917.15,917.85,916.6,917.7,92727
1684134900,917.75,918.3,917.55,917.95,118508
1684135800,917.65,918.75,916.15,918.1,356831
1684136700,918.1,918.25,917.1,917.5,263019
1684137600,917.25,918.65,917.2,918.25,101017
1684138500,918.25,919.5,918.0,918.9,155780
1684139400,919.0,919.2,918.0,918.8,180515
1684140300,918.8,918.9,915.7,916.3,331551
1684141200,916.35,917.95,916.05,917.75,288543
1684142100,917.9,918.3,917.4,918.15,197772
1684143000,918.1,918.1,915.4,916.0,595813
1684143900,916.3,916.35,912.9,912.9,601926
1684208700,916.2,916.95,912.0,914.3,538534
1684209600,914.3,915.1,912.05,913.9,476565
1684210500,913.9,917.0,912.65,916.5,599863
1684211400,916.5,919.25,915.6,918.6,883733
1684212300,918.35,918.7,916.5,917.0,442555
1684213200,917.0,918.0,916.0,917.85,386893
1684214100,917.95,919.0,917.15,918.0,261698
1684215000,918.0,918.3,916.55,917.45,632729
1684215900,917.45,918.5,916.6,918.0,352926
1684216800,918.0,919.9,918.0,919.2,593679
1684217700,919.4,919.45,918.0,918.65,128942
1684218600,918.4,919.9,918.3,919.5,410341
1684219500,919.65,920.5,918.7,919.8,421705
1684220400,919.65,920.3,918.3,919.45,398180
1684221300,919.35,920.25,918.9,919.35,280990
1684222200,919.4,920.4,919.3,920.4,134095
1684223100,920.4,920.9,919.15,920.0,220583
1684224000,920.0,921.0,919.25,919.85,499818
1684224900,919.85,920.95,919.35,920.2,276937
1684225800,920.55,921.4,919.15,919.55,457657
1684226700,919.55,920.9,918.05,920.85,691739
1684227600,920.8,922.5,920.1,921.5,945619
1684228500,921.5,922.2,918.65,918.95,741916
1684229400,918.95,920.0,917.05,917.55,922388
1684230300,917.4,918.45,915.0,915.25,857374
1684295100,917.7,918.9,915.35,916.0,795272
1684296000,916.05,917.45,914.35,915.4,760631
1684296900,915.4,918.4,914.5,917.2,901672
1684297800,917.65,918.5,916.4,917.75,187691
1684298700,917.75,918.6,916.55,917.6,333346
1684299600,917.6,918.5,916.95,918.15,389435
1684300500,918.15,918.6,917.05,917.7,296862
1684301400,917.75,918.4,917.0,917.55,276780
1684302300,917.55,917.9,916.8,917.9,254640
1684303200,917.9,918.45,917.1,917.8,211836
1684304100,917.95,918.0,916.3,917.05,685816
1684305000,917.0,917.15,914.15,914.95,797059
1684305900,915.3,916.15,914.2,914.8,506399
1684306800,914.8,916.1,914.0,915.45,244958
1684307700,915.7,916.4,913.35,914.05,245019
1684308600,913.7,914.4,911.95,912.05,240597
1684309500,912.0,914.4,911.25,913.25,249394
1684310400,913.3,914.65,912.35,913.85,287465
1684311300,914.0,915.2,913.25,913.5,397761
1684312200,913.5,914.75,912.8,913.9,277765
1684313100,914.25,915.0,913.3,913.55,244344
1684314000,913.9,914.9,912.45,914.3,169469
1684314900,914.3,915.5,913.05,913.95,406818
1684315800,914.2,915.6,913.1,914.85,613044
1684316700,914.7,916.5,914.55,915.2,453772
1684381500,920.0,929.0,917.65,927.7,1459400
1684382400,927.8,929.5,926.15,926.5,936830
1684383300,926.95,928.25,926.1,927.3,327241
1684384200,927.3,927.55,925.3,926.0,430809
1684385100,926.1,927.55,925.6,927.4,458737
1684386000,927.45,928.5,927.15,928.2,320821
1684386900,928.15,928.2,926.5,927.9,348139
1684387800,927.9,927.9,925.6,926.05,286442
1684388700,926.05,927.6,925.8,926.15,249344
1684389600,926.4,927.3,924.85,925.75,742343
1684390500,925.65,926.3,924.25,924.25,205824
1684391400,924.25,925.0,922.65,922.65,623933
1684392300,922.7,923.15,920.5,921.65,699399
1684393200,921.85,922.5,921.05,921.05,196641
1684394100,921.4,922.3,920.95,921.65,193660
1684395000,921.65,921.9,920.1,921.4,170097
1684395900,921.3,921.8,920.25,921.05,91610
1684396800,921.25,921.8,919.5,919.95,327894
1684397700,920.05,923.9,916.8,920.8,713440
1684398600,920.55,921.3,916.75,917.0,535792
1684399500,917.3,919.55,916.75,918.75,789871
1684400400,918.75,921.3,918.0,920.05,580475
1684401300,920.05,920.95,916.55,916.55,417237
1684402200,916.5,916.95,912.6,914.9,1170663
1684403100,914.85,916.6,913.75,915.65,1306575
1684467900,920.9,920.9,915.75,917.9,637206
1684468800,917.8,919.0,914.9,915.5,420588
1684469700,915.5,916.1,911.55,911.75,495795
1684470600,911.75,912.5,909.75,910.65,574036
1684471500,910.9,912.5,910.25,912.0,185507
1684472400,912.0,912.8,908.95,911.0,552275
1684473300,910.75,912.45,910.5,912.4,158466
1684474200,912.4,913.35,911.6,913.0,187801
1684475100,913.0,915.3,912.05,914.0,333248
1684476000,913.95,916.0,912.25,915.5,205104
1684476900,915.65,916.2,915.05,916.1,101072
1684477800,916.1,916.25,914.1,915.0,128297
1684478700,915.0,916.0,914.4,915.5,132523
1684479600,915.5,915.5,913.15,914.5,145200
1684480500,914.35,915.5,912.5,913.6,338837
1684481400,913.65,915.15,912.85,914.9,267641
1684482300,914.9,916.15,914.5,915.55,226827
1684483200,915.55,916.7,915.0,915.95,121612
1684484100,915.75,917.1,915.4,917.0,153959
1684485000,917.0,918.9,916.25,918.75,326595
1684485900,918.55,920.35,918.15,919.4,306502
1684486800,919.4,921.95,918.15,921.5,522521
1684487700,921.5,923.0,920.75,921.9,475052
1684488600,921.95,925.0,921.2,922.85,768098
1684489500,923.45,927.0,923.15,925.9,606603
1684727100,923.0,927.75,918.7,920.75,920629
1684728000,920.5,924.35,920.3,923.4,469268
1684728900,923.4,923.7,920.6,920.85,531373
1684729800,920.85,920.85,916.55,918.4,301769
1684730700,918.4,919.3,916.0,917.8,510857
1684731600,918.0,921.7,916.8,920.1,764226
1684732500,920.1,921.3,919.3,921.25,479774
1684733400,921.0,921.3,918.5,918.5,375619
1684734300,918.6,918.8,917.0,917.35,199414
1684735200,917.4,919.5,916.35,919.5,244472
1684736100,919.5,921.2,919.2,919.75,1045611
1684737000,919.75,920.5,918.6,920.35,174336
1684737900,920.55,921.0,918.25,918.25,288106
1684738800,918.35,919.0,917.3,918.15,218653
1684739700,918.15,919.25,917.2,918.2,303704
1684740600,918.35,919.25,917.65,919.25,89121
1684741500,919.25,919.6,917.75,917.8,90774
1684742400,917.8,918.1,915.05,916.35,261369
1684743300,916.4,917.7,916.0,916.8,123573
1684744200,916.8,917.85,916.35,916.5,168418
1684745100,916.6,917.0,914.4,916.0,306772
1684746000,915.95,917.4,915.8,917.05,118688
1684746900,917.05,917.85,915.85,916.7,359794
1684747800,917.0,919.45,915.55,916.8,504613
1684748700,916.8,919.0,915.55,916.8,526563
1684813500,917.55,919.35,915.1,917.3,793062
1684814400,917.3,919.35,917.0,917.8,504692
1684815300,917.8,918.4,915.65,917.45,338565
1684816200,917.55,919.3,916.8,917.45,239890
1684817100,917.45,918.45,915.8,917.3,226218
1684818000,917.35,918.35,916.5,917.55,248851
1684818900,917.6,918.6,917.0,917.3,143070
1684819800,917.1,917.9,916.5,916.65,101560
1684820700,916.9,919.0,916.6,918.85,124222
1684821600,918.8,920.5,917.65,920.1,576104
1684822500,920.1,920.65,919.4,919.75,104075
1684823400,919.75,920.5,919.55,919.95,63221
1684824300,919.95,920.6,918.1,918.9,158714
1684825200,918.9,919.6,917.6,918.85,136797
1684826100,918.85,919.75,918.4,919.15,86423
1684827000,919.15,920.0,918.25,920.0,243534
1684827900,920.0,920.1,918.25,919.2,238696
1684828800,919.35,920.8,919.0,919.35,184072
1684829700,919.6,920.8,918.35,919.2,284872
1684830600,919.4,920.5,918.65,919.8,350420
1684831500,919.85,922.5,919.0,921.35,512308
1684832400,921.3,921.75,918.45,919.4,335455
1684833300,919.4,919.85,917.3,918.35,415003
1684834200,918.4,919.6,916.15,916.55,936114
1684835100,916.35,916.55,912.4,913.85,920132
1684899900,911.15,914.45,910.2,912.8,805112
1684900800,913.3,914.3,912.5,912.95,249838
1684901700,913.0,915.0,912.8,914.55,192504
1684902600,914.75,915.7,914.15,914.75,156714
1684903500,914.85,915.8,914.4,914.4,106105
1684904400,914.45,916.15,913.95,915.75,117549
1684905300,915.8,918.0,915.75,917.85,284501
1684906200,917.85,919.35,917.85,918.35,119377
1684907100,918.3,918.9,916.5,916.5,107284
1684908000,916.5,916.8,915.25,915.95,223299
1684908900,915.95,916.5,914.9,915.8,126749
1684909800,915.5,915.95,914.25,914.35,92460
1684910700,914.3,914.6,913.0,913.65,111969
1684911600,913.65,914.35,913.3,914.05,81526
1684912500,914.05,914.4,913.4,913.5,71581
1684913400,913.4,913.5,910.95,912.15,171360
1684914300,912.15,915.1,911.55,914.25,209447
1684915200,914.25,915.9,913.75,914.8,246896
1684916100,914.8,915.9,914.5,915.3,79674
1684917000,915.3,917.35,914.7,917.3,295284
1684917900,917.3,918.45,916.95,918.1,361078
1684918800,918.25,919.0,916.5,918.05,374979
1684919700,918.05,918.3,915.85,915.85,400367
1684920600,915.65,917.95,914.3,917.75,715204
1684921500,917.75,920.85,916.85,918.0,539000
1684986300,916.7,919.85,914.15,915.1,951516
1684987200,915.1,915.5,913.15,914.95,354245
1684988100,914.95,917.15,914.0,915.3,192421
1684989000,915.3,915.95,914.1,915.2,94133
1684989900,915.2,916.05,913.6,914.6,367587
1684990800,914.5,915.85,913.15,915.1,303335
1684991700,915.05,915.6,914.1,915.25,180368
1684992600,915.15,915.45,914.2,914.5,60104
1684993500,914.65,914.7,913.15,913.45,214929
1684994400,913.45,914.8,912.45,913.5,186601
1684995300,913.5,915.65,913.0,915.4,247624
1684996200,915.3,917.15,914.35,916.35,258202
1684997100,916.35,917.15,915.7,916.85,287740
1684998000,916.8,917.05,915.0,916.05,355969
1684998900,916.05,916.75,914.4,915.9,238070
1684999800,915.7,916.35,914.05,916.15,305232
1685000700,916.15,916.55,914.55,915.0,224489
1685001600,915.0,915.35,913.6,914.8,173007
1685002500,914.65,916.0,913.65,915.2,605846
1685003400,914.95,919.4,914.65,918.55,364521
1685004300,918.5,919.75,917.6,919.05,319647
1685005200,919.05,921.75,918.1,921.55,310964
1685006100,921.65,923.55,921.65,923.05,363237
1685007000,922.8,923.1,919.75,920.65,699664
1685007900,920.45,921.7,919.1,920.35,480144
1685072700,918.0,919.7,915.0,916.0,598995
1685073600,916.0,918.2,915.5,917.4,333810
1685074500,917.25,918.95,916.7,918.1,295540
1685075400,918.25,918.65,916.4,916.45,78748
1685076300,916.45,918.0,916.2,917.7,166804
1685077200,917.7,918.6,917.15,917.45,131514
1685078100,917.45,917.95,917.1,917.5,63699
1685079000,917.65,919.45,917.65,918.7,114176
1685079900,918.7,919.95,918.7,919.7,59031
1685080800,919.75,921.85,919.6,921.5,134919
1685081700,921.5,921.95,920.9,921.0,58653
1685082600,921.0,922.45,921.0,922.05,76987
1685083500,922.05,922.95,921.8,922.4,84921
1685084400,922.4,925.0,922.4,924.15,208795
1685085300,924.1,926.9,924.05,926.25,277996
1685086200,926.4,926.9,924.5,924.75,119278
1685087100,924.55,925.7,923.95,923.95,105691
1685088000,924.0,925.9,923.6,925.4,107538
1685088900,925.3,927.8,925.25,926.55,152408
1685089800,926.6,927.75,926.2,926.6,74752
1685090700,926.7,927.0,925.3,925.35,77719
1685091600,925.35,927.8,925.35,926.0,425724
1685092500,926.0,927.35,925.6,926.7,247871
1685093400,926.7,927.7,926.05,927.6,585262
1685094300,927.5,927.9,925.0,925.9,315249
1685331900,931.0,934.8,928.05,933.6,1373816
1685332800,933.6,934.4,932.6,933.9,372705
1685333700,933.9,934.55,932.05,934.5,305450
1685334600,934.5,936.45,933.6,934.9,413141
1685335500,934.9,937.7,934.65,936.85,299525
1685336400,936.9,937.25,935.25,935.5,227199
1685337300,935.95,937.0,934.5,936.5,254213
1685338200,936.5,936.85,935.15,935.7,273467
1685339100,935.75,936.9,935.2,935.8,209035
1685340000,935.8,936.35,934.1,935.85,201824
1685340900,935.9,936.25,934.7,936.0,109032
1685341800,936.0,936.5,934.15,934.3,239309
1685342700,934.35,935.5,933.25,933.5,129821
1685343600,933.5,935.45,932.55,934.25,422406
1685344500,934.3,934.55,932.5,933.25,280878
1685345400,933.25,933.55,931.4,931.4,97281
1685346300,931.8,933.5,931.4,932.65,160900
1685347200,932.55,933.45,931.65,932.85,192184
1685348100,932.85,933.1,931.75,932.7,86939
1685349000,932.7,933.55,931.1,932.1,158971
1685349900,932.15,932.15,928.15,930.35,297158
1685350800,930.25,931.7,928.8,930.25,388329
1685351700,930.45,931.15,929.4,930.7,154852
1685352600,930.75,930.95,929.5,930.1,247747
1685353500,930.1,931.05,928.25,930.7,226910
1685418300,930.8,931.85,928.05,930.3,785601
1685419200,930.35,930.9,929.5,930.55,228241
1685420100,930.5,931.4,929.5,930.1,440476
1685421000,930.1,931.0,929.95,930.75,168656
1685421900,930.75,931.65,929.8,930.1,243968
1685422800,930.05,930.9,929.7,930.6,157116
1685423700,930.55,931.0,929.7,929.9,149271
1685424600,929.9,930.3,928.1,928.5,286215
1685425500,928.55,929.0,928.1,928.6,147854
1685426400,928.75,930.0,928.6,929.65,171503
1685427300,929.65,930.55,929.3,929.55,196259
1685428200,929.35,930.65,929.2,930.35,289636
1685429100,930.3,930.7,930.0,930.45,191342
1685430000,930.45,934.0,930.45,932.9,417515
1685430900,932.7,933.65,932.25,933.4,304230
1685431800,933.45,934.9,933.15,934.3,215730
1685432700,934.25,935.8,934.2,935.5,178336
1685433600,935.45,936.95,935.0,935.65,210115
1685434500,935.85,936.0,934.85,935.2,148968
1685435400,935.15,935.75,934.2,934.6,203813
1685436300,934.65,935.0,934.05,934.65,299197
1685437200,934.7,938.65,934.4,937.95,510560
1685438100,937.8,938.25,937.15,937.95,242993
1685439000,938.05,939.0,936.0,936.8,939052
1685439900,937.1,939.7,935.1,935.15,672222
1685504700,937.35,939.9,929.5,929.8,1095226
1685505600,929.6,930.15,927.05,928.6,445102
1685506500,928.55,931.5,927.8,931.0,290940
1685507400,931.05,932.45,929.0,930.1,379056
1685508300,930.1,932.45,929.3,931.85,181506
1685509200,931.8,934.35,931.6,932.35,233801
1685510100,932.45,933.5,929.8,929.8,536434
1685511000,930.0,931.1,929.35,929.9,472621
1685511900,929.9,931.2,929.4,929.6,336313
1685512800,929.5,929.6,924.15,924.35,650027
1685513700,924.4,924.45,918.15,918.5,1113190
1685514600,918.55,920.0,918.3,918.45,751493
1685515500,918.65,918.65,916.1,916.5,945632
1685516400,916.5,917.25,915.0,917.05,1005582
1685517300,917.05,917.2,912.6,914.15,1010787
1685518200,914.0,914.25,911.3,911.3,787764
1685519100,911.25,914.05,910.7,912.55,897651
1685520000,912.7,913.3,910.55,911.4,764342
1685520900,911.45,911.95,910.35,911.8,986041
1685521800,911.85,913.2,910.7,913.0,816780
1685522700,913.05,913.65,910.5,911.8,665818
1685523600,911.8,912.75,910.2,911.15,767202
1685524500,911.1,912.5,910.4,912.5,533764
1685525400,912.25,913.7,912.25,913.7,8924563
1685526300,913.7,917.9,911.2,917.5,10149335
1685591100,922.0,922.0,916.05,921.5,1248788
1685592000,921.3,923.65,920.65,922.85,544356
1685592900,923.0,925.7,922.0,924.45,435578
1685593800,924.45,925.5,922.35,923.35,270172
1685594700,923.6,924.95,922.9,924.35,319543
1685595600,924.3,924.5,923.0,923.0,251686
1685596500,923.05,923.05,921.3,922.3,203369
1685597400,922.3,923.45,921.85,923.0,132961
1685598300,923.0,923.3,920.5,920.7,168414
1685599200,920.65,924.85,919.6,924.8,319816
1685600100,924.8,925.2,924.0,924.05,271158
1685601000,924.05,924.9,923.15,923.9,316359
1685601900,923.55,926.7,923.25,926.6,490734
1685602800,926.5,927.5,925.4,926.0,401101
1685603700,926.25,927.2,925.5,927.1,422094
1685604600,927.15,928.85,927.0,928.65,475771
1685605500,928.65,930.75,928.65,930.05,791648
1685606400,930.0,930.95,928.35,930.15,362626
1685607300,930.15,930.15,926.55,927.0,500632
1685608200,926.95,927.75,924.5,924.85,606543
1685609100,924.85,925.5,922.6,924.4,678454
1685610000,924.45,924.65,922.25,922.5,413256
1685610900,922.5,923.95,921.65,922.2,453582
1685611800,922.6,923.0,918.65,918.65,766628
1685612700,918.95,921.7,917.0,921.5,943100
1685677500,922.65,927.55,922.65,924.8,1011405
1685678400,924.8,926.5,924.4,926.4,416659
1685679300,926.4,926.9,923.55,923.55,491849
1685680200,923.55,924.85,921.7,922.4,529252
1685681100,922.4,923.2,920.25,920.4,454561
1685682000,920.35,922.2,920.25,921.75,183809
1685682900,921.85,922.4,920.75,920.8,429295
1685683800,921.0,922.65,920.9,922.65,432614
1685684700,922.8,922.9,920.65,921.1,428507
1685685600,921.05,924.15,920.95,923.8,217044
1685686500,923.8,924.35,923.35,923.9,395450
1685687400,923.95,924.2,922.9,922.9,223085
1685688300,922.9,924.0,922.25,923.7,224865
1685689200,923.95,925.5,923.7,925.1,337706
1685690100,925.1,925.8,924.95,925.25,124078
1685691000,925.25,927.4,924.75,927.15,194331
1685691900,927.4,928.95,926.55,928.15,297726
1685692800,928.15,929.95,926.9,929.95,561365
1685693700,929.9,930.5,928.0,929.15,394643
1685694600,929.15,930.5,926.85,927.95,550571
1685695500,927.85,927.85,925.15,927.15,855091
1685696400,927.2,927.2,925.25,926.0,330636
1685697300,926.0,928.4,925.4,928.15,747067
1685698200,928.0,929.05,926.0,926.0,1054723
1685699100,926.0,926.15,923.15,924.45,717963
1685936700,927.6,942.9,927.6,941.9,1433479
1685937600,941.65,945.8,941.1,945.55,924391
1685938500,945.7,947.85,944.15,947.3,987684
1685939400,947.25,948.0,944.6,945.1,546365
1685940300,945.1,947.95,945.0,946.15,647255
1685941200,946.2,947.35,945.5,945.7,232671
1685942100,945.7,946.6,945.5,946.2,573009
1685943000,946.15,948.0,946.15,947.75,442736
1685943900,947.75,949.9,947.45,949.85,757067
1685944800,949.7,949.8,947.15,947.8,594944
1685945700,947.8,948.0,946.45,946.75,231597
1685946600,946.75,947.85,945.8,947.3,299694
1685947500,947.6,949.0,947.4,948.85,254941
1685948400,948.85,950.75,947.6,950.4,408560
1685949300,950.4,950.5,948.65,949.85,284051
1685950200,949.6,950.95,948.75,949.6,570113
1685951100,949.7,950.7,949.05,950.45,219546
1685952000,950.2,951.7,950.0,950.85,330848
1685952900,950.95,953.0,950.4,952.95,484514
1685953800,952.9,953.9,951.6,952.15,1058366
1685954700,952.4,953.5,952.05,953.2,298659
1685955600,953.0,953.85,952.05,952.2,262917
1685956500,952.15,953.2,951.3,952.15,516173
1685957400,952.2,952.65,949.8,951.2,1125993
1685958300,951.2,951.95,949.5,951.0,1009063
1686023100,951.1,960.1,951.1,959.55,1434017
1686024000,959.55,960.45,957.75,960.4,678601
1686024900,960.3,961.9,958.75,959.2,492299
1686025800,959.2,959.25,957.25,957.5,496064
1686026700,957.5,959.95,957.4,958.15,195780
1686027600,958.15,959.45,957.8,958.9,701219
1686028500,958.85,960.0,958.2,959.7,460259
1686029400,959.75,960.7,958.55,959.1,348769
1686030300,959.1,961.4,958.5,961.35,534425
1686031200,961.35,964.4,961.35,964.25,860828
1686032100,964.25,965.9,962.8,965.05,624516
1686033000,965.05,966.85,964.7,965.6,449546
1686033900,965.6,966.6,965.15,966.3,336002
1686034800,966.35,967.2,965.55,966.5,602548
1686035700,966.5,966.65,965.25,965.65,840407
1686036600,965.7,965.75,964.0,965.35,244105
1686037500,965.5,965.5,964.25,964.8,192793
1686038400,964.45,966.15,964.4,965.6,251404
1686039300,965.55,966.8,965.1,966.45,218085
1686040200,966.45,966.5,965.05,965.7,226410
1686041100,965.8,966.7,965.35,966.5,642820
1686042000,966.5,967.0,965.65,965.9,472739
1686042900,965.9,967.75,965.6,967.1,510687
1686043800,967.1,969.6,966.6,969.6,1397992
1686044700,969.5,970.75,965.5,966.0,1223297
1686109500,972.95,976.4,968.1,974.65,1497684
1686110400,974.85,978.1,974.35,977.95,934198
1686111300,978.0,978.25,975.4,976.05,682800
1686112200,976.15,978.5,975.7,978.25,581206
1686113100,978.25,979.65,977.65,978.7,423804
1686114000,978.85,979.5,976.75,976.85,650141
1686114900,976.9,979.1,975.55,978.25,537337
1686115800,978.45,980.0,977.45,980.0,514150
1686116700,979.85,980.95,979.3,979.45,473862
1686117600,979.5,980.45,978.55,979.65,513899
1686118500,979.65,981.25,979.6,980.4,336050
1686119400,980.4,980.8,978.1,978.4,441135
1686120300,978.3,980.15,977.9,979.2,421547
1686121200,979.25,979.7,978.05,978.65,502592
1686122100,978.75,978.8,977.05,977.6,1145040
1686123000,977.6,977.9,975.75,976.8,450694
1686123900,976.75,976.9,974.6,974.95,397964
1686124800,974.95,975.95,973.55,974.65,579351
1686125700,974.65,975.8,974.6,975.0,387337
1686126600,975.0,975.15,972.65,973.35,689896
1686127500,973.3,976.7,972.9,976.6,488646
1686128400,976.75,977.45,975.05,977.4,483665
1686129300,977.1,977.4,975.7,976.75,583078
1686130200,976.0,978.0,975.5,977.4,1015850
1686131100,977.4,977.5,974.1,975.0,1011986
1686195900,973.05,974.85,967.6,969.75,669188
1686196800,969.45,971.5,969.4,969.75,240683
1686197700,970.1,972.75,969.75,971.45,246535
1686198600,971.05,973.25,970.25,972.8,311948
1686199500,972.6,972.95,970.6,972.45,317491
1686200400,972.45,972.75,970.2,970.5,160804
1686201300,970.5,970.95,969.15,970.0,267473
1686202200,969.75,970.25,968.65,968.8,199607
1686203100,968.9,969.0,966.05,968.4,345689
1686204000,968.5,970.25,968.25,969.25,357512
1686204900,969.2,971.75,968.0,968.1,472304
1686205800,968.1,969.05,966.35,968.0,398163
1686206700,968.05,968.05,966.6,967.35,139860
1686207600,967.05,967.4,965.3,966.4,250010
1686208500,966.15,967.35,965.1,967.1,173683
1686209400,967.0,967.6,965.0,966.2,541115
1686210300,966.15,967.5,965.5,967.0,362256
1686211200,967.0,967.65,965.1,966.6,578231
1686212100,966.55,969.2,966.45,969.2,332399
1686213000,969.25,969.9,964.5,965.4,607373
1686213900,965.35,966.4,964.55,964.9,319211
1686214800,964.9,966.2,964.75,965.65,282319
1686215700,965.55,965.7,962.0,963.35,691571
1686216600,963.35,964.35,961.6,962.0,978172
1686217500,962.0,962.15,959.9,961.0,929661
1686282300,967.0,969.5,963.3,967.1,891892
1686283200,967.1,968.75,966.5,968.55,288957
1686284100,968.65,974.5,968.4,973.5,739889
1686285000,973.5,976.75,973.05,975.65,741628
1686285900,975.65,975.9,974.2,974.85,453184
1686286800,974.85,975.5,974.05,974.75,436920
1686287700,974.75,976.2,974.6,975.6,507576
1686288600,975.55,977.6,975.25,976.65,334578
1686289500,976.65,977.9,976.35,977.45,274653
1686290400,977.5,978.15,977.0,977.75,271455
1686291300,977.7,980.8,977.65,980.5,558538
1686292200,980.6,981.7,978.95,979.45,517773
1686293100,979.55,979.55,976.7,977.35,393042
1686294000,977.4,978.8,976.1,976.4,210596
1686294900,976.4,976.4,973.95,975.7,356820
1686295800,975.6,977.75,975.25,977.55,431376
1686296700,977.6,978.2,975.6,975.7,508147
1686297600,975.7,976.0,975.2,975.65,151570
1686298500,975.7,975.95,974.7,975.05,335451
1686299400,975.15,976.0,974.55,975.1,388320
1686300300,975.15,976.3,974.85,976.3,363163
1686301200,976.3,976.35,974.85,975.1,1016103
1686302100,975.15,975.5,973.3,975.3,699100
1686303000,975.1,975.2,973.8,974.05,662151
1686303900,974.2,977.85,973.45,974.6,1402347
1686541500,973.0,974.95,971.1,972.5,465369
1686542400,972.4,973.3,968.6,970.95,337550
1686543300,970.9,971.85,969.3,970.15,350714
1686544200,970.35,971.9,970.0,971.9,158329
1686545100,971.9,975.5,971.75,974.45,423482
1686546000,974.45,977.9,974.1,976.05,542216
1686546900,976.1,976.8,974.15,974.4,241621
1686547800,974.2,975.75,974.05,975.6,260137
1686548700,975.65,976.0,974.2,974.65,166782
1686549600,974.55,976.85,974.25,976.45,260066
1686550500,976.4,977.6,975.6,977.6,121445
1686551400,977.45,977.85,976.55,977.25,183789
1686552300,977.25,977.25,976.25,976.9,206850
1686553200,976.9,977.4,975.45,975.6,183833
1686554100,975.6,975.85,974.65,974.95,177313
1686555000,974.95,976.45,974.3,976.2,114590
1686555900,976.25,977.2,975.2,975.3,392054
1686556800,975.25,976.0,974.75,974.9,93662
1686557700,974.85,975.8,974.35,974.95,159711
1686558600,974.95,975.55,974.3,975.45,363708
1686559500,975.45,976.0,973.0,975.7,481630
1686560400,975.35,975.8,973.95,974.45,215109
1686561300,974.45,975.0,973.75,974.75,234425
1686562200,974.4,974.9,973.5,973.7,653339
1686563100,973.85,974.9,973.55,974.9,621145
1686627900,974.3,984.5,974.3,984.4,1199175
1686628800,984.4,986.85,983.2,986.6,603220
1686629700,986.25,986.9,984.8,985.75,1288034
1686630600,985.8,985.8,984.25,985.15,562133
1686631500,985.15,987.5,984.75,987.5,785707
1686632400,987.1,989.7,986.8,989.2,410354
1686633300,989.25,989.3,987.85,988.15,533968
1686634200,988.2,988.9,987.1,987.95,402238
1686635100,987.95,988.0,987.0,987.35,452734
1686636000,987.35,987.4,986.5,986.85,288630
1686636900,986.8,987.2,986.25,986.45,384820
1686637800,986.5,986.5,984.95,985.5,633871
1686638700,985.5,987.5,985.4,987.3,362582
1686639600,987.25,987.5,985.65,987.45,344024
1686640500,987.45,987.85,986.65,987.6,341476
1686641400,987.65,988.0,986.9,987.5,204915
1686642300,987.45,987.95,986.05,986.55,312647
1686643200,986.55,986.95,985.3,985.45,587816
1686644100,985.4,986.75,983.8,983.85,833872
1686645000,983.8,985.05,983.55,984.8,918041
1686645900,984.85,985.0,983.45,984.4,532539
1686646800,984.4,985.1,983.75,984.95,576316
1686647700,984.95,985.85,984.35,985.7,574360
1686648600,985.65,986.85,984.5,986.85,1242098
1686649500,986.6,987.5,984.05,986.95,839405
1686714300,986.0,988.2,981.25,982.3,469042
1686715200,982.35,984.1,979.45,979.7,543813
1686716100,979.65,981.2,978.1,978.7,367467
1686717000,978.65,980.2,977.3,977.6,481588
1686717900,977.5,978.75,976.65,977.15,389071
1686718800,977.3,980.85,977.25,979.65,331637
1686719700,979.75,980.55,979.35,980.0,629817
1686720600,980.0,981.45,979.05,980.0,209678
1686721500,980.05,980.25,978.85,979.2,210660
1686722400,979.2,980.4,979.2,980.2,186166
1686723300,980.25,981.75,979.75,981.35,407688
1686724200,981.5,981.9,980.2,981.65,408981
1686725100,981.7,984.1,981.65,983.3,400917
1686726000,983.35,984.35,983.0,983.95,319265
1686726900,983.95,984.9,982.35,982.6,237019
1686727800,982.6,983.9,982.4,983.7,164541
1686728700,983.75,984.1,982.25,982.4,214625
1686729600,982.55,983.0,980.2,981.0,466298
1686730500,981.1,981.9,979.75,981.75,243542
1686731400,981.75,982.15,981.0,981.05,161615
1686732300,981.15,981.85,979.4,979.65,283329
1686733200,979.7,981.2,979.5,980.4,319927
1686734100,980.45,980.75,978.5,980.2,319140
1686735000,979.55,980.7,977.0,977.55,456134
1686735900,977.55,977.8,976.0,977.3,413067
1686800700,988.35,989.0,974.35,975.3,1263993
1686801600,975.3,976.45,973.45,975.5,336994
1686802500,975.65,979.15,975.3,977.6,499340
1686803400,977.4,978.6,976.65,977.4,532018
1686804300,977.4,979.95,977.3,979.15,387758
1686805200,979.15,979.15,977.25,977.6,281067
1686806100,977.65,979.6,977.6,979.05,422345
1686807000,979.1,979.95,979.0,979.25,627258
1686807900,979.3,979.4,975.9,977.5,456376
1686808800,977.6,977.95,975.9,977.2,450017
1686809700,977.2,977.3,975.45,976.05,324040
1686810600,976.05,977.0,972.75,973.3,687475
1686811500,973.3,975.05,972.5,972.8,700810
1686812400,972.55,975.5,972.2,973.15,572228
1686813300,973.15,975.55,973.0,974.7,433656
1686814200,974.7,976.15,973.65,976.15,596659
1686815100,976.15,977.0,974.9,975.6,323326
1686816000,975.6,978.7,975.6,978.1,644907
1686816900,978.1,980.25,977.25,979.0,786337
1686817800,979.15,979.45,976.0,976.65,746158
1686818700,976.65,978.7,976.6,977.3,761679
1686819600,977.3,977.95,974.1,976.75,864822
1686820500,976.65,978.15,974.0,976.0,1147167
1686821400,976.0,978.6,975.7,976.85,1207567
1686822300,976.85,978.75,976.5,978.4,830970
1686887100,982.8,984.95,978.05,978.8,977869
1686888000,978.8,980.9,978.7,979.85,249512
1686888900,979.85,981.55,978.5,980.0,265367
1686889800,979.95,980.6,978.4,980.25,272937
1686890700,980.35,980.5,979.35,980.1,65744
1686891600,980.2,980.4,979.3,980.05,117623
1686892500,980.0,980.4,979.45,980.0,164955
1686893400,980.2,980.2,978.15,979.15,106360
1686894300,979.15,980.2,978.35,979.9,359105
1686895200,980.25,981.0,979.55,980.4,259883
1686896100,980.35,981.8,980.15,980.95,157409
1686897000,980.8,981.7,979.95,981.6,179112
1686897900,981.6,982.5,980.9,981.75,296079
1686898800,981.75,983.3,981.55,982.8,384007
1686899700,982.9,983.2,982.1,982.95,162662
1686900600,982.85,983.05,980.7,980.7,266950
1686901500,980.8,980.85,978.95,979.35,153505
1686902400,979.05,979.4,978.0,978.7,280029
1686903300,978.65,978.85,977.2,978.25,241756
1686904200,978.3,980.0,977.95,979.6,445673
1686905100,979.85,980.15,978.15,979.65,288737
1686906000,979.75,980.95,978.5,980.7,266858
1686906900,980.75,985.45,980.5,985.0,697486
1686907800,985.0,985.0,980.9,981.2,1011892
1686908700,981.2,982.0,979.4,982.0,1148533
1687146300,983.85,986.0,978.2,985.2,1165599
1687147200,985.35,985.35,983.75,984.15,512978
1687148100,984.15,985.0,982.9,983.8,528911
1687149000,983.55,984.2,979.55,979.9,522288
1687149900,979.9,980.0,974.05,974.2,510179
1687150800,974.15,974.3,969.5,970.15,577302
1687151700,970.15,970.5,965.95,965.95,361075
1687152600,965.9,966.1,963.45,965.75,341836
1687153500,966.05,966.3,962.5,962.5,488209
1687154400,962.6,964.35,962.0,962.95,393167
1687155300,962.9,963.3,961.0,961.8,325599
1687156200,961.8,964.7,961.5,963.15,413508
1687157100,963.1,967.45,963.0,967.1,287025
1687158000,967.3,967.45,965.1,966.55,196770
1687158900,966.55,967.15,965.0,965.25,196778
1687159800,965.25,968.5,963.15,964.55,519596
1687160700,964.85,965.95,964.2,964.85,182140
1687161600,964.85,965.4,963.1,964.55,294364
1687162500,965.0,965.95,964.05,965.25,208061
1687163400,965.25,966.45,964.35,966.05,351655
1687164300,966.05,967.1,964.25,964.9,349300
1687165200,964.85,967.55,964.25,966.65,555738
1687166100,966.8,968.55,965.8,967.25,435596
1687167000,967.2,968.0,963.65,967.25,663210
1687167900,967.3,967.35,964.55,966.7,625080
1687232700,965.95,968.7,961.7,962.0,452886
1687233600,962.15,964.5,961.7,963.0,233888
1687234500,963.0,963.8,961.8,961.95,156214
1687235400,961.9,963.4,961.45,962.05,286543
1687236300,962.05,963.0,959.5,959.85,264583
1687237200,959.55,961.0,959.25,960.45,158474
1687238100,960.7,961.05,958.55,960.25,164574
1687239000,960.25,962.45,960.05,962.35,173704
1687239900,962.3,963.1,961.5,962.4,171051
1687240800,962.8,965.5,962.1,964.3,312799
1687241700,964.25,965.5,963.85,964.05,125286
1687242600,964.2,964.25,963.0,963.4,115364
1687243500,963.35,964.75,963.0,963.95,105048
1687244400,963.75,965.1,963.0,964.65,84923
1687245300,964.6,969.0,963.6,968.4,349694
1687246200,968.4,971.15,968.3,969.2,241444
1687247100,969.2,970.45,968.55,968.7,422004
1687248000,968.8,969.25,966.75,968.2,134582
1687248900,968.2,968.4,965.85,966.35,183691
1687249800,966.35,968.25,965.95,966.5,424838
1687250700,966.5,968.35,965.35,967.55,442780
1687251600,967.6,971.1,967.25,969.4,1840926
1687252500,969.25,971.95,968.8,971.3,233185
1687253400,971.25,977.0,971.0,974.95,1307611
1687254300,974.9,976.0,972.05,976.0,634579
1687319100,978.3,978.3,969.3,974.85,398546
1687320000,974.65,975.75,973.0,975.0,303188
1687320900,975.0,977.4,974.45,976.3,308100
1687321800,976.35,976.5,971.65,971.8,376942
1687322700,971.6,972.2,969.2,969.6,322424
1687323600,969.65,970.45,966.7,966.7,291575
1687324500,966.75,968.1,966.7,967.5,214624
1687325400,967.55,967.65,964.15,964.65,337782
1687326300,964.75,965.5,963.8,964.7,510906
1687327200,964.7,966.35,964.6,965.1,156266
1687328100,965.1,965.25,964.2,964.95,132273
1687329000,964.95,965.05,963.15,964.3,165584
1687329900,964.3,966.6,964.15,966.5,333317
1687330800,966.4,966.6,965.0,966.1,236543
1687331700,966.0,966.6,965.35,965.95,178197
1687332600,965.95,967.35,965.5,966.4,218962
1687333500,966.35,966.85,964.55,965.05,251217
1687334400,965.05,967.6,964.6,966.05,445323
1687335300,966.05,967.7,965.25,966.0,363082
1687336200,966.05,967.9,965.65,967.1,251541
1687337100,967.05,968.0,966.4,967.25,224260
1687338000,967.3,967.75,965.15,966.3,278970
1687338900,966.3,966.3,965.05,965.6,262995
1687339800,965.6,967.55,965.25,967.0,451023
1687340700,967.0,967.0,964.2,965.9,762818
1687405500,962.2,964.7,958.7,961.9,803380
1687406400,961.9,964.95,961.3,964.55,274145
1687407300,964.55,967.15,963.25,966.2,242969
1687408200,966.2,968.3,965.6,967.75,141172
1687409100,967.75,968.4,966.05,967.9,212226
1687410000,967.9,968.5,965.2,967.5,200929
1687410900,967.5,968.1,965.6,965.6,202515
1687411800,965.6,967.0,964.65,965.1,555473
1687412700,965.05,967.05,964.75,967.05,314963
1687413600,967.1,967.8,966.15,967.4,195497
1687414500,967.4,968.0,966.85,966.85,135228
1687415400,966.95,967.45,964.65,965.9,252466
1687416300,965.9,966.1,964.2,964.7,264886
1687417200,964.7,965.75,963.95,964.1,212723
1687418100,964.1,964.15,962.35,963.45,157097
1687419000,963.55,966.45,963.2,965.95,135960
1687419900,965.95,967.5,964.8,966.6,596900
1687420800,966.55,970.9,966.35,970.0,509186
1687421700,969.95,973.45,969.95,972.0,584849
1687422600,972.1,973.0,969.7,970.85,669827
1687423500,970.85,970.9,966.8,967.65,538631
1687424400,967.8,968.05,962.7,966.85,680752
1687425300,967.1,971.4,966.15,966.5,661295
1687426200,966.55,970.35,965.4,965.85,780604
1687427100,965.85,968.4,963.3,963.75,790038
1687491900,960.0,963.5,957.85,962.0,652386
1687492800,962.0,964.75,961.05,962.55,242214
1687493700,962.6,963.5,960.5,961.05,285555
1687494600,961.3,963.1,960.0,963.1,188752
1687495500,963.2,965.5,962.25,963.9,259581
1687496400,963.85,965.2,961.8,962.15,173189
1687497300,962.15,962.25,957.65,958.15,199891
1687498200,958.2,959.55,955.75,959.15,195024
1687499100,958.9,959.4,957.7,957.85,97810
1687500000,957.9,959.6,956.6,959.4,131161
1687500900,959.4,960.1,957.75,958.75,151156
1687501800,958.8,960.75,957.65,959.9,127311
1687502700,960.05,960.15,958.15,958.65,144615
1687503600,958.55,960.0,958.3,959.55,157587
1687504500,959.55,959.65,957.5,958.05,205572
1687505400,958.0,958.35,957.0,957.85,148964
1687506300,957.65,958.75,954.7,955.5,296257
1687507200,955.5,957.5,954.55,956.75,341501
1687508100,956.7,958.45,956.55,956.8,231659
1687509000,956.85,957.65,955.45,956.0,223897
1687509900,955.95,958.1,955.35,958.05,241219
1687510800,958.05,958.8,956.3,957.35,222448
1687511700,957.35,957.85,956.6,957.7,169841
1687512600,957.65,960.75,956.05,958.8,554381
1687513500,958.8,959.45,957.35,958.5,523134
1687491900,960.0,963.5,957.85,962.0,652386
1687492800,962.0,964.75,961.05,962.55,242214
1687493700,962.6,963.5,960.5,961.05,285555
1687494600,961.3,963.1,960.0,963.1,188752
1687495500,963.2,965.5,962.25,963.9,259581
1687496400,963.85,965.2,961.8,962.15,173189
1687497300,962.15,962.25,957.65,958.15,199891
1687498200,958.2,959.55,955.75,959.15,195024
1687499100,958.9,959.4,957.7,957.85,97810
1687500000,957.9,959.6,956.6,959.4,131161
1687500900,959.4,960.1,957.75,958.75,151156
1687501800,958.8,960.75,957.65,959.9,127311
1687502700,960.05,960.15,958.15,958.65,144615
1687503600,958.55,960.0,958.3,959.55,157587
1687504500,959.55,959.65,957.5,958.05,205572
1687505400,958.0,958.35,957.0,957.85,148964
1687506300,957.65,958.75,954.7,955.5,296257
1687507200,955.5,957.5,954.55,956.75,341501
1687508100,956.7,958.45,956.55,956.8,231659
1687509000,956.85,957.65,955.45,956.0,223897
1687509900,955.95,958.1,955.35,958.05,241219
1687510800,958.05,958.8,956.3,957.35,222448
1687511700,957.35,957.85,956.6,957.7,169841
1687512600,957.65,960.75,956.05,958.8,554381
1687513500,958.8,959.45,957.35,958.5,523134
1687751100,959.5,963.45,957.0,963.0,436383
1687752000,962.9,963.5,961.05,961.65,228762
1687752900,961.6,961.65,957.1,957.1,295575
1687753800,957.25,958.3,955.4,955.85,310342
1687754700,955.85,956.25,953.95,954.95,206845
1687755600,955.25,955.7,953.1,954.3,262688
1687756500,954.1,955.1,953.8,954.4,154147
1687757400,954.45,955.95,954.4,955.15,200860
1687758300,955.3,957.75,954.75,956.3,179494
1687759200,956.3,957.6,954.95,955.65,184274
1687760100,955.15,956.85,954.25,956.85,183046
1687761000,956.8,957.8,956.0,957.8,105454
1687761900,957.85,960.0,956.9,959.75,252667
1687762800,959.8,960.0,957.7,958.15,222722
1687763700,958.15,959.45,957.85,959.1,126513
1687764600,959.1,959.5,957.95,959.2,232634
1687765500,959.2,960.0,958.8,959.2,117797
1687766400,959.25,959.45,957.75,958.3,107421
1687767300,958.25,958.75,957.3,958.7,130468
1687768200,958.7,960.0,958.0,958.65,216668
1687769100,958.65,958.9,957.5,958.45,158285
1687770000,958.4,959.3,957.55,958.05,211097
1687770900,958.05,959.25,957.85,959.25,149593
1687771800,959.2,962.05,958.8,960.9,615309
1687772700,960.9,961.5,959.65,960.0,502728
1687837500,967.0,967.15,963.25,964.1,835669
1687838400,964.1,965.0,961.5,961.75,325768
1687839300,961.5,963.55,960.8,963.5,161249
1687840200,963.3,963.8,962.35,963.1,138266
1687841100,963.0,965.3,962.4,965.3,114810
1687842000,965.3,965.5,963.85,965.25,121974
1687842900,965.3,967.15,965.15,967.05,172653
1687843800,967.1,968.25,966.0,967.7,269686
1687844700,967.7,969.0,967.35,968.6,107141
1687845600,968.6,969.25,967.65,967.85,148627
1687846500,967.85,968.5,967.0,967.35,118947
1687847400,967.45,968.7,967.15,968.5,188848
1687848300,968.45,969.2,967.0,968.3,184177
1687849200,968.3,968.8,967.1,968.55,137560
1687850100,968.55,970.35,967.2,967.75,300540
1687851000,967.75,968.1,966.5,968.1,154194
1687851900,968.05,969.7,967.95,969.3,179264
1687852800,968.9,970.85,968.85,970.3,316364
1687853700,970.05,970.8,969.4,969.9,232831
1687854600,970.0,970.95,969.1,970.05,363207
1687855500,970.25,970.6,969.55,970.45,227625
1687856400,970.45,972.8,969.55,971.2,437907
1687857300,971.2,972.4,970.2,972.25,374662
1687858200,972.2,974.2,971.2,973.35,737645
1687859100,973.35,976.0,971.9,974.0,777560
1687860000,974.0,974.0,974.0,974.0,1
1687923900,979.0,979.0,968.7,970.65,454299
1687924800,970.65,971.35,967.0,967.7,464514
1687925700,967.75,970.45,967.5,969.75,299497
1687926600,969.75,970.15,968.55,969.6,75790
1687927500,969.6,970.8,968.4,970.15,184524
1687928400,970.15,971.1,969.25,970.35,360814
1687929300,970.45,972.45,970.25,971.5,163882
1687930200,971.5,974.1,971.3,974.05,192329
1687931100,974.05,976.25,972.85,976.2,243305
1687932000,976.05,976.4,973.45,974.05,229156
1687932900,974.3,977.75,974.05,977.65,254871
1687933800,977.65,979.15,976.55,976.55,418783
1687934700,976.7,978.35,975.85,977.7,332285
1687935600,977.7,977.9,975.4,976.15,346234
1687936500,976.35,979.35,974.95,978.85,235851
1687937400,978.9,979.45,976.5,978.0,325358
1687938300,978.05,979.0,977.4,978.55,235840
1687939200,978.55,979.4,977.2,978.95,444808
1687940100,979.0,980.0,977.45,979.4,346876
1687941000,979.4,981.45,979.2,980.1,324755
1687941900,980.1,984.0,979.45,982.8,572196
1687942800,982.8,983.15,979.7,980.75,389209
1687943700,980.7,982.7,979.25,979.85,365028
1687944600,979.95,981.25,975.3,977.5,1484438
1687945500,977.55,981.55,976.2,980.45,1235776
1688096700,977.1,982.05,976.0,978.0,506835
1688097600,977.95,979.7,976.3,979.55,285313
1688098500,979.55,981.7,978.8,981.4,215778
1688099400,981.35,982.9,980.75,981.6,213467
1688100300,981.6,983.0,981.0,982.7,230216
1688101200,982.6,983.3,980.15,981.15,230900
1688102100,981.2,981.55,980.0,980.1,199208
1688103000,980.1,980.3,979.3,979.65,168825
1688103900,979.65,980.0,979.15,979.75,184160
1688104800,979.75,981.0,979.05,980.95,163305
1688105700,980.95,982.65,980.35,982.0,168686
1688106600,981.95,984.5,981.65,984.35,208232
1688107500,984.35,984.9,983.2,983.35,191090
1688108400,983.4,983.55,981.35,981.45,158857
1688109300,981.45,982.15,981.0,982.1,122244
1688110200,982.1,983.9,982.0,983.25,189872
1688111100,983.25,984.15,983.25,983.65,197588
1688112000,983.6,984.5,982.4,983.95,252406
1688112900,984.0,984.5,982.6,983.65,200275
1688113800,983.6,983.95,981.65,982.9,216084
1688114700,983.0,984.95,982.7,984.8,243489
1688115600,984.85,985.0,982.8,984.65,257203
1688116500,984.7,984.9,983.15,984.45,231352
1688117400,984.45,989.85,984.25,989.15,1054697
1688118300,989.2,989.5,986.0,986.0,913672
1688355900,990.0,990.0,980.05,980.95,466905
1688356800,980.8,985.5,980.5,985.5,193982
1688357700,985.45,987.15,983.6,985.95,310088
1688358600,985.9,987.15,981.2,982.5,285246
1688359500,982.25,982.5,979.95,981.3,246742
1688360400,981.65,982.9,981.0,981.5,233231
1688361300,981.5,983.2,980.05,982.85,241860
1688362200,982.9,983.4,981.15,981.65,111765
1688363100,981.65,984.3,981.6,984.3,181576
1688364000,984.25,985.95,983.05,984.85,352397
1688364900,984.8,985.45,984.0,985.2,133381
1688365800,985.1,985.25,982.95,984.0,152150
1688366700,983.9,984.75,982.25,982.85,234352
1688367600,983.3,984.4,981.95,984.3,197056
1688368500,984.3,984.35,982.7,983.9,142812
1688369400,983.75,985.45,983.5,984.65,151716
1688370300,984.65,985.25,983.95,984.0,131289
1688371200,983.95,985.15,983.5,984.5,107336
1688372100,984.4,985.9,984.0,984.85,107649
1688373000,984.95,984.95,982.0,982.45,220184
1688373900,982.45,983.35,979.35,980.45,272227
1688374800,980.5,980.9,978.5,978.7,216985
1688375700,978.65,980.1,978.0,980.1,177374
1688376600,980.1,982.0,978.6,981.95,291940
1688377500,981.9,985.55,981.2,984.0,388247
1688442300,982.1,984.85,976.4,978.2,524850
1688443200,977.75,980.0,977.2,977.4,530465
1688444100,977.2,978.2,972.45,974.1,477853
1688445000,974.15,977.15,972.65,975.5,267815
1688445900,975.7,976.25,973.85,975.7,184350
1688446800,975.35,975.75,971.55,972.4,202521
1688447700,972.4,972.95,971.4,972.6,236613
1688448600,972.55,975.65,972.55,975.25,127491
1688449500,975.45,977.3,974.95,976.7,193161
1688450400,976.7,976.95,973.3,974.0,139120
1688451300,974.0,974.95,972.85,973.3,192639
1688452200,973.25,978.9,972.6,977.5,284593
1688453100,977.65,978.15,975.0,977.45,264415
1688454000,977.35,980.0,977.35,979.0,165038
1688454900,979.0,979.0,976.5,977.15,75033
1688455800,977.1,977.85,976.0,977.35,162488
1688456700,977.4,982.8,976.5,982.8,305374
1688457600,982.9,982.9,979.8,980.35,378127
1688458500,980.5,980.6,977.6,977.6,355816
1688459400,977.6,978.3,972.75,973.0,414264
1688460300,973.15,974.4,971.15,971.75,405812
1688461200,972.05,975.75,971.0,975.35,336210
1688462100,975.4,975.4,971.5,972.85,296578
1688463000,972.9,973.15,970.0,971.05,362964
1688463900,971.1,971.3,969.0,971.1,471034
1688528700,969.0,975.5,965.8,970.85,744336
1688529600,970.95,973.0,968.3,970.2,672303
1688530500,970.2,972.25,967.7,972.0,265228
1688531400,972.0,974.95,969.2,970.25,287614
1688532300,970.25,970.7,968.0,968.05,326758
1688533200,968.05,969.75,967.5,969.25,154937
1688534100,969.35,972.75,968.8,972.15,206417
1688535000,972.15,972.65,965.0,965.0,265916
1688535900,965.0,965.4,962.1,965.0,321313
1688536800,964.95,966.9,963.5,966.75,272194
1688537700,966.7,969.75,966.45,969.45,313358
1688538600,969.25,969.95,967.7,968.35,257342
1688539500,968.45,969.5,967.65,968.8,235076
1688540400,968.8,969.5,967.8,968.4,146267
1688541300,968.25,969.7,967.45,969.0,203215
1688542200,969.0,969.85,968.0,968.4,312008
1688543100,968.2,969.0,966.1,966.7,668795
1688544000,967.0,967.65,964.1,965.4,520770
1688544900,965.2,967.95,964.0,967.85,393394
1688545800,967.8,969.0,965.7,968.85,291217
1688546700,968.85,970.0,968.1,969.95,160873
1688547600,969.9,970.0,966.25,966.35,167669
1688548500,966.25,966.8,964.55,965.4,137019
1688549400,965.7,967.0,965.25,966.45,354371
1688550300,966.55,967.95,965.75,967.8,509891
1688615100,961.0,970.5,961.0,969.45,533020
1688616000,969.45,970.0,965.75,966.55,289866
1688616900,966.95,970.75,965.4,970.7,313396
1688617800,970.9,975.55,970.9,975.25,333784
1688618700,975.45,976.3,972.15,972.6,269697
1688619600,972.6,973.15,969.5,969.6,116288
1688620500,969.55,970.8,967.15,967.5,154481
1688621400,967.85,968.5,966.05,967.0,259591
1688622300,967.15,968.6,966.15,966.6,242470
1688623200,966.7,968.7,966.15,968.0,187030
1688624100,968.0,968.85,966.1,966.55,196986
1688625000,966.7,969.5,966.55,967.0,330996
1688625900,967.0,968.25,966.5,966.5,191373
1688626800,966.65,969.75,966.6,968.1,324399
1688627700,967.9,970.85,967.7,970.85,289286
1688628600,970.9,971.35,968.85,968.9,217765
1688629500,968.9,971.5,968.4,971.25,245161
1688630400,971.25,973.35,970.0,970.7,511082
1688631300,970.7,975.0,970.55,974.75,520332
1688632200,974.7,974.8,973.2,973.35,382309
1688633100,973.75,976.85,973.05,974.7,802398
1688634000,974.8,975.85,970.8,971.5,913262
1688634900,971.65,976.0,971.05,975.05,377266
1688635800,975.05,982.95,974.6,981.9,1103831
1688636700,982.1,986.1,980.0,982.55,1040651
1688701500,976.25,989.45,976.25,988.6,665536
1688702400,988.6,988.85,984.9,984.9,334448
1688703300,984.9,985.8,983.55,985.75,230376
1688704200,985.7,986.4,983.2,983.25,190369
1688705100,983.35,983.45,981.25,981.9,194020
1688706000,981.85,983.45,981.45,981.55,184322
1688706900,981.5,981.5,978.5,979.35,252547
1688707800,979.0,980.0,978.75,979.75,161985
1688708700,979.75,980.8,977.6,977.8,125385
1688709600,977.8,980.1,977.8,978.55,207384
1688710500,978.55,980.75,977.65,979.5,126621
1688711400,979.5,980.25,978.15,980.0,240704
1688712300,980.0,980.6,978.5,978.75,143102
1688713200,978.75,978.9,976.7,977.55,164890
1688714100,977.55,979.2,977.55,979.2,139889
1688715000,978.9,979.7,977.55,977.75,119905
1688715900,977.75,979.3,977.35,979.25,160420
1688716800,979.3,979.5,977.9,978.7,149801
1688717700,978.7,979.35,977.75,978.45,194584
1688718600,978.55,978.9,977.5,978.7,173143
1688719500,978.8,981.0,978.5,980.5,296914
1688720400,980.45,982.0,978.75,981.65,369216
1688721300,981.6,982.95,981.0,981.2,205304
1688722200,981.25,981.5,976.1,976.25,548980
1688723100,976.2,977.15,971.8,975.6,634926
1688960700,976.7,982.4,975.55,981.7,637330
1688961600,981.7,984.7,981.05,983.35,292565
1688962500,983.6,986.0,982.0,982.35,316419
1688963400,981.75,984.1,980.15,983.45,533984
1688964300,983.45,984.95,982.95,983.9,192629
1688965200,983.9,983.95,982.75,983.4,185949
1688966100,983.25,983.85,982.2,982.75,119850
1688967000,982.75,982.8,978.05,978.1,141493
1688967900,978.05,978.15,975.15,976.45,219877
1688968800,976.3,977.65,973.55,973.85,92689
1688969700,973.85,975.0,972.75,974.1,134185
1688970600,974.05,975.3,971.75,972.8,136103
1688971500,972.8,973.0,971.0,971.35,226495
1688972400,971.3,971.95,970.45,970.95,65976
1688973300,970.7,972.5,970.45,971.1,96918
1688974200,971.05,972.5,969.55,972.45,173792
1688975100,972.4,973.65,971.4,971.7,186486
1688976000,971.65,972.6,970.45,972.1,201845
1688976900,972.1,972.75,969.7,970.05,239577
1688977800,970.0,970.3,968.0,968.45,178003
1688978700,968.45,968.7,965.5,965.85,270523
1688979600,965.85,966.1,963.0,963.2,370486
1688980500,963.15,964.0,960.4,963.6,742856
1688981400,963.4,965.9,961.7,965.4,660967
1688982300,965.35,965.75,963.15,964.6,711620
1689047100,967.9,971.75,966.35,967.75,664482
1689048000,967.9,969.7,965.3,966.85,302625
1689048900,966.85,969.05,965.8,966.0,217913
1689049800,966.05,966.45,963.7,964.6,333556
1689050700,964.5,965.7,963.6,965.15,171879
1689051600,965.15,965.9,963.45,963.5,350714
1689052500,963.45,964.0,962.75,963.85,237013
1689053400,963.75,965.5,963.0,963.5,306322
1689054300,963.45,964.5,962.0,962.15,280100
1689055200,962.15,963.85,961.65,963.1,517408
1689056100,962.75,963.6,961.0,963.45,240105
1689057000,963.4,964.0,961.7,962.7,211971
1689057900,962.8,964.15,961.5,963.1,279209
1689058800,963.25,963.7,961.05,961.75,301244
1689059700,961.85,962.95,961.5,962.35,198497
1689060600,962.4,962.95,961.25,961.75,218279
1689061500,962.1,963.1,960.55,961.05,348383
1689062400,961.25,961.7,959.5,959.95,419239
1689063300,959.75,960.95,959.0,959.9,340607
1689064200,959.95,960.3,958.1,958.65,372839
1689065100,958.65,958.85,954.25,955.5,877520
1689066000,955.45,956.55,954.2,955.7,444044
1689066900,955.65,956.65,953.35,955.25,945871
1689067800,955.25,956.5,950.6,951.65,1056159
1689068700,951.6,955.3,950.75,955.0,962192
1689133500,956.7,957.55,947.55,951.05,981633
1689134400,951.15,956.6,950.45,954.4,505475
1689135300,954.15,954.75,950.1,951.2,214477
1689136200,951.2,952.45,949.5,949.75,385943
1689137100,949.5,949.9,947.0,949.25,413440
1689138000,949.25,950.05,948.6,949.95,253077
1689138900,949.95,950.15,949.45,949.9,140659
1689139800,949.85,950.3,949.1,949.85,283449
1689140700,949.9,951.05,949.6,950.65,331062
1689141600,950.75,950.75,949.6,950.0,286719
1689142500,949.95,950.8,948.85,950.0,214226
1689143400,949.95,950.6,948.95,949.8,245430
1689144300,949.8,950.35,948.15,949.8,169229
1689145200,949.8,950.85,949.35,949.7,378834
1689146100,949.75,950.45,948.2,950.2,280544
1689147000,950.2,951.0,949.85,950.7,202413
1689147900,950.4,953.85,950.05,952.45,297406
1689148800,952.5,953.55,952.05,953.3,234762
1689149700,953.35,954.9,953.2,953.4,205548
1689150600,953.3,954.0,951.3,951.5,214299
1689151500,951.5,952.0,949.8,950.95,384337
1689152400,951.0,951.5,949.9,949.9,268710
1689153300,949.9,954.15,949.9,952.0,409741
1689154200,951.9,952.0,948.3,949.1,1590489
1689155100,949.1,950.7,948.95,950.0,1240077
1689219900,956.3,959.5,952.15,957.4,787238
1689220800,957.4,958.5,956.3,957.15,503575
1689221700,957.55,958.6,956.65,957.25,236502
1689222600,957.5,959.75,957.1,959.7,317992
1689223500,959.65,961.0,957.15,959.55,418823
1689224400,959.55,962.75,958.9,962.0,610062
1689225300,962.0,962.5,960.65,961.5,375082
1689226200,961.55,961.95,959.05,961.4,206937
1689227100,961.45,963.65,961.4,961.85,571455
1689228000,961.85,962.25,958.9,958.9,366203
1689228900,959.05,961.8,959.05,960.7,394267
1689229800,960.5,960.95,957.95,960.7,397642
1689230700,960.7,962.0,959.5,960.75,297038
1689231600,960.7,961.0,959.5,960.15,201746
1689232500,960.15,961.5,959.8,960.6,226362
1689233400,960.35,963.0,960.1,962.85,355065
1689234300,962.65,962.85,959.2,960.7,300936
1689235200,960.45,961.7,958.65,960.6,557211
1689236100,960.6,963.0,959.45,961.25,615331
1689237000,960.75,962.85,958.95,960.0,772403
1689237900,959.6,963.9,959.25,963.5,603962
1689238800,963.5,966.0,961.05,961.05,985116
1689239700,961.15,963.4,959.55,960.55,490069
1689240600,960.55,962.0,958.05,958.55,1351698
1689241500,958.95,963.85,957.3,962.25,1123039
1689306300,964.45,967.0,961.4,963.2,621368
1689307200,962.95,963.2,958.0,958.35,295358
1689308100,958.05,959.65,955.6,955.9,201211
1689309000,955.65,957.0,955.0,955.9,127879
1689309900,955.9,955.9,952.5,954.1,170817
1689310800,954.25,955.0,950.05,950.9,212711
1689311700,950.9,951.25,949.55,950.45,238227
1689312600,950.45,953.15,949.8,952.9,195327
1689313500,952.95,954.0,951.7,952.7,153020
1689314400,952.6,953.1,952.0,952.6,83663
1689315300,952.6,952.95,951.15,952.0,89917
1689316200,952.0,952.7,951.1,952.65,108672
1689317100,952.7,952.9,951.5,951.55,101289
1689318000,951.6,953.0,951.5,952.1,93064
1689318900,952.1,952.75,950.1,951.0,216123
1689319800,951.0,951.85,950.45,951.55,149826
1689320700,951.55,951.6,950.75,951.15,110474
1689321600,951.1,952.2,950.85,951.05,164677
1689322500,951.05,951.05,950.0,950.05,201295
1689323400,950.05,951.65,950.0,950.35,166040
1689324300,950.4,950.4,947.75,949.4,258888
1689325200,949.55,951.75,949.0,951.15,212644
1689326100,951.15,953.95,950.55,953.35,192659
1689327000,953.2,958.35,953.2,957.3,573857
1689327900,957.25,959.8,956.8,958.2,435964
1689565500,960.0,961.2,955.0,956.6,572062
1689566400,956.6,957.95,954.0,957.65,270502
1689567300,957.65,959.0,954.5,954.5,235886
1689568200,954.5,956.5,954.3,955.0,97894
1689569100,955.0,955.75,954.35,954.5,61889
1689570000,954.5,955.25,953.2,954.35,163712
1689570900,954.7,954.75,952.15,953.1,486378
1689571800,953.1,954.25,952.0,952.6,108049
1689572700,952.6,953.5,951.4,952.25,78561
1689573600,952.25,953.55,952.0,953.55,84710
1689574500,953.55,954.0,952.0,953.0,124256
1689575400,953.0,953.0,950.45,951.0,300650
1689576300,951.05,953.3,951.0,952.1,213560
1689577200,952.3,953.25,951.5,952.4,201092
1689578100,952.4,953.05,951.7,951.8,151245
1689579000,951.8,952.45,950.85,951.45,164995
1689579900,951.4,956.45,951.3,955.25,504613
1689580800,955.2,955.4,952.7,953.0,276494
1689581700,953.0,955.0,952.05,954.4,273107
1689582600,954.45,954.45,952.15,953.1,276953
1689583500,953.1,954.9,952.8,954.45,165077
1689584400,954.55,958.5,954.0,958.35,361426
1689585300,958.45,962.0,957.6,961.1,639809
1689586200,961.45,968.5,960.1,968.4,1340726
1689587100,968.35,968.9,963.95,964.6,1302821
1689651900,964.0,975.7,951.3,975.0,1432219
1689652800,975.55,978.9,973.1,977.4,806857
1689653700,977.5,979.95,977.15,978.95,801562
1689654600,978.95,978.95,975.0,975.3,405499
1689655500,975.1,976.7,974.25,975.0,298186
1689656400,975.0,976.5,974.5,975.15,224779
1689657300,975.2,975.85,974.6,974.9,390529
1689658200,975.0,977.0,973.55,976.5,358617
1689659100,976.75,978.75,974.8,976.05,432799
1689660000,976.2,976.55,964.05,964.95,799528
1689660900,965.0,966.0,962.0,965.9,725158
1689661800,965.9,966.75,960.75,961.7,572568
1689662700,961.5,964.8,959.0,964.05,403863
1689663600,963.95,968.85,963.95,968.75,439308
1689664500,968.75,970.15,964.9,964.95,551086
1689665400,964.95,966.0,962.9,964.2,363493
1689666300,964.25,969.85,963.2,967.85,493493
1689667200,967.85,969.2,965.65,967.55,537197
1689668100,967.45,968.1,963.75,967.45,563517
1689669000,967.45,968.7,965.0,965.05,520840
1689669900,965.05,965.6,961.55,964.2,433172
1689670800,964.55,966.45,961.9,965.95,513335
1689671700,965.95,966.5,962.2,962.7,589229
1689672600,962.75,967.6,961.8,962.2,1061092
1689673500,962.25,963.75,960.55,963.0,701677
1689738300,964.0,964.65,956.5,961.2,832187
1689739200,961.25,964.95,961.0,963.5,817216
1689740100,963.35,965.3,963.15,964.75,131370
1689741000,964.7,965.0,962.3,964.0,167925
1689741900,964.05,967.9,963.9,967.45,121930
1689742800,967.15,967.75,965.3,965.3,68391
1689743700,965.5,967.0,965.1,965.6,107295
1689744600,965.95,968.95,965.05,965.85,211165
1689745500,965.8,968.7,964.55,967.35,388282
1689746400,967.5,969.65,967.0,968.2,116036
1689747300,968.2,969.25,967.55,968.25,160771
1689748200,968.2,969.9,967.65,967.65,119743
1689749100,968.05,968.95,965.7,966.25,401593
1689750000,966.3,968.8,966.1,967.75,195186
1689750900,968.05,968.35,966.6,967.05,92443
1689751800,967.1,967.5,966.1,966.55,54636
1689752700,966.55,968.25,966.0,967.0,447192
1689753600,966.95,967.45,965.5,966.25,353120
1689754500,966.35,968.0,965.95,967.6,337581
1689755400,967.7,967.9,965.6,965.65,265164
1689756300,965.85,966.25,963.4,964.15,278462
1689757200,964.2,965.6,963.35,963.75,386286
1689758100,963.45,965.3,963.05,965.0,256341
1689759000,965.1,965.85,962.85,963.0,861962
1689759900,963.0,964.45,962.15,963.0,373050
1689824700,963.9,964.25,959.35,962.75,986177
1689825600,962.8,963.45,959.55,960.2,414042
1689826500,960.25,962.55,959.55,961.95,252072
1689827400,961.9,962.15,959.55,961.7,275987
1689828300,961.6,963.35,960.95,963.0,374203
1689829200,963.0,963.35,961.6,961.9,155654
1689830100,961.9,963.2,961.0,961.7,138906
1689831000,961.7,961.9,959.5,959.95,738361
1689831900,959.95,960.3,958.95,959.7,436623
1689832800,960.0,960.0,958.45,959.6,297446
1689833700,959.55,960.0,958.65,959.25,265791
1689834600,959.6,961.65,958.65,960.5,833940
1689835500,960.85,961.4,959.05,959.75,471165
1689836400,959.45,960.65,959.2,959.5,397875
1689837300,959.5,960.0,958.15,958.65,371740
1689838200,958.6,959.9,957.6,958.4,461433
1689839100,958.35,961.4,958.05,960.2,1085847
1689840000,960.5,962.65,959.4,960.4,1006581
1689840900,960.5,964.2,959.05,964.0,747878
1689841800,963.95,972.2,963.75,969.85,1244646
1689842700,969.75,978.6,969.75,976.25,943929
1689843600,976.4,978.6,973.95,974.4,712991
1689844500,974.4,977.35,974.0,976.4,804268
1689845400,976.4,979.9,975.35,978.65,1235258
1689846300,978.85,979.8,976.0,977.15,666344
1689911100,971.6,985.0,971.6,982.85,999298
1689912000,982.65,983.85,977.2,981.4,511677
1689912900,981.3,983.4,980.5,980.65,252989
1689913800,981.0,982.5,977.35,979.05,250472
1689914700,979.05,979.2,972.35,973.45,252514
1689915600,973.45,974.95,971.5,973.15,123280
1689916500,973.35,974.15,972.0,973.6,135147
1689917400,973.7,974.65,972.5,973.3,108179
1689918300,973.3,974.2,972.05,973.65,94964
1689919200,973.65,973.9,970.15,971.25,221537
1689920100,971.25,971.55,968.25,969.65,264814
1689921000,969.6,970.95,968.6,970.6,136310
1689921900,970.65,971.1,969.0,969.25,80784
1689922800,969.5,972.7,969.25,971.5,113726
1689923700,971.45,975.55,971.25,975.1,151360
1689924600,975.1,976.5,974.1,975.05,252950
1689925500,975.0,976.0,973.45,975.0,107924
1689926400,975.0,976.0,973.45,973.75,171388
1689927300,973.7,975.4,973.55,974.5,79948
1689928200,974.75,975.95,971.0,972.0,314170
1689929100,971.7,972.55,969.1,969.75,221412
1689930000,969.8,972.45,969.25,969.9,240105
1689930900,969.85,971.05,968.0,968.6,234461
1689931800,968.8,973.0,968.05,971.95,541644
1689932700,971.9,972.65,970.4,971.6,321773
1690170300,973.45,978.0,971.75,976.2,834829
1690171200,976.3,980.95,975.15,977.3,445529
1690172100,977.25,979.65,976.65,977.85,260793
1690173000,977.85,980.75,976.5,980.3,168840
1690173900,980.1,984.4,979.5,983.45,303235
1690174800,983.15,984.95,981.8,983.5,271169
1690175700,983.5,983.9,978.25,978.95,516119
1690176600,979.0,979.55,975.2,976.4,420744
1690177500,976.4,976.45,974.5,976.0,134381
1690178400,976.0,977.95,972.5,972.55,245924
1690179300,972.3,973.2,969.3,969.65,452772
1690180200,969.35,972.25,968.8,971.25,274739
1690181100,971.35,971.35,968.9,970.0,318682
1690182000,970.05,970.85,968.8,970.55,278113
1690182900,970.35,973.05,970.0,972.6,207873
1690183800,972.6,973.5,970.35,972.1,215801
1690184700,972.0,973.5,971.0,971.2,279835
1690185600,971.15,972.85,969.6,971.35,485478
1690186500,971.65,974.3,971.35,973.15,245052
1690187400,973.15,973.9,971.0,972.05,270048
1690188300,971.9,974.55,970.75,974.55,334487
1690189200,974.8,975.9,972.75,974.35,323854
1690190100,974.45,975.45,971.5,971.7,647006
1690191000,971.7,972.5,969.15,971.05,704686
1690191900,970.95,974.0,970.5,971.0,518490
1690256700,977.65,977.65,971.05,971.25,497830
1690257600,971.25,972.5,966.05,967.1,675778
1690258500,967.1,967.75,964.55,966.25,354361
1690259400,966.25,966.25,960.3,963.45,678568
1690260300,963.6,964.0,961.55,962.7,253391
1690261200,962.35,963.9,962.25,962.85,146737
1690262100,962.85,963.65,962.0,962.15,239134
1690263000,962.05,963.35,961.0,962.15,343639
1690263900,962.15,963.5,961.8,962.8,181789
1690264800,962.8,963.4,960.1,960.4,250330
1690265700,960.3,961.0,957.55,958.75,412588
1690266600,958.75,959.65,956.0,957.4,555002
1690267500,957.4,958.6,955.8,957.4,494011
1690268400,957.4,959.0,956.3,956.6,505141
1690269300,956.55,960.95,956.25,960.1,525183
1690270200,960.4,962.2,956.65,956.7,627127
1690271100,956.55,958.2,954.75,956.6,1087552
1690272000,956.5,956.95,953.8,955.95,647049
1690272900,955.8,957.5,954.25,957.0,539604
1690273800,957.2,960.65,956.4,960.25,424539
1690274700,960.2,963.35,959.7,963.2,626731
1690275600,963.25,965.3,961.4,964.5,899941
1690276500,964.6,966.5,962.1,964.25,742450
1690277400,964.25,964.65,959.5,962.65,989895
1690278300,962.6,964.95,962.55,963.0,700232
1690343100,966.85,967.0,964.0,966.35,485260
1690344000,966.0,967.95,965.1,966.1,277245
1690344900,965.9,966.65,964.45,966.65,224921
1690345800,966.4,968.2,966.3,967.8,261204
1690346700,967.9,968.8,966.6,967.55,246702
1690347600,967.55,969.9,966.85,966.85,281525
1690348500,966.95,968.35,965.35,966.8,172805
1690349400,966.8,967.3,965.4,966.9,72381
1690350300,966.8,967.05,963.9,965.4,173139
1690351200,965.4,966.85,965.0,965.45,187641
1690352100,965.4,965.45,963.3,964.25,167550
1690353000,964.25,966.85,964.0,966.15,197808
1690353900,966.15,970.5,965.45,968.4,414926
1690354800,968.35,969.6,966.6,967.25,245939
1690355700,967.25,969.5,966.5,968.45,189800
1690356600,968.5,968.8,966.35,968.05,260680
1690357500,968.15,970.5,967.55,969.3,451550
1690358400,969.45,972.0,969.05,971.5,276759
1690359300,971.5,974.8,969.75,973.05,501584
1690360200,973.4,974.95,971.8,973.75,434930
1690361100,973.75,974.15,971.0,971.6,399442
1690362000,971.8,972.55,970.25,970.3,304948
1690362900,970.2,971.7,966.9,971.0,516337
1690363800,971.15,978.0,971.1,977.65,798169
1690364700,977.7,980.0,973.9,975.8,740291
1690429500,989.35,990.0,971.5,974.55,1902029
1690430400,974.65,977.35,973.0,975.8,708798
1690431300,975.75,980.0,975.5,976.35,569299
1690432200,976.65,978.0,975.5,976.15,477766
1690433100,976.4,980.0,976.35,979.65,340303
1690434000,979.55,982.0,979.0,980.65,342679
1690434900,980.65,981.15,975.25,975.85,384099
1690435800,975.55,976.0,973.5,974.0,443031
1690436700,974.3,974.3,967.15,967.9,820271
1690437600,967.75,971.0,967.65,968.7,672862
1690438500,968.9,970.85,967.0,969.0,437943
1690439400,969.2,969.7,965.55,966.0,748281
1690440300,965.65,967.85,965.5,967.75,267033
1690441200,967.75,968.0,963.95,965.7,416297
1690442100,965.6,966.4,964.2,966.15,252589
1690443000,966.15,968.0,964.35,967.75,361852
1690443900,967.65,968.0,965.4,966.2,439832
1690444800,966.2,967.3,964.55,964.7,551774
1690445700,965.05,968.6,964.6,965.7,624619
1690446600,965.9,967.3,964.3,965.45,662998
1690447500,965.8,966.35,960.85,963.2,824406
1690448400,963.25,963.95,958.5,961.15,982599
1690449300,961.5,962.0,956.0,956.8,971781
1690450200,956.9,960.9,955.75,960.35,1748627
1690451100,960.4,961.6,959.1,961.15,1675378
1690515900,959.9,969.75,942.2,945.6,1427308
1690516800,945.55,947.95,945.05,947.5,616420
1690517700,947.5,951.6,947.1,949.75,493082
1690518600,949.65,951.9,949.4,951.9,476162
1690519500,951.85,955.0,951.85,953.0,434800
1690520400,953.0,954.0,952.0,953.6,265441
1690521300,953.55,955.95,952.0,952.5,382181
1690522200,952.5,952.95,951.95,951.95,247648
1690523100,951.95,952.5,951.05,952.0,242720
1690524000,952.0,952.15,951.5,951.55,174067
1690524900,951.55,952.5,949.0,949.35,307510
1690525800,949.2,949.2,945.65,948.85,263316
1690526700,948.9,950.0,948.5,948.7,136203
1690527600,948.75,948.8,947.35,947.55,117221
1690528500,947.5,948.6,947.0,947.6,146553
1690529400,947.65,948.6,947.5,947.7,105456
1690530300,947.7,947.75,945.1,945.6,177286
1690531200,945.8,946.5,943.2,943.8,210953
1690532100,943.8,947.55,943.6,947.15,176820
1690533000,947.05,948.4,945.5,948.2,192426
1690533900,948.15,949.0,947.55,948.7,175791
1690534800,948.7,950.1,947.35,949.15,275362
1690535700,949.15,950.0,946.65,948.45,270694
1690536600,948.5,950.7,948.45,950.15,571928
1690537500,950.2,950.85,948.85,950.0,593967
1690775100,954.7,954.7,948.3,950.6,479897
1690776000,950.2,953.0,950.0,952.3,227701
1690776900,952.3,955.9,951.75,954.4,769501
1690777800,954.4,955.2,953.0,954.3,553396
1690778700,954.35,956.25,954.0,956.0,298369
1690779600,956.1,956.25,954.0,956.0,281091
1690780500,956.0,958.6,955.65,957.45,204808
1690781400,957.4,958.25,956.1,956.1,148071
1690782300,956.1,956.1,954.4,955.05,252355
1690783200,955.05,955.35,953.4,954.55,205861
1690784100,954.45,955.0,953.15,953.85,175157
1690785000,953.95,954.5,953.4,953.6,132112
1690785900,953.7,953.75,949.5,949.8,277215
1690786800,949.95,951.0,949.65,950.25,251761
1690787700,950.25,952.6,949.9,952.4,130901
1690788600,952.5,953.3,951.0,953.0,97113
1690789500,952.95,954.8,952.45,954.6,306520
1690790400,954.45,955.95,954.25,955.65,100104
1690791300,955.65,955.75,954.0,954.1,93849
1690792200,954.1,954.85,952.0,953.0,93988
1690793100,952.85,953.35,951.3,952.05,94677
1690794000,952.4,952.95,951.65,951.85,76788
1690794900,951.85,952.45,950.3,951.5,153478
1690795800,951.65,955.0,951.6,954.0,598616
1690796700,954.0,955.0,953.0,954.9,583261
1690861500,956.0,957.15,953.8,955.15,372185
1690862400,955.15,955.95,953.0,954.5,354056
1690863300,954.65,957.0,954.2,954.9,368182
1690864200,955.0,956.0,953.2,955.9,313955
1690865100,955.9,957.0,955.05,956.5,140990
1690866000,956.5,957.0,954.3,955.45,221680
1690866900,955.45,956.4,954.0,955.8,440571
1690867800,956.0,957.4,955.0,956.95,141215
1690868700,957.0,957.0,955.5,956.45,46709
1690869600,956.5,958.2,955.1,957.5,134493
1690870500,957.55,957.9,956.2,956.4,52297
1690871400,956.6,956.9,955.25,955.7,122611
1690872300,955.75,955.75,953.05,953.3,286894
1690873200,953.3,956.45,953.15,953.95,363622
1690874100,953.8,955.9,952.0,954.55,364409
1690875000,954.6,957.0,953.7,956.65,305474
1690875900,956.85,957.5,955.85,957.2,302073
1690876800,957.25,958.15,954.0,954.4,500146
1690877700,954.4,956.75,953.5,953.95,471271
1690878600,953.85,955.45,953.5,954.85,431696
1690879500,954.9,957.3,954.35,956.5,506257
1690880400,956.65,958.9,955.9,958.0,342963
1690881300,958.05,961.45,957.55,959.4,665628
1690882200,959.5,960.2,957.45,960.1,629626
1690883100,960.1,964.0,958.8,961.8,516681
1690947900,951.5,958.9,950.85,954.8,600905
1690948800,954.75,955.0,953.15,953.25,184188
1690949700,953.25,953.7,952.0,953.2,90889
1690950600,953.1,953.55,950.6,951.7,355163
1690951500,951.7,952.0,948.9,949.0,180616
1690952400,949.2,949.65,947.2,948.65,248003
1690953300,948.65,948.65,946.6,947.4,141490
1690954200,947.5,947.75,943.6,945.0,496027
1690955100,945.0,945.1,940.85,942.95,621409
1690956000,942.9,944.4,941.6,943.75,192701
1690956900,943.75,945.8,943.45,943.85,195895
1690957800,944.15,947.5,944.0,946.55,652999
1690958700,946.8,947.6,945.0,945.2,264287
1690959600,945.45,946.65,944.1,945.1,207818
1690960500,945.25,946.5,942.75,943.25,365751
1690961400,943.25,945.0,942.45,943.25,160914
1690962300,943.2,944.1,940.9,941.6,419138
1690963200,941.85,942.5,939.1,939.45,422586
1690964100,939.55,942.2,937.1,937.5,741379
1690965000,937.4,942.0,936.6,939.5,590480
1690965900,939.4,940.35,937.85,939.9,285641
1690966800,940.0,940.5,938.3,939.85,348843
1690967700,939.85,941.45,939.2,941.0,181609
1690968600,941.0,946.95,941.0,946.8,763350
1690969500,946.75,947.55,944.1,944.95,585867
1691034300,944.1,946.6,938.15,942.55,820632
1691035200,942.55,943.1,940.1,941.5,345219
1691036100,941.9,945.7,941.45,943.85,708671
1691037000,943.85,945.2,942.8,943.35,360079
1691037900,943.35,943.8,941.8,942.65,271789
1691038800,942.65,943.5,941.85,942.1,171143
1691039700,942.1,946.0,941.9,945.4,341656
1691040600,945.5,945.9,943.65,944.4,287806
1691041500,944.35,944.95,941.1,941.6,444902
1691042400,941.4,942.7,941.0,941.8,140082
1691043300,941.8,941.9,940.25,941.0,213734
1691044200,941.0,941.4,940.0,940.15,241816
1691045100,940.3,941.1,936.1,937.0,685035
1691046000,936.85,937.0,933.5,934.1,634756
1691046900,933.9,934.5,931.1,931.65,836605
1691047800,931.65,934.35,931.0,932.15,641069
1691048700,932.2,935.5,932.15,935.1,770983
1691049600,935.1,937.05,933.0,933.7,910012
1691050500,933.65,934.3,931.25,931.95,750872
1691051400,931.95,936.75,929.4,929.85,1653787
1691052300,929.95,930.85,927.15,930.45,1112787
1691053200,930.6,934.0,930.15,930.85,930183
1691054100,930.85,932.75,928.0,930.95,1072793
1691055000,931.25,936.8,930.1,936.8,1423133
1691055900,936.8,940.0,936.0,938.5,1285888
1691120700,947.0,947.85,940.7,944.05,707214
1691121600,944.25,945.45,940.3,940.4,638687
1691122500,940.35,941.8,937.25,939.05,471760
1691123400,939.05,940.0,937.55,939.7,299026
1691124300,939.95,940.0,935.3,935.4,236999
1691125200,935.55,939.9,934.65,938.85,526439
1691126100,938.8,939.75,936.75,938.7,422736
1691127000,938.7,946.25,938.3,945.75,487736
1691127900,945.95,954.5,945.2,953.0,1022969
1691128800,953.5,954.3,950.4,950.9,347295
1691129700,950.9,954.85,950.9,952.9,456376
1691130600,953.2,953.2,949.15,951.5,351439
1691131500,951.6,952.3,948.55,949.5,288658
1691132400,949.3,949.9,945.25,948.85,768859
1691133300,948.9,950.3,946.2,947.35,581994
1691134200,947.35,949.1,946.2,946.55,687497
1691135100,946.55,947.9,945.0,945.3,151061
1691136000,945.0,945.45,941.0,944.0,300204
1691136900,944.1,945.15,942.75,944.25,416825
1691137800,944.0,948.85,942.7,948.2,745139
1691138700,948.25,948.5,945.55,946.6,302765
1691139600,946.3,951.6,945.25,949.05,525580
1691140500,948.65,953.7,948.3,951.1,612368
1691141400,951.2,954.4,949.5,953.45,618256
1691142300,953.15,953.2,950.5,950.8,363886
1691379900,952.25,955.0,949.35,951.0,397241
1691380800,950.85,952.3,949.0,950.8,160938
1691381700,950.8,951.75,946.0,946.5,485344
1691382600,946.55,948.3,946.25,948.1,107209
1691383500,948.1,950.95,947.7,950.9,283109
1691384400,950.9,953.35,949.0,953.35,384291
1691385300,953.0,953.5,948.4,950.1,598871
1691386200,949.75,950.3,947.7,948.6,243665
1691387100,948.7,950.95,947.25,949.65,146928
1691388000,949.65,949.95,948.05,949.0,205277
1691388900,949.0,949.65,946.55,947.0,558271
1691389800,947.0,948.1,944.55,945.6,845031
1691390700,945.6,947.0,944.8,945.75,456797
1691391600,946.1,949.85,945.5,947.55,306196
1691392500,947.5,949.1,945.7,946.15,446513
1691393400,946.2,947.9,945.7,946.05,629789
1691394300,946.15,951.95,945.8,951.65,588303
1691395200,951.65,953.0,949.05,951.8,759718
1691396100,951.8,953.2,950.3,950.6,278359
1691397000,950.7,951.45,948.2,949.0,436204
1691397900,948.95,951.7,947.6,949.35,542868
1691398800,949.15,951.25,948.8,950.0,322952
1691399700,950.0,951.15,946.3,947.55,836555
1691400600,947.8,948.9,946.5,947.3,456725
1691401500,947.25,948.45,946.7,947.5,439897
1691466300,950.0,951.05,944.05,949.5,513180
1691467200,949.55,951.55,947.65,948.55,563565
1691468100,948.8,949.6,947.55,948.5,108081
1691469000,948.55,951.9,948.45,950.8,305580
1691469900,950.8,952.0,948.9,950.85,506163
1691470800,950.85,959.0,950.8,958.95,416210
1691471700,958.95,959.9,956.3,958.1,387767
1691472600,958.25,958.65,955.7,956.35,299678
1691473500,956.35,957.25,954.55,954.55,191141
1691474400,954.65,954.9,952.4,953.0,232629
1691475300,952.85,954.6,951.3,951.8,598530
1691476200,951.3,954.1,949.25,953.55,651868
1691477100,953.5,955.4,953.2,953.5,586475
1691478000,953.2,954.9,951.6,951.75,269665
1691478900,952.2,953.0,951.0,951.4,238590
1691479800,951.45,953.95,950.9,953.85,368205
1691480700,953.8,955.35,952.7,953.05,191063
1691481600,953.0,954.1,951.85,952.35,167537
1691482500,952.35,953.05,951.1,952.0,450362
1691483400,952.1,953.8,950.4,951.65,522958
1691484300,951.65,953.8,949.65,953.7,579757
1691485200,953.7,955.1,951.5,953.0,663815
1691486100,953.0,954.15,949.25,950.75,851509
1691487000,950.7,955.65,949.95,952.3,1101106
1691487900,952.25,955.4,951.75,953.2,723775
1691552700,952.0,952.0,948.2,948.8,512571
1691553600,949.0,950.0,947.1,948.7,232112
1691554500,948.65,950.0,946.8,948.4,219294
1691555400,948.35,949.9,947.5,947.7,171855
1691556300,947.7,948.0,945.0,945.1,185682
1691557200,945.1,946.75,944.5,945.1,133464
1691558100,945.05,947.35,945.0,946.9,177280
1691559000,946.8,947.2,945.25,945.3,288490
1691559900,945.5,946.6,944.6,945.75,490927
1691560800,945.75,946.1,945.2,945.25,118766
1691561700,945.3,945.9,944.3,945.45,159180
1691562600,945.45,945.9,944.45,945.0,228144
1691563500,945.0,948.2,944.6,947.65,319115
1691564400,947.65,952.0,947.05,949.5,554437
1691565300,949.4,951.45,948.4,948.6,500275
1691566200,948.9,949.5,947.25,947.7,321393
1691567100,947.6,948.9,947.05,948.4,236673
1691568000,948.5,949.8,947.5,947.6,268970
1691568900,947.6,948.3,946.05,947.0,181667
1691569800,947.0,949.05,946.5,948.0,222728
1691570700,947.8,948.7,946.6,948.15,506630
1691571600,948.15,950.6,947.55,949.4,416754
1691572500,949.7,953.3,948.45,950.85,473188
1691573400,951.05,951.75,949.85,950.9,295283
1691574300,950.85,951.4,948.55,949.9,479732
1691639100,948.0,951.95,945.05,948.75,457287
1691640000,948.3,948.65,945.8,947.0,306733
1691640900,946.7,947.5,945.65,947.2,176884
1691641800,946.9,950.45,946.5,950.3,739606
1691642700,950.55,951.5,946.2,947.05,614965
1691643600,947.25,947.25,943.45,944.85,874311
1691644500,944.85,946.85,944.15,945.65,462906
1691645400,945.15,946.75,944.75,945.65,337864
1691646300,945.65,946.85,943.75,945.1,276836
1691647200,945.05,945.7,941.55,945.25,524621
1691648100,945.4,946.9,943.85,945.65,720533
1691649000,945.6,946.3,942.5,942.9,366408
1691649900,942.95,945.5,942.5,944.65,425618
1691650800,944.6,945.4,942.5,944.85,278029
1691651700,945.0,945.9,944.0,944.75,446519
1691652600,945.0,947.0,944.35,945.95,583450
1691653500,946.25,947.25,942.05,942.35,501345
1691654400,942.2,944.1,942.0,943.85,520394
1691655300,944.0,944.1,939.25,939.8,660196
1691656200,939.9,941.55,938.9,940.0,843590
1691657100,940.1,941.1,938.6,939.65,672049
1691658000,940.0,941.0,938.05,939.8,463170
1691658900,939.85,941.0,937.3,939.3,740880
1691659800,939.35,940.9,938.7,939.55,790740
1691660700,939.4,941.05,938.15,940.45,797664
1691725500,937.5,939.4,935.35,935.65,757258
1691726400,935.65,936.35,933.0,933.85,392142
1691727300,933.85,937.2,933.3,937.0,692998
1691728200,937.0,939.25,936.0,937.5,446246
1691729100,937.4,938.95,937.05,937.35,252273
1691730000,937.1,937.85,936.0,936.55,202801
1691730900,936.55,937.25,935.1,937.0,576693
1691731800,936.95,937.25,935.0,935.05,502163
1691732700,935.05,937.5,934.5,937.3,209609
1691733600,937.3,937.65,935.65,937.45,218283
1691734500,937.45,938.6,936.25,936.85,155150
1691735400,936.85,940.25,936.0,938.9,252847
1691736300,938.85,939.85,937.9,939.7,156226
1691737200,939.7,941.9,938.65,941.9,277304
1691738100,941.95,942.95,939.9,940.35,293340
1691739000,940.35,945.7,940.2,944.55,355800
1691739900,944.45,944.6,942.6,943.55,204216
1691740800,943.7,944.15,942.1,942.35,208437
1691741700,942.25,944.0,942.1,943.5,253160
1691742600,943.5,943.65,941.55,941.6,223855
1691743500,941.6,942.4,938.9,939.05,879682
1691744400,939.0,939.9,935.25,936.9,510885
1691745300,937.0,938.5,935.45,937.5,377448
1691746200,937.55,938.35,935.65,936.55,444913
1691747100,936.5,938.7,936.2,937.75,682690
1691984700,935.0,938.55,931.15,932.85,328137
1691985600,932.9,933.85,931.3,932.8,221765
1691986500,932.8,934.0,931.5,931.95,192282
1691987400,932.0,932.0,929.5,930.0,188539
1691988300,930.15,930.95,928.9,930.8,126454
1691989200,930.75,932.2,930.5,931.5,123863
1691990100,931.5,932.6,930.25,932.25,104705
1691991000,932.15,934.8,931.95,932.25,259735
1691991900,932.25,936.25,932.0,935.9,154938
1691992800,935.65,936.25,934.0,935.75,182843
1691993700,935.55,935.85,933.8,934.8,100340
1691994600,934.8,937.4,934.15,937.35,96371
1691995500,937.35,937.4,934.6,936.25,88589
1691996400,936.1,936.2,933.6,935.0,107337
1691997300,935.0,935.15,932.75,933.3,136447
1691998200,933.4,934.95,932.9,933.2,119352
1691999100,933.25,934.9,932.9,934.9,322935
1692000000,935.0,936.95,934.35,935.1,271226
1692000900,935.0,937.95,934.8,936.95,439361
1692001800,936.85,939.85,936.85,939.2,290763
1692002700,939.1,940.0,937.6,939.15,511296
1692003600,939.3,941.05,938.05,939.15,419835
1692004500,939.15,941.8,939.0,941.45,565043
1692005400,941.2,943.3,938.35,939.2,1048451
1692006300,939.1,940.95,937.6,940.0,764631
1692157500,935.95,940.0,933.75,938.3,521552
1692158400,938.3,938.3,935.6,936.05,265535
1692159300,936.0,938.0,935.6,937.5,308361
1692160200,937.5,937.55,935.1,935.1,256639
1692161100,935.15,936.9,934.2,934.85,365237
1692162000,934.85,935.5,932.8,933.9,181020
1692162900,933.9,936.6,933.25,936.45,398037
1692163800,936.55,937.85,933.95,934.0,364744
1692164700,933.95,935.25,932.9,934.45,587551
1692165600,934.3,935.55,932.8,933.6,581111
1692166500,933.6,936.2,933.55,936.0,210869
1692167400,936.0,936.9,935.5,936.15,100744
1692168300,936.2,936.2,934.8,935.1,98329
1692169200,935.05,936.0,934.7,935.4,111808
1692170100,935.15,936.0,934.45,935.0,64325
1692171000,935.0,937.3,934.65,936.75,111826
1692171900,936.7,937.3,936.0,936.0,372229
1692172800,936.05,937.0,935.05,935.2,439764
1692173700,935.2,935.65,934.55,935.1,89965
1692174600,935.0,935.15,933.55,934.4,139892
1692175500,934.5,934.95,933.75,934.3,152948
1692176400,934.3,935.25,932.55,933.5,488172
1692177300,933.4,933.4,931.3,931.9,357822
1692178200,932.0,933.15,932.0,932.9,348837
1692179100,932.8,934.1,931.5,933.0,456923
1692243900,935.95,938.0,931.65,934.55,514944
1692244800,934.55,937.95,933.7,937.6,305820
1692245700,937.6,941.4,937.3,940.9,689841
1692246600,940.9,941.8,939.5,940.45,548867
1692247500,940.45,941.25,938.9,940.75,220712
1692248400,940.75,941.15,937.85,939.0,229967
1692249300,939.0,941.15,938.75,940.3,302432
1692250200,940.3,941.85,938.5,938.9,641368
1692251100,939.0,940.75,937.2,938.65,441642
1692252000,938.65,939.35,937.25,938.8,237356
1692252900,938.45,939.2,937.95,938.4,190459
1692253800,938.7,939.35,936.75,938.25,248364
1692254700,938.05,939.6,936.9,939.5,213018
1692255600,939.5,939.85,936.75,937.35,250610
1692256500,937.15,937.5,935.25,936.3,283322
1692257400,936.3,937.0,934.8,934.95,276588
1692258300,934.9,936.65,934.3,935.7,228522
1692259200,935.95,937.45,935.0,937.15,304898
1692260100,937.15,940.05,937.0,939.7,345547
1692261000,939.7,941.65,938.9,941.2,329005
1692261900,941.55,942.65,940.45,940.9,259174
1692262800,940.9,943.0,939.45,939.75,530220
1692263700,939.75,940.95,935.5,935.5,550664
1692264600,935.5,937.9,934.85,936.15,729513
1692265500,936.4,937.9,936.1,937.25,447492
1692330300,934.85,939.9,931.05,939.35,488951
1692331200,939.3,941.4,938.5,940.1,247337
1692332100,940.1,941.95,938.85,939.6,153771
1692333000,939.55,941.0,939.05,940.75,157790
1692333900,940.75,944.7,940.45,943.55,217971
1692334800,943.55,945.95,943.5,944.2,209145
1692335700,944.5,944.7,942.45,943.95,217358
1692336600,944.0,944.0,941.5,941.65,132293
1692337500,941.65,942.0,940.2,941.5,125471
1692338400,941.5,943.3,940.85,941.35,261917
1692339300,941.35,942.0,940.7,941.2,130535
1692340200,941.2,942.5,941.05,941.8,110555
1692341100,941.8,944.4,941.6,943.55,225709
1692342000,943.6,945.4,942.65,943.45,182065
1692342900,943.5,943.55,940.9,941.5,121291
1692343800,941.55,942.0,941.1,941.6,106558
1692344700,941.6,943.9,941.55,943.75,234268
1692345600,943.75,945.0,940.6,940.75,452399
1692346500,940.8,942.9,940.75,942.0,182789
1692347400,941.95,943.7,941.5,942.1,323714
1692348300,942.1,944.1,941.65,943.75,254851
1692349200,944.0,944.95,942.35,943.55,319054
1692350100,943.55,945.35,942.0,943.25,359205
1692351000,943.2,943.7,941.5,943.6,623064
1692351900,943.45,945.0,941.15,942.5,791037
1692589500,944.2,949.7,943.95,949.1,1009422
1692590400,949.05,952.8,949.0,952.5,452878
1692591300,952.55,953.0,948.15,948.5,435303
1692592200,948.5,949.85,947.5,949.55,210276
1692593100,949.55,951.5,949.2,951.4,189752
1692594000,951.5,952.0,949.7,950.0,171752
1692594900,950.05,951.2,948.7,950.1,152584
1692595800,950.2,952.95,950.0,951.5,222273
1692596700,951.4,952.0,949.0,950.25,397245
1692597600,950.25,950.6,947.25,949.4,313385
1692598500,949.45,950.5,948.65,949.0,152229
1692599400,949.0,950.45,948.85,949.85,152393
1692600300,949.85,951.15,948.8,948.9,154327
1692601200,948.9,950.05,948.4,949.2,113018
1692602100,949.15,950.0,948.2,950.0,176622
1692603000,950.0,951.4,949.3,950.95,114587
1692603900,950.85,952.7,950.5,951.75,148753
1692604800,951.7,952.1,950.55,951.75,101554
1692605700,951.65,953.15,951.05,951.5,245704
1692606600,951.5,952.25,949.45,950.25,165801
1692607500,950.25,951.4,949.8,950.9,148115
1692608400,951.15,951.9,949.6,950.9,178976
1692609300,950.75,952.3,950.45,952.2,146581
1692610200,952.45,954.25,951.75,952.7,883366
1692611100,952.5,953.05,950.55,951.5,378480
1692675900,953.85,956.0,948.65,955.6,1040797
1692676800,955.8,957.9,955.15,957.5,859442
1692677700,957.55,958.5,954.2,955.9,422801
1692678600,955.9,958.1,955.0,956.7,412937
1692679500,956.95,956.95,954.75,955.2,227212
1692680400,955.1,956.45,955.0,955.55,185638
1692681300,955.7,956.0,954.65,954.75,147284
1692682200,954.7,955.75,954.05,955.0,135325
1692683100,955.0,955.7,952.55,954.75,380762
1692684000,954.75,955.4,953.55,955.2,314304
1692684900,955.3,955.3,953.5,954.65,196193
1692685800,954.7,955.0,953.25,953.9,451412
1692686700,953.9,955.55,953.45,954.5,260298
1692687600,954.5,956.55,953.55,955.35,208538
1692688500,955.85,958.4,955.6,957.35,336274
1692689400,957.55,957.95,957.0,957.15,235519
1692690300,957.15,958.3,957.0,957.25,347456
1692691200,957.25,957.85,955.3,957.5,446729
1692692100,957.15,958.0,956.65,957.05,302689
1692693000,957.0,958.95,955.7,958.0,1357030
1692693900,958.05,958.5,957.9,958.0,426600
1692694800,958.15,958.45,956.7,957.15,345583
1692695700,957.15,957.95,956.1,957.5,319950
1692696600,957.6,958.0,955.0,957.95,807418
1692697500,958.0,959.1,955.7,958.0,676507
1692762300,962.0,968.25,958.4,968.0,2236201
1692763200,968.05,968.2,964.6,966.25,818558
1692764100,966.25,966.4,963.65,965.55,257714
1692765000,965.45,965.6,963.05,964.9,180177
1692765900,964.75,966.2,963.8,965.6,190977
1692766800,965.6,966.45,964.1,965.7,114318
1692767700,965.65,966.4,964.35,964.6,138993
1692768600,964.8,967.7,964.2,967.2,333372
1692769500,967.05,970.85,967.0,970.5,531906
1692770400,970.75,972.5,969.95,972.05,629387
1692771300,972.05,974.35,971.9,973.2,585675
1692772200,973.1,975.0,972.5,973.35,503689
1692773100,973.4,975.65,972.65,975.45,547594
1692774000,975.45,976.85,974.6,975.85,422512
1692774900,975.55,976.8,975.4,976.4,268849
1692775800,976.55,976.95,975.5,976.25,243251
1692776700,976.2,976.95,975.1,976.15,303294
1692777600,976.25,977.35,975.0,976.9,313019
1692778500,976.95,980.45,976.3,979.1,886973
1692779400,979.05,979.85,977.3,978.35,421999
1692780300,978.35,978.5,977.05,977.55,335356
1692781200,977.4,980.3,977.1,979.05,438359
1692782100,979.05,979.8,978.7,979.75,275310
1692783000,979.75,980.45,978.15,979.0,800517
1692783900,979.1,980.0,976.0,977.3,764521
1692848700,984.8,984.8,980.7,983.8,518349
1692849600,983.75,989.0,982.9,988.75,636709
1692850500,988.5,994.25,988.5,991.6,750732
1692851400,991.5,992.4,986.8,991.45,571855
1692852300,991.3,992.7,988.1,989.15,420836
1692853200,989.05,990.0,988.65,989.55,146944
1692854100,989.5,992.4,987.9,988.4,232080
1692855000,988.5,989.8,986.1,986.9,279089
1692855900,986.9,990.25,986.25,989.3,224195
1692856800,989.2,990.0,988.0,988.0,286453
1692857700,988.2,989.25,986.45,988.0,345566
1692858600,988.15,988.3,986.5,987.25,250342
1692859500,987.4,989.4,986.85,987.5,388919
1692860400,987.5,990.15,987.2,989.05,324675
1692861300,989.05,990.4,987.85,989.35,201234
1692862200,989.35,990.25,988.1,988.15,177789
1692863100,988.2,988.2,984.9,985.5,382674
1692864000,985.5,986.6,982.8,984.45,456765
1692864900,984.45,986.8,984.1,984.45,425061
1692865800,984.4,986.95,983.2,986.2,469590
1692866700,986.25,986.85,983.3,986.3,558321
1692867600,986.25,987.3,983.15,985.4,846706
1692868500,985.4,985.8,980.15,981.0,1246302
1692869400,981.0,983.3,979.1,982.9,1059999
1692870300,982.95,983.65,980.15,982.1,682049
1692935100,974.0,979.6,972.8,977.2,463782
1692936000,977.2,977.7,974.0,974.4,246612
1692936900,974.4,974.95,973.05,973.3,135701
1692937800,973.25,974.5,971.2,974.5,176275
1692938700,974.5,977.0,973.0,973.2,180223
1692939600,973.2,973.45,970.8,972.0,174701
1692940500,972.15,972.95,971.0,971.25,74831
1692941400,971.25,973.45,971.25,973.0,83741
1692942300,972.85,979.8,972.8,979.1,190903
1692943200,979.1,979.5,977.1,978.65,104604
1692944100,978.6,980.45,978.1,979.55,136356
1692945000,979.3,984.75,979.2,980.45,563843
1692945900,980.2,983.0,978.8,982.65,309168
1692946800,982.65,987.0,982.65,985.35,375005
1692947700,985.4,985.65,980.1,982.55,423189
1692948600,982.55,983.7,981.6,982.55,97141
1692949500,982.55,983.35,981.95,982.1,114308
1692950400,982.15,984.2,982.1,983.6,143483
1692951300,983.5,984.0,982.45,983.95,117110
1692952200,984.0,986.2,983.55,985.1,239835
1692953100,985.05,988.2,983.05,986.85,454982
1692954000,986.8,987.1,979.8,981.05,499965
1692954900,981.45,982.4,980.9,981.8,160769
1692955800,981.8,984.85,980.4,983.65,446266
1692956700,983.55,984.4,980.0,982.0,298738
1693194300,980.1,992.5,980.1,984.05,740666
1693195200,984.05,986.55,983.25,984.25,271256
1693196100,984.0,984.9,982.2,982.4,337248
1693197000,982.35,983.65,981.2,981.8,295870
1693197900,982.2,982.9,980.7,982.85,255460
1693198800,982.95,985.0,982.05,982.6,275280
1693199700,982.45,983.95,980.65,983.45,267031
1693200600,983.45,985.5,983.0,984.85,213800
1693201500,984.85,986.9,983.35,986.0,371899
1693202400,986.05,988.0,985.45,987.95,386854
1693203300,988.0,989.2,987.35,988.85,248155
1693204200,988.8,989.9,988.75,989.1,243603
1693205100,989.1,990.0,988.9,988.9,200397
1693206000,989.0,991.0,988.9,990.9,243013
1693206900,990.9,991.0,988.65,988.7,230194
1693207800,988.6,990.15,986.8,989.05,349013
1693208700,989.5,990.25,988.9,989.85,328132
1693209600,989.35,989.9,987.95,988.65,233174
1693210500,988.65,989.0,988.15,988.7,186451
1693211400,988.75,990.8,988.3,989.55,303992
1693212300,989.5,990.55,988.6,989.3,385770
1693213200,989.4,991.35,989.05,991.3,323934
1693214100,991.3,992.2,989.6,991.85,560570
1693215000,991.85,992.0,989.75,989.75,545176
1693215900,989.9,990.65,985.95,988.0,618632
1693280700,990.2,991.0,985.75,987.25,578856
1693281600,987.1,987.4,983.5,983.7,348966
1693282500,983.7,984.9,982.7,984.45,289913
1693283400,984.45,984.6,982.75,982.9,237425
1693284300,982.9,983.1,979.75,980.85,461449
1693285200,980.65,982.35,980.65,982.3,181261
1693286100,982.3,984.0,981.6,983.4,246481
1693287000,983.35,985.0,981.2,981.3,293017
1693287900,981.3,982.3,981.0,981.6,113295
1693288800,981.85,983.4,981.65,982.9,147896
1693289700,982.9,983.85,982.25,983.15,131271
1693290600,983.4,983.75,982.0,982.15,159618
1693291500,982.1,983.1,981.0,981.75,270203
1693292400,981.7,981.85,978.0,978.9,496352
1693293300,978.9,979.75,977.5,979.65,285456
1693294200,979.6,980.45,978.35,979.7,190467
1693295100,979.7,980.4,978.4,980.4,264865
1693296000,980.3,981.35,979.6,980.95,350578
1693296900,980.95,982.85,980.8,981.4,231689
1693297800,981.25,982.4,980.45,980.45,391798
1693298700,980.55,980.85,979.05,979.35,391522
1693299600,979.3,980.6,978.5,979.1,296857
1693300500,979.4,981.6,978.15,978.35,419617
1693301400,978.55,982.95,978.0,980.6,855766
1693302300,980.65,981.85,979.5,980.5,457259
1693367100,983.0,991.75,982.5,991.2,538038
1693368000,991.5,992.8,991.05,991.95,434830
1693368900,991.55,996.5,991.1,996.05,652417
1693369800,996.2,996.65,993.5,994.5,269753
1693370700,994.5,994.9,992.8,993.7,195179
1693371600,993.8,996.0,993.25,996.0,287172
1693372500,996.0,998.0,994.7,995.75,372595
1693373400,995.8,996.1,995.0,995.75,184992
1693374300,995.65,996.15,993.75,994.35,268662
1693375200,994.35,995.45,994.25,994.95,110678
1693376100,994.95,995.5,994.0,995.3,192820
1693377000,995.25,997.0,994.65,997.0,187748
1693377900,997.0,997.3,995.05,996.8,204963
1693378800,996.75,997.05,996.0,996.05,140752
1693379700,996.1,997.45,994.1,997.2,342976
1693380600,997.2,997.75,994.8,997.35,533622
1693381500,997.4,997.75,994.8,995.95,284574
1693382400,995.9,996.2,992.15,992.2,378922
1693383300,992.2,993.2,991.3,992.9,484985
1693384200,993.0,994.25,991.05,991.65,402701
1693385100,991.5,993.8,991.0,992.5,239006
1693386000,992.6,993.35,989.3,990.75,522054
1693386900,990.8,992.3,986.75,988.55,713376
1693387800,988.55,988.95,982.5,982.6,475287
1693388700,982.75,982.95,980.0,981.0,600858
1693453500,981.8,986.35,977.65,983.85,787905
1693454400,983.8,993.2,983.55,992.3,755322
1693455300,992.35,994.7,992.05,993.4,526671
1693456200,993.45,993.6,986.7,988.25,639781
1693457100,988.25,989.95,982.5,982.95,782369
1693458000,982.95,986.3,982.75,983.9,539451
1693458900,983.7,985.1,982.6,984.55,355472
1693459800,984.5,984.5,980.5,981.2,445468
1693460700,981.05,982.3,979.6,979.85,514677
1693461600,979.8,980.1,978.45,979.2,188787
1693462500,979.3,979.35,976.0,977.95,335442
1693463400,977.9,978.9,976.2,977.8,281501
1693464300,977.85,978.5,975.0,976.3,393155
1693465200,976.25,977.8,975.7,977.5,299232
1693466100,977.6,978.45,976.15,978.25,433948
1693467000,978.25,979.3,975.65,975.8,415500
1693467900,975.8,976.0,973.3,975.85,861232
1693468800,975.85,980.6,975.85,979.45,535631
1693469700,979.75,980.0,977.25,977.5,419615
1693470600,977.55,979.1,976.95,977.35,610776
1693471500,977.35,978.2,976.05,977.25,403947
1693472400,977.15,980.35,977.0,979.05,613653
1693473300,979.1,981.4,978.75,980.15,882761
1693474200,980.2,981.5,974.1,974.25,4947563
1693475100,974.25,974.25,968.6,972.0,4569351
1693539900,974.25,978.3,969.45,970.55,630574
1693540800,970.65,974.4,970.5,973.45,311734
1693541700,973.55,976.95,972.3,973.6,401071
1693542600,973.8,973.8,969.0,970.65,328338
1693543500,970.65,972.5,970.05,971.65,250297
1693544400,971.95,974.7,971.05,971.2,401572
1693545300,971.2,974.5,970.7,974.5,171334
1693546200,974.8,979.6,972.5,972.6,683001
1693547100,972.55,973.9,971.4,973.05,381232
1693548000,973.1,973.85,971.15,972.0,297607
1693548900,972.0,973.45,970.8,973.1,284813
1693549800,973.2,975.95,971.7,974.3,185556
1693550700,974.25,977.65,973.9,975.6,324572
1693551600,976.05,982.0,974.6,981.55,651413
1693552500,981.5,983.5,980.25,981.95,344980
1693553400,981.95,986.45,981.9,984.3,485571
1693554300,984.3,985.8,982.7,983.4,296990
1693555200,983.4,986.8,982.45,986.3,382587
1693556100,986.25,989.4,985.95,987.55,567910
1693557000,987.55,992.95,987.55,990.75,462339
1693557900,990.75,993.0,987.25,990.0,656025
1693558800,989.95,991.5,987.95,989.55,741229
1693559700,989.5,991.7,988.4,990.05,409886
1693560600,990.05,992.5,989.7,991.45,679863
1693561500,991.6,992.2,989.1,990.15,604596
1693799100,993.75,994.55,989.1,989.9,475135
1693800000,989.9,990.4,987.0,987.25,478684
1693800900,987.1,991.95,987.1,990.05,196010
1693801800,990.05,990.75,987.0,987.9,136407
1693802700,987.65,987.9,985.5,985.5,182522
1693803600,985.5,985.6,981.15,983.05,286422
1693804500,983.1,986.6,981.4,981.5,419958
1693805400,981.2,984.8,980.0,983.55,299195
1693806300,983.4,984.65,982.7,983.2,123398
1693807200,983.15,986.95,982.35,984.65,225427
1693808100,984.5,986.55,983.7,984.45,162542
1693809000,984.6,987.0,981.35,984.55,369625
1693809900,984.55,985.25,983.65,984.65,106106
1693810800,984.6,985.4,983.6,984.4,155959
1693811700,984.4,984.65,983.0,983.45,136133
1693812600,983.45,984.95,981.65,984.4,225409
1693813500,984.35,984.85,981.75,984.5,343367
1693814400,984.3,985.25,983.7,984.15,222181
1693815300,984.25,985.45,982.1,982.45,205735
1693816200,982.25,984.0,981.2,982.55,296423
1693817100,982.65,983.5,981.0,983.45,333711
1693818000,983.45,983.55,981.55,982.45,335872
1693818900,982.65,983.2,981.7,982.85,214092
1693819800,982.8,982.85,981.4,981.9,265294
1693820700,982.0,983.5,981.4,983.45,516337
1693885500,985.45,986.2,978.35,979.0,489302
1693886400,978.65,984.75,978.5,984.75,352519
1693887300,985.0,985.4,982.7,983.75,230171
1693888200,983.75,984.4,981.25,981.65,253672
1693889100,981.65,982.1,979.1,980.25,489117
1693890000,980.45,981.35,979.2,980.15,282998
1693890900,980.15,980.9,979.0,979.25,231872
1693891800,979.25,981.55,977.9,981.55,517790
1693892700,981.55,982.9,981.35,982.55,222388
1693893600,982.55,982.8,980.8,981.85,155057
1693894500,981.85,983.0,979.9,982.8,398291
1693895400,982.75,982.8,979.5,980.15,412532
1693896300,980.3,981.15,979.7,980.5,345735
1693897200,980.45,982.9,979.35,981.85,413570
1693898100,982.0,984.0,981.15,982.6,405324
1693899000,982.55,984.95,982.15,984.4,391166
1693899900,984.55,984.7,980.25,981.8,614898
1693900800,981.8,983.15,981.1,981.3,383465
1693901700,981.3,983.55,981.0,983.0,401218
1693902600,982.65,984.6,981.6,982.15,489599
1693903500,982.2,985.25,981.2,982.55,711776
1693904400,982.95,982.95,981.25,981.95,589620
1693905300,982.0,982.85,980.8,981.15,580679
1693906200,981.35,982.35,980.15,982.35,586436
1693907100,982.3,983.45,980.3,981.1,587763
1693971900,981.45,983.15,978.05,979.05,754583
1693972800,979.05,981.95,978.0,979.4,506676
1693973700,979.75,980.75,976.25,976.5,340372
1693974600,976.5,978.2,976.0,978.2,380012
1693975500,978.2,980.4,977.75,978.2,283992
1693976400,978.6,979.75,976.5,976.55,233713
1693977300,976.75,978.45,974.4,974.7,901988
1693978200,974.65,976.35,974.2,975.55,799486
1693979100,975.6,976.9,973.2,973.55,481923
1693980000,973.55,973.55,971.0,971.6,460033
1693980900,971.6,971.95,970.1,970.9,449559
1693981800,970.85,971.9,969.7,971.25,509122
1693982700,971.25,971.9,969.65,970.2,238115
1693983600,970.2,971.25,969.75,970.3,210081
1693984500,970.35,971.2,970.25,970.6,205676
1693985400,970.6,970.9,970.0,970.6,157856
1693986300,970.55,972.2,967.8,969.15,563396
1693987200,969.05,970.0,966.5,969.4,1009485
1693988100,969.4,970.0,967.65,968.4,468833
1693989000,968.25,969.5,965.8,966.65,668713
1693989900,966.7,968.85,965.55,965.85,502440
1693990800,965.85,966.85,964.7,965.85,455099
1693991700,965.95,966.95,965.0,966.2,483483
1693992600,966.2,968.45,961.8,963.15,3595039
1693993500,963.1,967.95,963.1,967.0,1679848
1694058300,965.05,969.0,963.1,965.85,466244
1694059200,965.95,966.55,963.6,964.4,237527
1694060100,964.45,966.45,964.0,965.6,239572
1694061000,965.45,966.6,963.45,965.1,433071
1694061900,965.1,966.3,964.8,965.7,246615
1694062800,965.75,967.9,965.7,966.6,335565
1694063700,966.65,966.9,965.15,965.75,234724
1694064600,965.75,971.3,965.7,971.2,608833
1694065500,971.3,972.6,968.25,968.25,243498
1694066400,968.25,969.45,965.05,966.55,425545
1694067300,966.55,967.1,965.35,967.1,401363
1694068200,967.15,967.9,965.5,967.05,136193
1694069100,967.0,967.9,965.85,966.25,243305
1694070000,966.35,967.0,965.6,966.55,109732
1694070900,966.55,967.15,965.7,966.05,91375
1694071800,966.05,966.8,966.0,966.65,91294
1694072700,966.65,968.8,966.65,968.0,287258
1694073600,968.0,971.4,967.95,970.75,307634
1694074500,970.75,970.75,968.55,968.9,154155
1694075400,968.95,972.85,968.95,971.25,553190
1694076300,971.25,972.8,970.0,971.0,315629
1694077200,971.05,978.25,971.0,977.05,774666
1694078100,977.35,978.95,976.5,977.7,462035
1694079000,977.6,979.8,977.1,977.4,632660
1694079900,977.45,979.0,976.05,976.5,633514
1694144700,978.2,979.7,972.5,974.85,293372
1694145600,974.95,979.45,974.95,978.25,466146
1694146500,978.25,978.65,976.5,977.6,275884
1694147400,977.7,978.0,974.45,975.9,367654
1694148300,975.9,976.2,973.1,974.95,253520
1694149200,975.0,975.75,972.75,975.25,462541
1694150100,975.25,976.35,974.0,975.0,103077
1694151000,975.0,975.65,974.15,974.6,59365
1694151900,974.5,975.5,974.15,974.5,75695
1694152800,974.5,980.5,974.35,979.1,256601
1694153700,979.1,981.25,978.5,979.3,148704
1694154600,979.3,981.45,979.3,980.3,133689
1694155500,980.35,981.0,979.4,980.35,84252
1694156400,980.35,981.8,980.2,980.85,156435
1694157300,980.85,981.55,980.2,980.65,234529
1694158200,980.6,981.55,980.3,980.55,169988
1694159100,980.5,981.15,978.2,980.25,405246
1694160000,980.25,982.6,979.85,982.2,242980
1694160900,982.2,982.35,979.6,980.7,150872
1694161800,980.65,982.65,979.8,982.65,198200
1694162700,982.5,987.3,982.5,985.7,447014
1694163600,985.7,985.8,980.05,981.25,449395
1694164500,981.3,981.95,979.3,980.45,282631
1694165400,980.45,981.85,978.3,979.85,422223
1694166300,979.85,981.55,979.55,980.15,294174
1694403900,981.8,986.75,979.0,985.6,381803
1694404800,985.6,986.85,982.65,983.1,158672
1694405700,982.95,987.7,982.25,987.25,241217
1694406600,987.25,987.95,984.5,987.4,251767
1694407500,987.35,988.7,987.0,987.5,222105
1694408400,987.55,989.0,987.0,987.05,130872
1694409300,987.1,988.25,986.0,986.8,158258
1694410200,986.8,987.9,985.8,986.5,108356
1694411100,987.0,989.75,986.4,988.75,192451
1694412000,988.75,989.7,988.05,989.2,121754
1694412900,989.2,990.4,988.45,990.0,167158
1694413800,990.0,990.2,989.05,989.6,114110
1694414700,989.6,990.0,989.35,989.85,91330
1694415600,989.7,991.9,989.45,991.0,186157
1694416500,991.0,991.5,989.7,990.15,207816
1694417400,990.4,990.9,989.1,989.25,123739
1694418300,989.35,990.1,988.95,989.95,83948
1694419200,989.95,990.55,988.55,989.25,111373
1694420100,989.0,993.5,989.0,993.5,386219
1694421000,993.45,995.25,992.85,995.05,414269
1694421900,995.2,997.5,994.4,996.45,511070
1694422800,996.4,998.5,996.25,998.15,490053
1694423700,998.1,999.0,995.35,996.5,406458
1694424600,996.8,1000.0,996.35,1000.0,954987
1694425500,999.95,1004.0,999.95,1003.5,903182
1694490300,1010.0,1010.0,1003.15,1006.55,763152
1694491200,1006.55,1006.85,1004.3,1005.2,447557
1694492100,1005.05,1005.8,1000.15,1005.05,522699
1694493000,1005.05,1010.0,1004.6,1004.95,599412
1694493900,1004.6,1006.05,1001.45,1003.4,409038
1694494800,1003.6,1004.0,999.1,1001.0,567072
1694495700,1001.0,1004.4,1000.7,1003.15,311412
1694496600,1003.1,1005.8,1001.25,1005.6,248501
1694497500,1005.7,1008.35,1004.05,1004.75,307509
1694498400,1004.75,1007.45,1001.75,1007.45,280454
1694499300,1007.15,1007.65,1002.6,1003.85,265172
1694500200,1003.85,1006.6,1003.85,1005.2,233911
1694501100,1005.4,1005.45,1002.25,1002.25,292722
1694502000,1002.15,1004.15,1002.0,1002.1,226348
1694502900,1002.25,1003.3,998.05,999.6,299630
1694503800,999.5,1001.95,998.85,1000.65,238796
1694504700,1000.55,1002.7,998.05,1001.9,266460
1694505600,1001.85,1002.05,999.25,1001.6,214643
1694506500,1001.45,1003.0,1000.5,1001.05,99453
1694507400,1001.15,1002.8,1000.85,1002.75,127912
1694508300,1002.7,1003.5,1000.3,1001.0,198600
1694509200,1001.0,1002.95,1000.5,1002.25,246240
1694510100,1002.2,1003.45,1001.25,1002.25,378235
1694511000,1002.3,1002.7,998.95,999.8,766896
1694511900,999.9,1002.1,999.8,1000.3,574270
1694576700,1002.95,1003.9,1000.0,1001.3,509284
1694577600,1001.3,1001.45,995.35,997.05,431865
1694578500,996.9,997.0,993.75,993.95,389201
1694579400,994.3,998.4,993.7,998.4,351723
1694580300,998.25,1001.7,997.3,1000.0,292793
1694581200,999.75,1002.5,997.85,1002.5,305178
1694582100,1002.5,1006.15,1002.15,1005.1,526765
1694583000,1005.05,1010.7,1004.65,1010.4,637610
1694583900,1010.4,1012.8,1009.5,1011.7,728790
1694584800,1011.95,1012.4,1007.25,1007.5,577249
1694585700,1007.6,1009.85,1005.9,1008.5,259053
1694586600,1008.5,1011.45,1008.25,1010.35,175110
1694587500,1010.3,1012.45,1009.1,1012.2,255583
1694588400,1012.05,1012.4,1008.55,1010.85,398069
1694589300,1010.95,1013.75,1010.7,1012.9,382027
1694590200,1012.8,1014.0,1011.3,1012.85,352163
1694591100,1012.55,1014.55,1012.4,1013.35,574635
1694592000,1013.3,1014.0,1010.2,1011.8,270072
1694592900,1011.8,1015.0,1010.55,1013.1,317775
1694593800,1012.95,1015.0,1011.85,1012.9,500366
1694594700,1012.95,1013.7,1011.55,1012.2,331849
1694595600,1012.15,1014.9,1011.75,1012.75,378003
1694596500,1012.7,1015.5,1011.15,1014.05,560033
1694597400,1014.05,1015.4,1012.1,1013.45,1447890
1694598300,1013.4,1017.0,1012.35,1016.75,1282966
1694663100,1014.45,1019.0,1013.1,1014.4,410967
1694664000,1014.4,1017.9,1013.6,1015.75,301040
1694664900,1016.05,1016.9,1012.65,1012.95,347910
1694665800,1013.0,1013.35,1009.05,1011.3,368537
1694666700,1011.05,1013.0,1010.0,1012.55,295823
1694667600,1012.1,1013.6,1010.6,1012.9,223609
1694668500,1012.9,1014.95,1011.05,1014.45,215677
1694669400,1014.55,1019.0,1014.5,1019.0,341646
1694670300,1019.0,1019.95,1017.6,1019.0,335720
1694671200,1019.0,1020.0,1016.7,1017.6,214580
1694672100,1017.65,1018.55,1016.75,1017.5,131549
1694673000,1017.5,1019.1,1016.35,1018.9,129212
1694673900,1018.7,1019.95,1018.35,1019.55,208593
1694674800,1019.3,1019.85,1016.05,1019.35,270069
1694675700,1019.5,1021.1,1018.5,1018.85,289358
1694676600,1019.1,1019.2,1017.2,1018.8,195020
1694677500,1018.9,1020.95,1018.7,1019.35,241479
1694678400,1019.35,1020.0,1017.4,1018.65,177592
1694679300,1018.35,1019.95,1018.2,1018.8,191472
1694680200,1018.5,1019.45,1016.3,1017.25,497951
1694681100,1017.2,1019.8,1017.2,1019.1,310948
1694682000,1019.1,1020.0,1018.7,1019.05,232622
1694682900,1018.9,1022.0,1018.7,1021.45,303945
1694683800,1021.5,1022.4,1019.0,1020.7,941156
1694684700,1020.7,1021.75,1018.55,1020.0,657798
1694749500,1021.0,1022.75,1016.15,1017.7,296798
1694750400,1017.25,1017.7,1015.75,1016.15,122382
1694751300,1016.2,1019.45,1014.55,1016.0,185969
1694752200,1016.1,1018.8,1015.55,1018.05,102774
1694753100,1018.2,1018.85,1017.3,1017.9,105948
1694754000,1017.9,1018.85,1015.45,1016.95,114535
1694754900,1016.9,1019.4,1016.1,1018.9,118518
1694755800,1019.0,1022.6,1019.0,1022.35,208101
1694756700,1022.5,1023.5,1021.1,1023.4,166368
1694757600,1023.5,1024.0,1022.15,1023.45,138765
1694758500,1023.55,1023.6,1022.3,1022.55,86225
1694759400,1022.45,1023.6,1022.05,1022.9,125911
1694760300,1022.85,1024.6,1021.05,1022.0,212221
1694761200,1022.0,1022.4,1020.0,1022.25,182786
1694762100,1022.05,1022.3,1021.0,1021.45,142549
1694763000,1021.75,1022.0,1020.5,1021.8,112151
1694763900,1021.8,1023.0,1021.5,1021.75,114982
1694764800,1021.8,1022.0,1020.5,1021.5,134676
1694765700,1021.45,1021.75,1020.25,1020.95,160478
1694766600,1020.95,1024.65,1020.75,1024.3,261548
1694767500,1024.3,1029.8,1024.3,1029.05,735219
1694768400,1029.15,1029.2,1027.15,1028.4,291260
1694769300,1028.55,1029.0,1026.45,1027.5,280500
1694770200,1027.6,1031.75,1027.1,1027.65,2451679
1694771100,1027.7,1029.0,1021.35,1022.9,2116337
1695008700,1021.55,1026.0,1019.0,1021.0,378640
1695009600,1021.0,1024.5,1020.3,1024.25,166841
1695010500,1024.4,1025.2,1023.2,1025.05,219618
1695011400,1025.0,1026.95,1024.85,1025.5,203219
1695012300,1025.5,1026.2,1024.65,1026.15,136059
1695013200,1026.15,1027.0,1025.1,1026.2,217745
1695014100,1026.2,1026.8,1024.9,1025.45,171299
1695015000,1025.6,1026.35,1024.5,1025.45,200194
1695015900,1025.5,1029.9,1025.2,1029.6,275000
1695016800,1029.5,1029.5,1027.35,1028.6,221028
1695017700,1028.65,1029.2,1025.0,1025.0,259345
1695018600,1025.15,1028.6,1024.1,1026.4,315199
1695019500,1026.35,1027.3,1025.9,1026.6,227766
1695020400,1026.6,1028.7,1026.45,1028.3,220459
1695021300,1027.85,1028.3,1025.9,1027.75,174761
1695022200,1027.75,1028.0,1026.75,1028.0,129791
1695023100,1028.0,1028.2,1026.2,1027.35,128515
1695024000,1027.35,1027.4,1025.2,1027.25,164448
1695024900,1027.25,1027.85,1026.25,1026.5,182447
1695025800,1026.9,1028.0,1026.2,1026.6,172281
1695026700,1026.6,1027.6,1025.45,1026.15,375551
1695027600,1026.5,1027.35,1025.15,1026.25,334480
1695028500,1026.4,1027.0,1024.35,1025.5,643389
1695029400,1025.5,1025.95,1023.35,1023.8,410004
1695030300,1023.3,1026.4,1022.3,1022.75,456111
1695181500,1012.3,1033.65,1012.3,1032.4,988309
1695182400,1032.0,1039.3,1032.0,1038.8,675891
1695183300,1038.5,1047.5,1038.35,1045.15,1384417
1695184200,1045.55,1045.55,1040.85,1041.7,708212
1695185100,1041.65,1042.1,1038.25,1039.85,474088
1695186000,1039.55,1041.2,1035.0,1035.25,780541
1695186900,1035.25,1035.45,1032.5,1034.3,567383
1695187800,1034.45,1035.4,1030.8,1035.0,495155
1695188700,1035.0,1035.7,1033.15,1034.3,269612
1695189600,1034.25,1034.8,1031.1,1031.5,225109
1695190500,1031.5,1034.35,1031.5,1032.75,248234
1695191400,1032.75,1033.85,1031.95,1033.1,157960
1695192300,1033.2,1033.55,1031.6,1032.2,209254
1695193200,1032.05,1032.4,1029.45,1031.8,444973
1695194100,1031.4,1032.85,1027.95,1032.45,501986
1695195000,1032.4,1032.7,1030.5,1031.15,213101
1695195900,1031.2,1031.65,1029.7,1030.2,255462
1695196800,1030.2,1031.0,1027.75,1029.9,671839
1695197700,1030.25,1030.6,1026.9,1028.55,490546
1695198600,1028.4,1028.8,1025.05,1026.9,1071072
1695199500,1026.45,1028.0,1025.0,1025.9,593245
1695200400,1025.9,1028.3,1025.5,1026.25,465410
1695201300,1026.2,1027.8,1025.8,1027.35,400097
1695202200,1027.4,1029.3,1025.8,1027.1,695722
1695203100,1027.05,1028.4,1026.55,1027.0,575087
1695267900,1026.6,1032.7,1022.45,1028.45,1273686
1695268800,1028.45,1033.55,1026.8,1029.25,602615
1695269700,1029.25,1030.35,1027.25,1029.0,406488
1695270600,1028.95,1029.45,1023.6,1024.3,314925
1695271500,1024.3,1025.2,1022.0,1022.05,454132
1695272400,1022.05,1022.8,1019.35,1019.7,480163
1695273300,1019.7,1021.2,1018.65,1019.6,113847
1695274200,1019.6,1022.4,1019.0,1020.75,296497
1695275100,1020.65,1020.75,1018.65,1019.25,209637
1695276000,1019.25,1020.85,1017.6,1017.95,271355
1695276900,1017.95,1020.0,1017.35,1019.65,101075
1695277800,1019.65,1020.0,1014.55,1014.9,273282
1695278700,1014.9,1015.85,1012.2,1014.4,309661
1695279600,1014.5,1016.5,1013.55,1016.5,249920
1695280500,1016.1,1017.55,1014.8,1015.4,137613
1695281400,1015.4,1019.1,1014.55,1017.8,152349
1695282300,1017.8,1018.95,1016.05,1016.8,114675
1695283200,1016.8,1017.5,1012.9,1014.55,290327
1695284100,1014.55,1015.0,1013.4,1014.95,239456
1695285000,1014.95,1017.8,1014.2,1015.65,408090
1695285900,1015.5,1017.15,1013.55,1014.5,301005
1695286800,1014.4,1015.9,1013.5,1015.2,202903
1695287700,1015.3,1017.4,1014.25,1017.1,118766
1695288600,1016.55,1017.75,1013.2,1014.45,340709
1695289500,1014.5,1015.8,1012.4,1013.5,492046
1695354300,1010.0,1018.9,1008.0,1018.2,524126
1695355200,1018.2,1025.5,1018.0,1023.8,370546
1695356100,1023.85,1026.7,1018.55,1018.55,378515
1695357000,1018.5,1020.7,1014.8,1019.75,294761
1695357900,1019.6,1021.45,1018.5,1019.7,373772
1695358800,1019.4,1023.0,1018.8,1022.4,212435
1695359700,1022.55,1024.95,1021.35,1024.45,302481
1695360600,1024.9,1025.8,1022.05,1022.05,225273
1695361500,1022.1,1023.95,1020.95,1022.05,161601
1695362400,1022.1,1024.95,1021.5,1023.35,130179
1695363300,1023.35,1025.1,1022.5,1024.35,201288
1695364200,1024.45,1026.95,1024.05,1024.75,237711
1695365100,1024.75,1027.25,1024.4,1026.6,240692
1695366000,1026.5,1027.25,1024.4,1025.75,191730
1695366900,1025.75,1026.5,1022.65,1023.55,190551
1695367800,1023.6,1025.5,1023.45,1025.1,156658
1695368700,1025.15,1025.6,1021.5,1021.85,274597
1695369600,1021.95,1022.65,1019.0,1019.6,228554
1695370500,1019.5,1022.0,1019.5,1021.6,217453
1695371400,1021.55,1022.45,1021.0,1021.2,182907
1695372300,1021.45,1021.9,1019.1,1020.65,252590
1695373200,1020.15,1021.25,1018.2,1019.75,245682
1695374100,1019.75,1020.5,1017.05,1017.45,359964
1695375000,1017.95,1020.0,1016.75,1016.9,603032
1695375900,1016.9,1020.0,1016.15,1019.5,540758
1695613500,1015.2,1018.4,1005.15,1009.15,831179
1695614400,1009.1,1016.0,1008.5,1014.9,447874
1695615300,1014.9,1015.45,1013.35,1014.05,136932
1695616200,1014.05,1014.55,1011.2,1012.1,234380
1695617100,1012.35,1014.25,1011.1,1011.6,142108
1695618000,1011.4,1013.7,1010.3,1011.35,155598
1695618900,1011.3,1011.8,1007.05,1007.65,179146
1695619800,1007.95,1009.1,1006.1,1006.5,130986
1695620700,1006.5,1008.9,1006.3,1007.35,120983
1695621600,1007.35,1009.3,1007.1,1007.1,125936
1695622500,1007.15,1011.4,1006.85,1010.7,320203
1695623400,1010.9,1012.75,1008.5,1010.45,280743
1695624300,1010.45,1012.3,1009.8,1011.65,117497
1695625200,1011.65,1019.0,1011.65,1017.55,218546
1695626100,1017.55,1025.65,1016.55,1025.2,836356
1695627000,1025.0,1026.0,1022.65,1024.35,476826
1695627900,1024.35,1024.7,1022.4,1023.45,179019
1695628800,1023.1,1024.0,1021.2,1022.1,141616
1695629700,1022.1,1022.1,1018.35,1020.5,266615
1695630600,1020.25,1020.3,1015.25,1015.6,214465
1695631500,1015.65,1016.45,1014.0,1014.65,156416
1695632400,1014.6,1018.9,1014.2,1016.35,235036
1695633300,1016.35,1019.5,1015.35,1019.15,163300
1695634200,1018.95,1020.05,1017.0,1018.3,597721
1695635100,1018.3,1020.6,1018.05,1019.7,407440
1695699900,1019.0,1020.7,1013.15,1014.65,458568
1695700800,1014.05,1016.75,1012.75,1015.45,375918
1695701700,1015.45,1016.4,1013.95,1014.45,135744
1695702600,1014.5,1017.65,1014.2,1016.2,127779
1695703500,1016.2,1016.45,1014.0,1014.3,100909
1695704400,1014.3,1016.05,1013.9,1014.35,112734
1695705300,1014.35,1015.0,1014.1,1014.3,95055
1695706200,1014.3,1016.0,1014.05,1015.75,193451
1695707100,1015.75,1016.5,1014.05,1014.7,149841
1695708000,1014.7,1015.8,1014.15,1014.75,236231
1695708900,1014.75,1015.25,1014.05,1014.5,227673
1695709800,1014.5,1015.4,1014.1,1014.3,164711
1695710700,1014.3,1015.0,1014.2,1014.4,136327
1695711600,1014.4,1015.0,1013.4,1014.5,231634
1695712500,1014.5,1015.0,1013.65,1014.65,280052
1695713400,1014.6,1015.0,1011.0,1013.05,209135
1695714300,1013.45,1014.3,1011.8,1012.5,167923
1695715200,1012.5,1014.15,1012.05,1013.85,227528
1695716100,1013.85,1015.0,1013.4,1014.6,225852
1695717000,1014.6,1015.8,1013.3,1015.45,235436
1695717900,1015.8,1016.35,1014.5,1015.3,164403
1695718800,1015.3,1015.55,1013.0,1013.8,132180
1695719700,1013.75,1014.6,1012.55,1013.55,327584
1695720600,1013.95,1015.0,1012.5,1014.05,822078
1695721500,1014.3,1015.0,1013.55,1014.7,841467
1695786300,1009.95,1012.7,1009.1,1011.05,309024
1695787200,1011.05,1012.15,1009.8,1011.35,109502
1695788100,1011.35,1012.2,1007.65,1007.8,144492
1695789000,1007.7,1009.7,1004.0,1005.0,245672
1695789900,1005.0,1006.6,1004.55,1005.5,92690
1695790800,1005.5,1007.6,1004.2,1006.45,86198
1695791700,1006.45,1006.95,1005.25,1005.95,43817
1695792600,1005.75,1010.8,1005.55,1010.8,103771
1695793500,1010.8,1011.2,1008.55,1009.0,76466
1695794400,1009.0,1011.5,1008.7,1010.4,348928
1695795300,1010.45,1010.85,1007.4,1008.85,173063
1695796200,1008.85,1010.5,1008.0,1008.0,173849
1695797100,1008.0,1010.7,1008.0,1009.7,118710
1695798000,1009.55,1010.0,1008.75,1009.55,86037
1695798900,1009.55,1012.9,1009.4,1012.1,216942
1695799800,1012.45,1015.0,1011.4,1014.65,265391
1695800700,1014.65,1020.35,1013.55,1020.25,586212
1695801600,1020.3,1024.55,1019.6,1021.5,257207
1695802500,1021.8,1024.9,1021.35,1022.05,222910
1695803400,1022.0,1024.8,1022.0,1022.95,136807
1695804300,1022.95,1024.45,1020.8,1024.2,138903
1695805200,1024.2,1026.0,1022.85,1025.7,276418
1695806100,1025.7,1027.95,1025.1,1027.5,195691
1695807000,1027.5,1027.65,1023.55,1024.3,342230
1695807900,1024.3,1027.0,1023.75,1024.5,396549
1695872700,1027.0,1033.75,1025.2,1033.1,1012145
1695873600,1032.8,1036.9,1030.5,1034.5,1363949
1695874500,1034.5,1036.25,1033.7,1034.55,417763
1695875400,1035.0,1036.95,1034.0,1034.45,376895
1695876300,1034.45,1037.95,1033.55,1035.3,703117
1695877200,1035.3,1035.7,1033.25,1033.7,586830
1695878100,1033.7,1034.95,1033.1,1034.15,252024
1695879000,1034.15,1036.15,1032.55,1033.2,624604
1695879900,1033.1,1033.7,1031.6,1032.0,450543
1695880800,1032.0,1032.75,1030.1,1030.9,394073
1695881700,1030.7,1033.45,1030.45,1030.6,310291
1695882600,1030.55,1031.05,1028.2,1029.0,474917
1695883500,1028.55,1029.5,1027.5,1028.0,470810
1695884400,1028.05,1028.55,1026.65,1027.1,559203
1695885300,1027.1,1029.35,1026.85,1027.9,479921
1695886200,1028.05,1028.55,1027.15,1028.0,330572
1695887100,1028.0,1028.5,1026.25,1027.0,526322
1695888000,1027.0,1027.6,1025.3,1026.5,653576
1695888900,1026.45,1027.9,1025.75,1026.95,184235
1695889800,1027.0,1028.2,1025.3,1025.95,458138
1695890700,1026.0,1029.0,1025.55,1028.7,305215
1695891600,1028.8,1029.15,1026.85,1027.9,765923
1695892500,1027.7,1031.0,1027.5,1030.35,574062
1695893400,1030.5,1031.4,1028.7,1031.15,1974130
1695894300,1031.0,1033.9,1028.05,1030.0,1561927
1695959100,1030.9,1032.95,1025.15,1026.6,564949
1695960000,1026.75,1029.2,1024.5,1029.2,406755
1695960900,1029.45,1031.5,1028.0,1028.85,222992
1695961800,1029.0,1030.85,1028.4,1028.6,157463
1695962700,1028.65,1031.0,1028.55,1029.0,213128
1695963600,1029.0,1029.4,1028.0,1028.1,150001
1695964500,1028.15,1028.95,1026.4,1026.8,262933
1695965400,1026.85,1028.75,1024.6,1027.9,205063
1695966300,1027.9,1028.95,1026.85,1028.5,246965
1695967200,1028.5,1033.35,1028.3,1032.55,204360
1695968100,1032.7,1035.8,1032.3,1035.2,213992
1695969000,1035.4,1037.95,1035.4,1037.75,200483
1695969900,1037.85,1038.85,1035.25,1036.3,176380
1695970800,1036.3,1036.7,1034.15,1035.35,95128
1695971700,1035.4,1035.4,1030.65,1031.25,124146
1695972600,1031.45,1035.25,1031.4,1034.75,396405
1695973500,1034.75,1035.75,1033.3,1035.0,148827
1695974400,1035.35,1037.55,1034.0,1034.95,156548
1695975300,1034.65,1036.35,1034.0,1035.25,116704
1695976200,1035.3,1036.3,1034.9,1035.45,163734
1695977100,1035.4,1036.9,1035.3,1036.35,148199
1695978000,1036.3,1038.0,1035.6,1037.85,193915
1695978900,1037.85,1040.6,1036.65,1039.35,2044669
1695979800,1039.3,1039.3,1032.95,1034.9,1143312
1695980700,1034.9,1041.0,1034.65,1036.8,1565853
1696304700,1035.0,1038.4,1032.6,1034.65,782639
1696305600,1034.95,1040.35,1033.8,1038.6,766073
1696306500,1040.3,1041.75,1039.5,1040.25,1117436
1696307400,1040.25,1040.95,1040.0,1040.0,393284
1696308300,1040.0,1040.55,1038.6,1038.8,430355
1696309200,1038.8,1039.55,1037.9,1038.2,281617
1696310100,1038.2,1039.2,1038.0,1038.0,208187
1696311000,1038.4,1038.5,1038.0,1038.05,209040
1696311900,1038.1,1038.75,1037.2,1038.65,137270
1696312800,1038.5,1039.25,1038.05,1038.05,139333
1696313700,1038.05,1038.75,1038.0,1038.05,191168
1696314600,1038.05,1040.9,1038.0,1040.05,1302134
1696315500,1040.05,1040.5,1038.4,1038.95,619145
1696316400,1038.95,1039.7,1038.55,1038.75,302655
1696317300,1038.75,1039.5,1038.65,1038.95,115252
1696318200,1039.0,1040.5,1038.75,1040.35,220981
1696319100,1040.35,1040.7,1039.35,1039.65,115516
1696320000,1039.75,1040.9,1039.1,1040.5,733335
1696320900,1040.6,1044.7,1040.25,1042.9,414422
1696321800,1043.3,1043.45,1039.7,1040.0,309558
1696322700,1039.9,1040.95,1039.0,1040.1,299851
1696323600,1040.1,1040.6,1038.75,1039.7,215845
1696324500,1039.25,1040.55,1038.6,1039.3,367675
1696325400,1039.75,1041.55,1039.2,1040.1,759213
1696326300,1039.95,1043.75,1038.65,1041.0,1022495
1696391100,1035.35,1037.0,1018.6,1019.15,2128987
1696392000,1019.25,1025.1,1017.2,1020.2,3595447
1696392900,1020.45,1023.3,1019.95,1020.5,3426129
1696393800,1020.4,1021.2,1015.75,1015.95,1353222
1696394700,1015.7,1015.9,1009.95,1011.65,563095
1696395600,1011.45,1013.5,1011.1,1012.6,849161
1696396500,1012.65,1012.8,1010.85,1012.0,543381
1696397400,1012.0,1012.0,1005.0,1008.15,833333
1696398300,1008.0,1011.2,1008.0,1009.05,483112
1696399200,1008.95,1009.1,1005.05,1005.2,348531
1696400100,1005.2,1005.65,1001.2,1001.6,516853
1696401000,1001.9,1003.6,1001.05,1002.9,309499
1696401900,1002.95,1003.35,997.7,999.3,597532
1696402800,999.25,1001.15,997.15,1000.95,305958
1696403700,1000.95,1001.6,999.1,999.7,175514
1696404600,999.75,1002.3,998.5,1002.1,298783
1696405500,1002.1,1002.8,999.0,999.15,259687
1696406400,999.1,999.2,995.4,995.8,317881
1696407300,995.75,995.8,990.55,992.15,472732
1696408200,992.15,995.2,991.15,993.75,367735
1696409100,993.8,995.25,992.35,994.25,320665
1696410000,994.5,1002.25,993.9,1002.2,798796
1696410900,1002.15,1004.25,997.15,998.5,1075618
1696411800,998.1,1002.8,997.7,998.6,1079897
1696412700,997.9,998.4,988.85,990.85,1538960
1696477500,1000.0,1000.0,988.9,994.85,1073854
1696478400,994.7,997.85,993.05,995.7,553955
1696479300,996.0,996.2,993.5,994.15,212541
1696480200,994.05,994.9,993.2,994.2,184422
1696481100,994.05,994.5,992.7,993.0,267734
1696482000,993.0,997.4,992.95,997.35,350724
1696482900,997.35,1002.8,997.15,1000.4,509761
1696483800,1000.5,1000.9,999.0,1000.45,189062
1696484700,1000.45,1002.85,999.95,1001.1,143402
1696485600,1001.0,1001.55,999.85,1000.2,158311
1696486500,1000.35,1002.2,1000.15,1001.85,189834
1696487400,1001.9,1005.7,1001.8,1003.55,400392
1696488300,1003.5,1005.0,1002.6,1004.85,222402
1696489200,1004.85,1005.15,1002.3,1004.75,352108
1696490100,1004.75,1006.8,1004.45,1006.15,234006
1696491000,1006.15,1006.55,1004.9,1006.25,176075
1696491900,1006.25,1009.2,1005.8,1007.9,323710
1696492800,1007.95,1008.0,1007.0,1007.7,168368
1696493700,1007.55,1008.0,1004.45,1005.8,279924
1696494600,1005.95,1006.0,1004.0,1004.3,102979
1696495500,1004.3,1006.95,1004.25,1005.8,167351
1696496400,1005.65,1006.35,1004.7,1005.75,230736
1696497300,1005.5,1006.0,1004.0,1004.6,193690
1696498200,1004.85,1004.85,1002.15,1002.45,683346
1696499100,1002.35,1004.9,1002.05,1003.75,559820
1696563900,1005.0,1007.0,999.55,1002.0,369066
1696564800,1002.15,1004.05,1000.95,1002.3,151480
1696565700,1002.4,1003.5,1000.65,1001.8,183208
1696566600,1001.7,1003.85,1000.7,1001.4,337868
1696567500,1001.4,1003.45,1000.6,1001.05,229370
1696568400,1001.1,1004.95,1000.8,1004.95,251893
1696569300,1004.8,1008.0,1004.2,1006.6,367049
1696570200,1006.75,1007.75,1005.35,1006.0,123715
1696571100,1005.7,1006.7,1002.1,1002.4,126611
1696572000,1002.4,1004.45,1002.1,1002.8,108416
1696572900,1002.7,1002.9,1000.5,1001.45,92225
1696573800,1001.5,1002.05,1000.5,1001.9,77935
1696574700,1001.6,1002.2,1000.15,1001.75,89373
1696575600,1001.5,1004.0,1001.35,1003.5,109819
1696576500,1003.5,1005.65,1002.85,1004.5,95307
1696577400,1004.5,1006.15,1004.15,1005.9,98330
1696578300,1005.85,1006.25,1005.0,1005.45,77690
1696579200,1005.2,1005.8,1004.5,1004.7,84232
1696580100,1004.55,1005.95,1004.4,1005.95,125513
1696581000,1005.85,1007.5,1005.6,1006.1,218910
1696581900,1006.0,1007.65,1003.15,1004.35,469892
1696582800,1004.35,1004.9,1002.65,1002.9,230466
1696583700,1002.8,1003.0,1001.25,1002.9,288794
1696584600,1002.85,1002.85,999.4,1000.1,407023
1696585500,1000.2,1003.9,999.9,1002.85,563087
1696823100,994.8,996.65,988.25,990.5,478329
1696824000,990.25,993.0,989.65,992.2,308458
1696824900,992.15,995.45,992.15,992.75,382805
1696825800,992.75,996.75,991.9,993.95,1435281
1696826700,993.75,996.0,992.9,994.05,756422
1696827600,994.2,996.95,994.05,994.55,136191
1696828500,994.6,999.2,994.25,998.8,148049
1696829400,998.75,999.2,996.85,997.15,73238
1696830300,996.95,998.8,996.35,998.8,90749
1696831200,998.8,999.7,997.9,998.35,81960
1696832100,998.2,998.4,997.5,997.6,86871
1696833000,997.6,997.65,996.1,996.95,166552
1696833900,996.95,997.0,994.25,995.05,207379
1696834800,995.0,995.75,992.6,992.6,141428
1696835700,992.9,993.7,991.0,991.7,132782
1696836600,991.85,995.9,991.35,993.45,111145
1696837500,993.5,994.5,993.0,993.8,189366
1696838400,993.8,994.3,993.1,993.1,67501
1696839300,993.15,994.8,993.0,994.05,72422
1696840200,994.1,995.75,993.8,995.2,105210
1696841100,995.35,999.4,994.0,998.45,171238
1696842000,998.45,998.9,997.1,997.35,108331
1696842900,997.35,998.35,996.55,997.05,903802
1696843800,997.35,997.6,995.25,996.7,216539
1696844700,996.75,996.8,995.35,996.45,238047
1696909500,999.9,1004.7,996.5,1002.0,336425
1696910400,1002.2,1002.55,1000.9,1001.15,137626
1696911300,1001.4,1003.45,1000.6,1002.55,136711
1696912200,1002.45,1003.85,1002.25,1003.1,106565
1696913100,1003.1,1004.0,1002.7,1002.85,67740
1696914000,1002.85,1003.6,1002.55,1003.55,41526
1696914900,1003.2,1003.4,1000.7,1001.5,68436
1696915800,1001.35,1002.35,1000.0,1000.0,55008
1696916700,1000.4,1001.55,1000.0,1000.6,50842
1696917600,1000.9,1001.1,998.2,999.6,103673
1696918500,999.6,999.9,998.0,998.35,70631
1696919400,998.3,1006.0,998.15,1006.0,782279
1696920300,1005.8,1008.9,1004.7,1007.25,279179
1696921200,1007.15,1012.2,1006.7,1011.5,307892
1696922100,1011.5,1011.85,1009.35,1011.45,143959
1696923000,1011.25,1012.0,1010.0,1010.4,115067
1696923900,1010.4,1013.9,1010.35,1012.7,269352
1696924800,1012.8,1013.5,1011.5,1013.15,157441
1696925700,1013.2,1014.45,1013.0,1013.2,190618
1696926600,1013.2,1013.85,1012.8,1012.85,211819
1696927500,1013.25,1014.95,1012.05,1012.1,267472
1696928400,1012.5,1012.85,1008.5,1009.8,253926
1696929300,1009.55,1012.35,1008.95,1011.9,343259
1696930200,1011.7,1012.9,1010.65,1012.25,650852
1696931100,1012.3,1013.65,1010.6,1010.6,574330
1696995900,1019.0,1025.65,1016.65,1019.55,609711
1696996800,1019.85,1023.0,1018.55,1021.6,242747
1696997700,1021.6,1023.9,1019.25,1019.65,249597
1696998600,1019.6,1020.0,1017.35,1017.95,319623
1696999500,1017.95,1020.55,1017.25,1019.5,1161634
1697000400,1019.65,1019.95,1017.5,1019.0,266383
1697001300,1019.0,1019.0,1015.2,1016.35,205165
1697002200,1016.5,1016.65,1013.55,1014.75,121067
1697003100,1014.35,1015.6,1013.6,1014.35,169833
1697004000,1014.4,1015.0,1012.0,1012.35,175951
1697004900,1012.4,1014.05,1012.0,1013.15,161050
1697005800,1013.15,1015.45,1013.1,1014.75,71751
1697006700,1014.75,1014.8,1012.5,1013.45,70227
1697007600,1013.6,1015.5,1013.45,1015.2,80840
1697008500,1015.2,1016.0,1013.45,1013.55,154908
1697009400,1013.75,1017.95,1013.75,1017.7,118396
1697010300,1017.75,1017.9,1015.2,1016.8,87530
1697011200,1016.95,1017.95,1015.4,1016.85,119083
1697012100,1017.25,1017.75,1015.5,1016.05,174066
1697013000,1015.8,1016.75,1013.5,1014.75,153533
1697013900,1014.9,1016.8,1014.05,1016.3,131564
1697014800,1016.25,1019.0,1016.0,1017.8,257926
1697015700,1017.75,1018.55,1016.55,1018.0,461185
1697016600,1018.05,1020.65,1017.4,1019.6,1031772
1697017500,1019.65,1020.75,1017.0,1017.7,781764
1697082300,1022.0,1031.0,1020.0,1029.75,563512
1697083200,1029.8,1029.95,1027.15,1028.35,254180
1697084100,1028.35,1029.95,1027.0,1028.1,321779
1697085000,1028.05,1028.75,1026.55,1026.8,157943
1697085900,1027.1,1030.05,1026.25,1029.5,156323
1697086800,1029.95,1030.9,1026.7,1028.8,197986
1697087700,1028.85,1028.95,1027.8,1028.5,61983
1697088600,1028.45,1028.95,1027.1,1027.8,221773
1697089500,1027.85,1027.95,1022.75,1023.65,166017
1697090400,1023.6,1024.45,1022.5,1023.1,83602
1697091300,1023.0,1023.5,1021.9,1022.25,71311
1697092200,1022.0,1023.45,1021.25,1022.6,108237
1697093100,1022.5,1023.0,1020.2,1020.9,227499
1697094000,1020.8,1020.95,1018.95,1019.1,127516
1697094900,1019.1,1020.3,1018.55,1019.0,143650
1697095800,1019.05,1020.1,1017.75,1017.9,115070
1697096700,1017.95,1018.85,1017.1,1018.75,105238
1697097600,1018.85,1020.4,1018.3,1020.15,107662
1697098500,1020.1,1020.95,1018.7,1019.45,132292
1697099400,1019.65,1020.25,1016.55,1018.45,159766
1697100300,1018.4,1020.0,1016.0,1019.4,142359
1697101200,1019.55,1021.0,1018.7,1020.95,247488
1697102100,1020.85,1021.7,1020.0,1020.85,151236
1697103000,1020.6,1021.1,1018.45,1018.65,446506
1697103900,1018.6,1019.2,1014.95,1017.4,445339
1697168700,1009.0,1009.0,1001.8,1002.0,548023
1697169600,1001.9,1002.25,996.5,996.9,633608
1697170500,996.95,999.0,995.7,998.35,423207
1697171400,998.35,998.35,995.3,995.55,251911
1697172300,995.4,995.6,994.2,994.5,206811
1697173200,994.4,996.0,993.55,993.95,227353
1697174100,993.95,994.7,993.5,994.55,94803
1697175000,994.55,994.7,993.55,993.85,117973
1697175900,993.85,995.0,993.8,994.8,282880
1697176800,995.0,996.7,994.55,995.65,221468
1697177700,995.65,996.6,995.3,996.2,74442
1697178600,996.15,996.3,994.05,994.05,99256
1697179500,994.45,996.5,994.1,995.95,226668
1697180400,995.75,996.0,995.0,995.95,155732
1697181300,996.0,996.5,994.6,994.95,185906
1697182200,994.8,996.9,994.75,996.2,375440
1697183100,996.45,996.9,995.6,996.3,346138
1697184000,996.55,996.8,995.45,996.45,208146
1697184900,996.3,999.4,995.6,998.6,353973
1697185800,998.6,1004.8,998.45,1004.45,2395925
1697186700,1004.1,1011.45,1003.7,1004.85,1083575
1697187600,1004.85,1005.0,1000.95,1001.65,752186
1697188500,1001.65,1001.65,996.5,999.05,769393
1697189400,997.8,998.85,993.3,993.55,1034010
1697190300,993.55,994.45,992.25,994.0,1092729
1697427900,990.0,1001.25,990.0,1000.75,555769
1697428800,1000.75,1000.8,998.25,999.35,177537
1697429700,999.35,1000.15,996.4,998.55,168199
1697430600,998.5,1002.85,997.75,1001.65,158590
1697431500,1001.6,1003.95,999.1,1001.65,155040
1697432400,1001.65,1003.0,1000.5,1002.4,135331
1697433300,1002.75,1004.0,1002.4,1003.15,95539
1697434200,1003.2,1005.0,1001.85,1004.2,177896
1697435100,1004.2,1004.7,1002.75,1003.95,90507
1697436000,1003.95,1006.4,1002.85,1006.35,157846
1697436900,1005.95,1006.8,1005.0,1006.55,133978
1697437800,1006.55,1008.25,1004.65,1007.05,194689
1697438700,1007.05,1007.25,1005.0,1005.95,121884
1697439600,1005.5,1007.0,1005.0,1006.0,111099
1697440500,1006.3,1007.3,1005.25,1006.05,76384
1697441400,1006.05,1006.8,1005.0,1005.15,79169
1697442300,1005.15,1006.05,1004.3,1005.25,147374
1697443200,1005.35,1006.0,1004.3,1005.7,127375
1697444100,1005.95,1006.7,1005.25,1006.7,74748
1697445000,1006.3,1007.0,1005.15,1005.95,101899
1697445900,1005.65,1008.75,1005.35,1008.5,218046
1697446800,1008.1,1009.45,1007.2,1007.85,163791
1697447700,1007.85,1008.0,1005.8,1006.2,235807
1697448600,1006.2,1006.95,1005.0,1005.4,319628
1697449500,1005.5,1005.8,1002.95,1005.15,638967
1697514300,1008.85,1014.35,1006.55,1007.6,525221
1697515200,1007.65,1009.7,1006.0,1007.35,341069
1697516100,1007.35,1010.0,1006.8,1009.4,135386
1697517000,1009.3,1010.7,1008.8,1009.7,113913
1697517900,1009.8,1010.0,1008.55,1009.15,91839
1697518800,1009.15,1009.8,1007.45,1009.4,73822
1697519700,1009.4,1011.0,1009.25,1010.15,79124
1697520600,1010.2,1012.5,1010.2,1011.6,132319
1697521500,1011.6,1012.85,1011.05,1012.25,103799
1697522400,1012.25,1012.9,1011.95,1012.65,86065
1697523300,1012.65,1013.5,1010.2,1010.6,168747
1697524200,1010.65,1011.5,1010.3,1011.05,76762
1697525100,1011.05,1011.3,1010.0,1010.6,114772
1697526000,1010.6,1012.2,1010.25,1011.3,118732
1697526900,1011.3,1012.85,1011.05,1012.85,106907
1697527800,1012.95,1013.7,1012.8,1013.25,150187
1697528700,1013.25,1014.7,1012.9,1013.45,142813
1697529600,1013.7,1013.95,1010.75,1011.65,240097
1697530500,1011.15,1012.7,1004.8,1005.0,654853
1697531400,1004.9,1007.0,1003.1,1004.9,730897
1697532300,1004.9,1008.5,1004.65,1007.5,309092
1697533200,1007.45,1008.3,1005.3,1007.2,219374
1697534100,1007.2,1008.0,1006.35,1007.4,222675
1697535000,1007.4,1008.25,1005.9,1007.3,596878
1697535900,1007.4,1009.95,1006.75,1009.9,559661
1697600700,1010.0,1012.7,1008.35,1009.7,301151
1697601600,1009.6,1011.05,1009.0,1009.35,198306
1697602500,1009.2,1010.2,1007.35,1009.95,165770
1697603400,1009.95,1014.1,1009.5,1010.9,176674
1697604300,1010.8,1010.85,1008.15,1008.2,106922
1697605200,1008.25,1009.25,1004.95,1005.5,356951
1697606100,1005.55,1005.55,996.0,999.05,562676
1697607000,998.65,999.4,993.55,995.7,476252
1697607900,995.6,997.0,994.4,996.0,350512
1697608800,995.95,998.0,995.8,996.55,193989
1697609700,996.25,998.0,995.2,995.85,177154
1697610600,996.0,997.45,993.7,996.15,281882
1697611500,996.5,998.3,995.45,997.4,189056
1697612400,997.4,998.4,996.4,997.7,120384
1697613300,997.7,998.2,996.6,997.9,166570
1697614200,997.9,998.4,997.1,998.0,143993
1697615100,998.0,998.3,995.7,996.05,252693
1697616000,996.05,996.65,994.3,994.95,223364
1697616900,994.95,995.2,994.05,994.65,156215
1697617800,994.95,996.5,994.5,995.2,185601
1697618700,995.1,995.2,992.1,992.7,304459
1697619600,993.0,993.15,989.35,989.5,545728
1697620500,989.7,991.25,989.4,991.0,550115
1697621400,991.0,994.7,990.1,994.4,842795
1697622300,994.4,994.8,992.45,993.7,782681
1697687100,979.7,988.2,979.7,987.45,642724
1697688000,987.75,987.9,984.35,986.75,265118
1697688900,986.65,989.95,985.55,989.35,266741
1697689800,989.1,990.0,988.0,989.55,262387
1697690700,989.55,989.85,986.85,987.0,128293
1697691600,987.35,987.75,984.85,987.75,110971
1697692500,987.4,990.0,987.2,989.6,126669
1697693400,989.85,994.1,989.45,992.2,135224
1697694300,992.35,998.95,991.0,997.4,199982
1697695200,997.5,999.0,996.05,997.2,164034
1697696100,997.05,998.0,996.3,996.75,60552
1697697000,996.85,998.0,996.5,997.45,69998
1697697900,997.45,998.2,996.6,997.4,123350
1697698800,997.2,997.95,995.35,996.75,116120
1697699700,996.55,997.25,994.8,995.05,88362
1697700600,995.15,996.15,993.6,994.05,91204
1697701500,994.05,994.95,991.8,994.35,126663
1697702400,994.4,995.05,993.2,994.4,68857
1697703300,994.4,995.15,993.1,994.6,142447
1697704200,994.8,998.95,993.7,995.15,208283
1697705100,995.3,995.95,993.2,994.6,179670
1697706000,994.6,994.85,990.95,991.7,339143
1697706900,991.7,992.4,990.7,991.9,169841
1697707800,992.0,992.45,990.05,990.05,384502
1697708700,990.2,993.3,990.05,993.15,282090
1697773500,989.0,992.6,987.0,990.4,335482
1697774400,990.4,992.9,988.5,992.3,260425
1697775300,992.3,992.8,989.5,989.8,89420
1697776200,989.8,991.0,988.75,989.5,134323
1697777100,989.5,990.0,986.55,987.65,144274
1697778000,987.65,988.0,986.9,987.45,89044
1697778900,987.45,987.85,984.45,984.65,121088
1697779800,984.75,986.0,984.45,985.2,95757
1697780700,985.2,985.65,983.45,983.65,120695
1697781600,983.65,984.8,980.1,980.1,350447
1697782500,980.15,982.55,979.45,982.2,550080
1697783400,982.2,984.0,980.6,981.75,286883
1697784300,981.75,982.7,980.65,980.95,447638
1697785200,980.95,981.25,979.3,980.0,386574
1697786100,979.95,980.95,977.75,978.7,314023
1697787000,978.5,981.0,977.95,980.65,202737
1697787900,980.5,985.25,980.45,984.0,220693
1697788800,984.0,984.3,982.0,983.15,94274
1697789700,983.15,983.5,980.1,982.8,234678
1697790600,982.8,983.5,981.2,982.65,141685
1697791500,982.7,983.7,982.15,982.75,124222
1697792400,982.75,983.15,981.15,982.5,93438
1697793300,982.55,983.95,981.55,981.75,126325
1697794200,981.65,982.5,980.05,980.55,312524
1697795100,980.5,980.65,978.35,979.4,377664
1698032700,980.0,984.9,978.1,981.4,437413
1698033600,981.4,982.65,981.25,981.3,190413
1698034500,981.3,981.3,978.5,979.95,175909
1698035400,980.0,980.2,975.2,975.8,211634
1698036300,975.75,978.6,974.15,977.5,230693
1698037200,977.5,979.7,977.2,978.8,84129
1698038100,978.6,980.0,978.4,980.0,92814
1698039000,980.0,980.0,978.0,978.4,136906
1698039900,978.2,978.95,975.0,975.25,96490
1698040800,975.25,976.4,973.5,973.6,94778
1698041700,973.4,976.5,973.0,974.9,178284
1698042600,975.0,975.5,973.25,973.35,251448
1698043500,973.4,975.15,971.6,974.4,284914
1698044400,974.35,974.9,973.05,973.7,78833
1698045300,973.8,974.25,972.05,972.3,85678
1698046200,972.25,973.3,971.1,972.75,128256
1698047100,972.75,974.25,972.35,973.7,134449
1698048000,973.7,976.1,972.85,975.95,302388
1698048900,976.0,976.05,972.05,972.05,500005
1698049800,972.15,974.65,971.2,973.85,352709
1698050700,973.85,974.05,972.3,972.5,206369
1698051600,972.35,972.95,968.7,969.25,214987
1698052500,969.35,970.95,965.25,968.45,434387
1698053400,968.45,968.65,961.1,962.1,513093
1698054300,962.15,965.8,962.15,965.8,451200
1698205500,960.0,968.85,958.8,966.85,1052260
1698206400,966.8,971.9,965.5,969.0,378745
1698207300,969.0,974.0,969.0,969.75,444559
1698208200,969.75,970.35,966.3,968.5,288297
1698209100,968.55,970.0,966.4,966.45,148958
1698210000,966.45,968.7,966.3,967.4,95205
1698210900,967.15,967.4,965.45,966.1,92805
1698211800,966.45,968.8,965.0,966.15,170317
1698212700,966.15,967.35,964.8,966.3,135713
1698213600,966.25,966.85,963.45,963.65,123593
1698214500,963.75,967.4,963.45,967.4,151308
1698215400,967.35,968.4,965.6,966.2,190025
1698216300,966.25,967.35,963.75,964.55,122140
1698217200,964.35,965.55,961.65,961.9,169156
1698218100,961.9,962.95,957.55,958.9,246747
1698219000,958.8,959.8,955.05,956.1,274962
1698219900,956.0,962.25,956.0,960.95,288961
1698220800,961.05,961.3,955.0,955.3,223258
1698221700,955.65,959.3,952.2,958.2,284928
1698222600,958.1,960.0,956.9,958.55,212146
1698223500,958.65,958.65,953.5,954.9,191180
1698224400,954.9,955.7,951.4,955.45,258257
1698225300,955.45,958.0,954.8,957.5,235030
1698226200,957.65,958.35,953.9,954.95,440034
1698227100,955.05,957.55,954.4,956.85,475817
1698291900,956.0,969.85,952.75,965.75,1773883
1698292800,965.75,968.6,960.65,964.3,944226
1698293700,964.3,967.6,963.7,967.3,532574
1698294600,967.1,968.5,962.0,962.35,788588
1698295500,962.3,965.8,962.3,965.15,350032
1698296400,965.15,967.85,964.15,966.25,247490
1698297300,966.05,966.5,963.15,964.35,344139
1698298200,964.15,964.4,958.7,959.35,653731
1698299100,959.35,961.4,956.85,961.3,711217
1698300000,961.25,965.4,960.55,963.65,430255
1698300900,963.6,965.55,962.85,965.2,423666
1698301800,965.2,970.0,964.45,967.05,931729
1698302700,967.1,974.0,966.95,968.65,829431
1698303600,968.6,970.0,966.75,969.95,470387
1698304500,970.0,971.55,969.05,970.0,522808
1698305400,969.7,971.95,968.25,968.95,677278
1698306300,968.95,970.55,966.95,970.05,965618
1698307200,970.2,970.2,967.45,968.55,681602
1698308100,968.6,969.0,967.3,968.0,480690
1698309000,967.95,968.8,967.3,968.55,420122
1698309900,968.1,969.3,967.35,969.3,372101
1698310800,968.85,972.5,967.75,972.35,614543
1698311700,972.35,975.0,971.6,973.9,788006
1698312600,974.3,974.45,970.4,972.1,1188558
1698313500,971.95,974.05,970.4,973.6,1253058
1698378300,980.0,981.0,973.3,975.35,1859443
1698379200,975.3,982.4,975.0,980.75,1298349
1698380100,980.85,983.9,978.75,980.3,495377
1698381000,980.3,981.95,979.5,980.3,419709
1698381900,980.25,981.75,979.0,980.25,241240
1698382800,980.2,983.0,980.05,982.0,232952
1698383700,982.0,984.5,981.95,984.0,286123
1698384600,984.0,985.25,982.9,984.65,323317
1698385500,984.65,986.55,983.6,986.4,208051
1698386400,986.4,986.65,984.35,984.8,147774
1698387300,984.65,988.25,984.6,988.15,303700
1698388200,988.05,990.1,987.0,987.6,614811
1698389100,987.75,988.15,986.05,986.5,180129
1698390000,986.5,987.35,985.0,985.75,253301
1698390900,985.5,986.5,985.0,985.15,156593
1698391800,985.35,986.15,984.55,985.65,170169
1698392700,985.65,987.5,985.55,986.2,121194
1698393600,986.5,987.6,985.7,986.85,287466
1698394500,986.95,988.7,986.7,988.3,263140
1698395400,988.3,989.2,986.85,989.2,298933
1698396300,989.2,995.95,988.9,994.65,732734
1698397200,994.5,997.2,993.95,995.35,1383670
1698398100,995.75,1002.3,995.4,1002.1,694439
1698399000,1002.15,1004.75,1001.4,1001.65,1836444
1698399900,1001.85,1003.1,998.95,999.9,575821
1698637500,1002.75,1002.75,990.0,990.45,569398
1698638400,990.4,991.0,985.7,986.0,367206
1698639300,985.9,986.55,982.65,983.95,200625
1698640200,983.65,984.35,979.2,982.15,254420
1698641100,982.0,984.9,980.5,983.65,267199
1698642000,983.6,983.9,980.75,982.7,186680
1698642900,982.85,984.7,982.05,982.7,138431
1698643800,982.75,983.45,981.3,982.6,123224
1698644700,982.6,987.4,982.55,986.8,251556
1698645600,986.6,988.85,986.6,988.0,217872
1698646500,987.95,988.0,984.7,985.55,147903
1698647400,985.4,989.25,985.4,988.9,155255
1698648300,988.7,990.4,987.85,990.3,120918
1698649200,990.3,991.0,988.35,989.9,142801
1698650100,989.95,990.95,989.4,990.75,113857
1698651000,990.75,991.6,989.65,991.0,118929
1698651900,991.05,991.1,988.45,988.95,107804
1698652800,989.05,990.4,986.05,986.5,158040
1698653700,986.5,987.7,985.05,986.0,159990
1698654600,986.0,989.75,985.2,989.4,178701
1698655500,989.4,989.7,987.7,988.95,109902
1698656400,988.95,989.95,988.4,989.5,107186
1698657300,989.5,990.35,987.05,988.5,205842
1698658200,988.4,990.05,988.0,989.35,361122
1698659100,989.35,991.15,987.1,989.6,487293
1698723900,998.0,998.0,987.0,987.3,824474
1698724800,987.1,990.7,985.35,989.65,416471
1698725700,989.15,990.2,985.7,986.0,456232
1698726600,986.0,986.0,983.45,983.75,245969
1698727500,983.95,985.0,982.75,983.75,143565
1698728400,983.75,984.7,981.5,981.65,169975
1698729300,981.6,983.95,981.6,982.7,145624
1698730200,982.65,984.65,981.9,984.15,160032
1698731100,984.0,985.0,981.6,982.0,179834
1698732000,982.0,984.35,980.35,981.1,278212
1698732900,980.9,981.35,978.5,979.2,196687
1698733800,979.3,979.35,978.0,979.05,252147
1698734700,979.05,981.35,978.9,980.25,122100
1698735600,980.35,983.05,980.35,982.55,165692
1698736500,982.5,982.9,980.5,982.25,100214
1698737400,982.25,984.9,981.95,983.8,237811
1698738300,983.7,984.45,981.4,983.85,133673
1698739200,983.9,984.4,982.1,982.6,210791
1698740100,982.6,983.5,982.2,982.9,85069
1698741000,982.95,984.0,982.05,983.65,135013
1698741900,983.65,985.65,983.25,985.5,452865
1698742800,985.55,986.0,983.4,984.05,403857
1698743700,984.05,985.45,982.65,983.7,470478
1698744600,983.65,983.7,979.4,982.0,931716
1698745500,982.1,983.1,979.65,980.45,735919
1698810300,977.85,979.3,973.7,975.85,534780
1698811200,976.1,977.9,975.0,975.75,236668
1698812100,975.85,977.8,972.55,977.4,345509
1698813000,977.65,978.9,976.3,977.7,183237
1698813900,977.7,978.0,975.0,976.25,161985
1698814800,976.35,976.9,971.45,973.4,223150
1698815700,973.65,974.15,972.05,973.0,151554
1698816600,973.2,973.8,971.95,972.7,170659
1698817500,972.7,972.85,971.15,971.5,119413
1698818400,971.35,973.65,971.2,972.7,253524
1698819300,973.0,975.4,972.8,975.05,134138
1698820200,975.0,975.25,973.5,974.95,112147
1698821100,974.95,975.6,974.0,975.0,101300
1698822000,975.05,975.85,973.25,973.45,207277
1698822900,973.45,973.65,972.45,972.85,134164
1698823800,972.65,973.4,971.5,972.55,150838
1698824700,972.6,973.9,971.8,973.7,259817
1698825600,973.6,974.4,972.8,973.8,113820
1698826500,973.95,974.15,972.3,972.9,89694
1698827400,973.0,973.4,971.1,971.8,186694
1698828300,971.8,972.85,970.55,970.65,160751
1698829200,970.6,972.8,970.3,972.0,191984
1698830100,972.0,973.0,971.8,972.0,153140
1698831000,972.05,973.3,971.45,972.35,679955
1698831900,972.3,972.75,968.0,971.4,623636
1698896700,978.0,988.35,978.0,984.85,1069963
1698897600,984.5,987.45,984.0,984.05,295243
1698898500,984.0,985.5,982.45,983.35,281738
1698899400,983.35,983.8,979.15,980.75,273313
1698900300,980.75,983.25,980.35,981.1,118662
1698901200,981.4,982.4,980.15,980.9,65323
1698902100,980.85,981.5,979.2,980.45,89693
1698903000,980.25,980.85,979.0,980.75,71436
1698903900,980.8,983.35,980.05,981.75,63597
1698904800,981.75,982.6,976.15,976.2,129664
1698905700,975.95,977.35,974.0,975.8,170485
1698906600,975.4,977.0,974.3,975.95,248629
1698907500,975.9,977.8,975.9,977.35,113189
1698908400,977.35,980.7,977.2,980.15,207089
1698909300,980.05,980.7,979.3,979.75,92648
1698910200,979.95,981.4,979.45,981.4,71801
1698911100,981.4,981.5,977.65,978.45,190766
1698912000,978.45,979.65,976.65,979.65,196373
1698912900,979.4,981.95,978.55,980.8,101797
1698913800,980.7,981.95,980.05,981.9,83451
1698914700,981.9,983.6,980.3,980.3,406651
1698915600,980.25,982.25,980.05,981.2,87301
1698916500,981.2,984.4,981.0,984.1,220189
1698917400,984.55,985.1,980.8,981.5,327043
1698918300,981.5,983.5,981.45,982.5,197427
1698983100,986.0,988.2,981.5,985.0,365159
1698984000,984.85,987.4,984.5,986.35,190386
1698984900,986.35,986.8,983.7,986.3,180593
1698985800,986.25,987.9,985.05,986.45,183574
1698986700,986.5,986.75,985.0,985.7,140678
1698987600,985.65,986.25,985.0,986.0,109316
1698988500,986.2,989.35,986.0,988.25,173960
1698989400,988.25,989.0,986.55,987.55,172492
1698990300,987.65,987.65,986.2,986.55,147143
1698991200,986.55,987.05,986.0,986.95,134500
1698992100,986.95,987.65,986.0,986.85,185908
1698993000,986.85,987.95,986.35,987.05,152398
1698993900,987.05,988.35,986.6,986.65,224184
1698994800,986.65,988.0,985.8,987.3,164555
1698995700,987.35,987.5,985.9,986.9,115171
1698996600,987.0,987.85,986.45,987.05,124703
1698997500,987.25,989.15,986.5,988.3,152397
1698998400,988.3,990.0,988.0,989.5,141450
1698999300,989.7,989.95,988.5,989.2,106517
1699000200,989.1,990.0,988.5,989.3,115309
1699001100,989.25,991.4,989.2,991.1,138403
1699002000,991.1,991.3,988.1,989.65,134239
1699002900,989.5,990.8,988.85,990.8,161268
1699003800,990.65,991.0,988.0,988.75,305986
1699004700,988.8,988.9,987.05,987.05,219717
1699242300,995.0,1002.0,993.1,1000.55,533815
1699243200,1000.55,1003.0,998.95,1003.0,268556
1699244100,1002.9,1006.2,1002.9,1005.1,522927
1699245000,1005.3,1006.0,1003.75,1006.0,244258
1699245900,1006.0,1011.35,1005.9,1009.35,262748
1699246800,1009.4,1011.4,1008.3,1010.5,361073
1699247700,1010.6,1011.05,1008.45,1010.05,509538
1699248600,1010.05,1012.0,1008.75,1009.75,588069
1699249500,1009.75,1010.0,1006.7,1007.45,134392
1699250400,1007.25,1010.5,1007.05,1009.0,87212
1699251300,1009.0,1009.75,1007.45,1007.7,67372
1699252200,1007.7,1009.0,1007.45,1008.5,86209
1699253100,1008.1,1010.0,1008.05,1009.95,66119
1699254000,1009.85,1012.6,1009.85,1012.0,209171
1699254900,1012.0,1013.1,1011.75,1012.5,275932
1699255800,1012.35,1013.5,1010.45,1011.9,298903
1699256700,1011.85,1013.35,1011.8,1012.1,221495
1699257600,1012.15,1012.9,1011.25,1011.9,79403
1699258500,1011.9,1012.55,1011.5,1011.85,67168
1699259400,1011.75,1014.35,1011.75,1014.2,146493
1699260300,1014.2,1016.2,1013.5,1014.8,210729
1699261200,1014.8,1015.3,1014.3,1014.55,137461
1699262100,1014.4,1014.7,1012.6,1012.65,181924
1699263000,1012.65,1013.25,1008.1,1008.45,432697
1699263900,1008.15,1011.0,1007.8,1010.05,540196
1699328700,1008.0,1010.8,1007.05,1007.35,336588
1699329600,1007.15,1008.85,1007.0,1007.05,285635
1699330500,1007.2,1008.25,1006.55,1007.45,163309
1699331400,1007.25,1007.85,1005.25,1006.9,357518
1699332300,1006.85,1008.0,1006.05,1007.9,212393
1699333200,1007.9,1014.45,1007.55,1013.3,326332
1699334100,1013.35,1013.75,1011.0,1011.05,209613
1699335000,1011.05,1013.0,1011.05,1012.95,121208
1699335900,1012.95,1013.4,1011.75,1012.1,110121
1699336800,1012.1,1013.25,1008.25,1008.7,414543
1699337700,1008.6,1009.2,1006.45,1008.05,299975
1699338600,1008.0,1009.25,1007.4,1009.2,154824
1699339500,1009.25,1009.5,1008.35,1009.4,85714
1699340400,1009.4,1011.9,1008.95,1010.25,115019
1699341300,1010.25,1012.3,1009.6,1011.5,358236
1699342200,1011.45,1012.45,1010.15,1010.8,128165
1699343100,1011.15,1011.15,1008.0,1009.7,119793
1699344000,1009.7,1012.8,1008.6,1012.65,239909
1699344900,1012.15,1016.0,1011.75,1014.35,462316
1699345800,1014.2,1018.0,1013.9,1015.9,360627
1699346700,1015.7,1018.3,1014.65,1017.15,305550
1699347600,1017.15,1017.5,1015.7,1016.8,187059
1699348500,1016.55,1019.5,1015.6,1019.25,275580
1699349400,1019.25,1021.75,1019.0,1020.6,514267
1699350300,1020.9,1022.2,1018.05,1019.5,395747
1699415100,1024.0,1026.35,1019.15,1022.5,623849
1699416000,1022.5,1022.95,1016.0,1016.6,354185
1699416900,1016.65,1021.9,1016.55,1021.3,217552
1699417800,1021.3,1021.3,1016.5,1017.1,225227
1699418700,1017.1,1021.45,1017.0,1020.0,203397
1699419600,1020.05,1020.3,1017.0,1018.9,212420
1699420500,1018.9,1020.45,1018.4,1019.75,145590
1699421400,1019.75,1020.5,1016.85,1017.7,163304
1699422300,1017.5,1019.0,1016.55,1019.0,184986
1699423200,1019.0,1020.0,1018.0,1019.85,115106
1699424100,1019.85,1020.0,1018.0,1019.0,72564
1699425000,1019.0,1019.7,1017.75,1018.9,94658
1699425900,1018.9,1018.9,1017.1,1018.6,152776
1699426800,1018.6,1019.45,1015.7,1015.7,234545
1699427700,1016.1,1018.0,1015.6,1017.65,131776
1699428600,1017.65,1018.5,1016.55,1018.2,121969
1699429500,1018.2,1019.25,1017.25,1018.8,220003
1699430400,1018.8,1021.35,1018.8,1020.75,168739
1699431300,1020.7,1021.85,1020.5,1021.8,245421
1699432200,1021.8,1022.5,1018.9,1019.3,464342
1699433100,1019.3,1021.65,1018.6,1021.0,384794
1699434000,1021.0,1024.4,1018.8,1023.7,498759
1699434900,1023.7,1024.75,1021.8,1022.6,596048
1699435800,1022.85,1023.85,1021.2,1022.15,926324
1699436700,1021.9,1022.5,1019.0,1020.1,884895
1699501500,1023.8,1023.8,1016.65,1021.4,343296
1699502400,1021.4,1021.9,1019.05,1019.2,105505
1699503300,1019.15,1022.35,1017.4,1022.15,87058
1699504200,1022.2,1022.35,1020.0,1020.35,80882
1699505100,1020.35,1022.0,1019.2,1020.8,103457
1699506000,1020.8,1022.15,1019.1,1020.3,265716
1699506900,1020.35,1023.05,1020.1,1022.75,86542
1699507800,1022.75,1023.4,1021.1,1022.1,129736
1699508700,1022.1,1025.9,1021.9,1025.5,170671
1699509600,1025.5,1026.35,1025.1,1026.1,121114
1699510500,1026.1,1028.85,1024.8,1027.95,264565
1699511400,1028.0,1028.45,1025.85,1027.7,215261
1699512300,1027.7,1027.95,1023.65,1024.3,167755
1699513200,1024.3,1026.5,1023.85,1024.95,128118
1699514100,1025.05,1026.0,1023.3,1024.15,115319
1699515000,1024.15,1024.6,1021.6,1022.15,291909
1699515900,1022.1,1024.25,1022.05,1023.95,120250
1699516800,1024.25,1024.4,1020.7,1021.35,113434
1699517700,1021.35,1022.35,1021.0,1021.5,63280
1699518600,1021.5,1024.65,1020.05,1024.5,271673
1699519500,1024.5,1024.6,1021.7,1022.55,194314
1699520400,1022.55,1022.55,1021.0,1022.2,74242
1699521300,1022.2,1023.95,1020.6,1022.0,272539
1699522200,1022.35,1022.95,1020.7,1022.25,320337
1699523100,1022.25,1022.55,1020.3,1021.25,300899
1699587900,1017.9,1019.6,1017.1,1018.15,150995
1699588800,1018.15,1020.6,1016.7,1017.5,111511
1699589700,1017.45,1018.7,1016.75,1017.65,67087
1699590600,1017.9,1019.6,1017.35,1018.45,70323
1699591500,1018.75,1020.0,1018.65,1018.8,36797
1699592400,1018.8,1021.3,1017.95,1020.6,51027
1699593300,1020.6,1023.3,1020.05,1021.5,66258
1699594200,1021.5,1022.0,1020.15,1021.0,79838
1699595100,1021.0,1022.9,1020.9,1022.55,77154
1699596000,1022.55,1022.75,1020.2,1020.65,121073
1699596900,1020.55,1020.95,1019.45,1020.15,75279
1699597800,1020.05,1021.9,1020.0,1021.25,75817
1699598700,1021.25,1022.5,1020.5,1021.1,85771
1699599600,1021.1,1023.9,1020.85,1023.9,98086
1699600500,1023.75,1026.0,1023.75,1025.0,123983
1699601400,1025.1,1027.0,1024.15,1024.4,205314
1699602300,1024.4,1026.75,1024.4,1024.55,146134
1699603200,1024.6,1026.0,1024.35,1025.35,85427
1699604100,1025.35,1025.95,1024.5,1025.2,105572
1699605000,1025.55,1027.65,1024.55,1026.4,144747
1699605900,1026.45,1026.55,1023.55,1025.25,212638
1699606800,1025.2,1027.25,1023.65,1025.45,307336
1699607700,1025.65,1027.55,1025.45,1027.1,91295
1699608600,1027.3,1029.6,1027.05,1029.15,377498
1699609500,1029.15,1031.0,1028.7,1029.8,327072
1699793100,1031.65,1032.95,1026.25,1030.0,171676
1699794000,1030.4,1030.4,1028.7,1030.05,108252
1699794900,1030.2,1030.9,1029.35,1030.1,87883
1699795800,1030.1,1030.8,1028.0,1029.1,93857
1699847100,1030.05,1031.55,1027.05,1028.35,417084
1699848000,1027.95,1029.95,1027.85,1028.3,180997
1699848900,1028.3,1030.05,1028.1,1029.65,133271
1699849800,1029.65,1031.7,1029.45,1029.95,182437
1699850700,1029.95,1030.65,1024.6,1025.0,284109
1699851600,1025.0,1025.65,1023.5,1024.7,242239
1699852500,1025.15,1026.5,1023.5,1024.9,255921
1699853400,1024.85,1026.4,1024.2,1025.7,358539
1699854300,1025.7,1028.45,1025.45,1027.45,227428
1699855200,1027.5,1030.95,1027.5,1029.95,169354
1699856100,1029.95,1030.45,1027.8,1028.55,188894
1699857000,1028.55,1029.8,1027.2,1028.8,236978
1699857900,1028.7,1029.4,1027.5,1028.65,155171
1699858800,1028.6,1028.95,1027.8,1027.85,249973
1699859700,1027.85,1029.75,1027.05,1028.4,201117
1699860600,1028.4,1028.5,1027.3,1027.9,151960
1699861500,1027.9,1029.15,1027.5,1028.9,155955
1699862400,1028.95,1029.4,1027.7,1028.6,133158
1699863300,1028.6,1029.2,1027.7,1028.2,166595
1699864200,1028.2,1028.9,1027.45,1028.1,123288
1699865100,1028.1,1028.2,1026.05,1027.2,153099
1699866000,1027.2,1028.0,1024.7,1025.3,202170
1699866900,1025.3,1026.65,1024.75,1025.5,348833
1699867800,1025.95,1026.05,1024.0,1024.85,518678
1699868700,1024.85,1027.0,1024.2,1026.0,547566
1700019900,1045.0,1045.0,1031.55,1039.8,1316384
1700020800,1039.8,1040.5,1037.7,1038.55,408187
1700021700,1038.55,1039.0,1036.45,1037.45,178290
1700022600,1037.5,1038.1,1034.3,1034.3,205505
1700023500,1034.3,1036.3,1033.95,1035.2,169531
1700024400,1035.2,1036.5,1034.5,1034.75,162784
1700025300,1034.75,1035.95,1034.05,1035.6,164935
1700026200,1035.6,1037.0,1035.3,1035.5,114781
1700027100,1035.6,1036.1,1034.55,1035.45,114642
1700028000,1035.5,1035.6,1033.8,1035.15,206069
1700028900,1035.15,1035.15,1032.45,1033.5,146622
1700029800,1033.45,1034.1,1032.65,1033.8,137726
1700030700,1033.75,1036.85,1033.4,1036.45,117858
1700031600,1036.45,1036.6,1035.35,1036.35,94562
1700032500,1036.5,1037.5,1035.6,1037.15,136411
1700033400,1037.05,1038.95,1036.25,1038.35,336139
1700034300,1038.35,1039.95,1038.35,1039.95,136315
1700035200,1039.95,1040.0,1038.15,1038.8,396149
1700036100,1038.85,1038.85,1035.45,1037.25,301811
1700037000,1037.45,1039.3,1037.25,1038.75,238544
1700037900,1038.75,1040.45,1037.7,1039.55,422330
1700038800,1039.5,1040.7,1038.95,1040.25,361030
1700039700,1040.25,1041.0,1039.3,1039.85,285086
1700040600,1039.9,1041.95,1039.9,1041.1,588879
1700041500,1041.1,1043.0,1040.5,1041.5,499494
1700106300,1042.8,1043.1,1036.5,1039.8,307147
1700107200,1039.75,1040.0,1036.05,1039.8,221028
1700108100,1039.8,1039.9,1035.1,1036.4,226425
1700109000,1036.4,1037.9,1035.1,1036.95,117378
1700109900,1037.0,1038.95,1036.75,1038.25,65232
1700110800,1038.55,1040.35,1038.1,1039.3,100943
1700111700,1039.35,1040.35,1037.0,1037.25,1734369
1700112600,1037.25,1043.3,1036.55,1043.2,263267
1700113500,1043.05,1043.95,1039.1,1039.65,124867
1700114400,1039.65,1040.5,1037.15,1038.05,95080
1700115300,1038.05,1038.5,1036.45,1036.7,91970
1700116200,1036.8,1037.4,1035.0,1036.1,183110
1700117100,1036.1,1037.3,1035.5,1036.9,86019
1700118000,1036.85,1036.95,1034.0,1035.0,136413
1700118900,1035.0,1035.4,1033.5,1033.8,99279
1700119800,1033.8,1034.5,1033.0,1033.1,96323
1700120700,1033.15,1033.65,1032.15,1032.55,86105
1700121600,1032.55,1034.45,1032.3,1033.2,115376
1700122500,1033.3,1034.15,1032.15,1033.4,94239
1700123400,1033.4,1034.5,1033.0,1034.05,103573
1700124300,1034.05,1035.4,1033.3,1034.45,144751
1700125200,1034.45,1035.05,1033.8,1035.0,193165
1700126100,1034.55,1035.0,1032.65,1032.75,187935
1700127000,1032.7,1033.35,1022.25,1023.8,956363
1700127900,1023.95,1026.45,1023.5,1026.0,1077175
1700192700,1014.9,1020.0,1005.8,1006.2,2690667
1700193600,1006.3,1006.4,1000.4,1001.35,1320201
1700194500,1001.35,1003.5,999.55,1000.8,745755
1700195400,1001.0,1001.65,998.35,999.0,554446
1700196300,999.1,1000.1,994.0,999.3,503025
1700197200,999.3,999.6,996.4,997.15,578148
1700198100,997.25,998.0,995.45,996.3,418749
1700199000,996.05,996.3,993.4,995.2,407715
1700199900,995.15,996.5,994.0,995.6,278263
1700200800,995.4,997.0,994.7,996.45,218985
1700201700,996.3,996.7,995.85,996.2,189245
1700202600,996.2,996.8,994.5,995.5,207724
1700203500,995.5,996.0,992.5,994.65,284268
1700204400,994.65,996.25,993.6,994.9,326034
1700205300,994.9,995.5,993.3,994.0,172477
1700206200,994.0,995.3,993.75,994.85,174322
1700207100,994.75,995.0,993.55,994.3,162648
1700208000,994.25,994.8,993.1,994.0,206775
1700208900,994.0,994.6,992.0,992.7,350957
1700209800,992.7,995.6,992.5,994.45,285213
1700210700,994.45,995.0,993.6,994.55,242247
1700211600,994.55,995.0,993.5,994.8,338126
1700212500,994.8,995.4,992.2,993.05,524726
1700213400,993.1,995.6,993.1,995.5,788378
1700214300,995.6,997.3,991.85,992.65,1297877
1700451900,981.0,989.1,980.35,987.9,1681052
1700452800,987.85,988.8,983.9,984.55,793817
1700453700,984.85,990.85,983.25,989.25,965034
1700454600,989.35,989.85,987.15,988.5,137769
1700455500,988.2,993.3,988.1,993.3,242741
1700456400,993.05,994.2,992.0,993.0,129969
1700457300,992.8,994.7,992.75,994.05,109672
1700458200,994.05,994.4,987.3,987.35,202032
1700459100,987.3,988.85,986.6,987.35,156618
1700460000,987.35,988.3,986.5,988.3,112372
1700460900,988.3,988.6,987.0,987.0,95783
1700461800,987.0,991.6,986.4,990.85,153581
1700462700,990.6,991.7,988.75,991.45,206715
1700463600,991.45,991.45,989.65,990.4,106803
1700464500,990.2,992.0,989.85,990.25,151608
1700465400,990.3,993.0,990.25,992.25,169247
1700466300,992.3,992.7,989.55,989.55,265601
1700467200,989.55,992.5,988.55,992.35,248749
1700468100,992.35,992.65,989.65,990.15,472623
1700469000,990.15,990.65,988.1,988.75,186760
1700469900,988.65,990.5,988.5,990.05,142959
1700470800,989.75,991.3,989.0,990.35,263052
1700471700,990.35,991.8,989.85,990.45,252051
1700472600,990.4,990.9,987.75,987.9,465234
1700473500,987.95,988.85,987.45,988.0,499300
1700538300,989.95,992.35,986.65,987.65,657782
1700539200,987.65,993.85,987.45,993.6,262262
1700540100,993.6,995.5,991.3,992.2,307025
1700541000,992.2,992.75,990.8,992.2,112036
1700541900,992.25,992.35,990.95,992.0,84204
1700542800,992.0,992.55,990.75,992.3,79080
1700543700,992.3,992.55,990.65,991.5,334832
1700544600,991.5,992.0,990.0,990.15,103613
1700545500,990.15,992.9,989.7,992.35,757168
1700546400,992.5,993.45,992.15,992.7,101915
1700547300,992.7,993.8,992.4,993.3,141032
1700548200,993.3,993.5,992.55,993.15,137112
1700549100,993.25,997.5,993.05,994.7,381071
1700550000,994.65,994.7,992.4,993.2,202236
1700550900,993.2,993.9,993.0,993.4,96528
1700551800,993.4,994.0,990.25,991.5,309373
1700552700,991.4,994.85,991.2,993.5,135231
1700553600,993.55,995.95,993.35,993.7,135214
1700554500,993.75,994.25,993.15,994.05,94027
1700555400,994.05,994.3,992.9,993.25,127731
1700556300,993.25,994.45,992.9,993.95,137587
1700557200,993.95,994.45,992.4,993.05,171400
1700558100,992.8,993.45,991.2,992.4,483274
1700559000,992.35,992.9,991.0,991.25,822707
1700559900,991.25,993.0,991.05,992.8,885847
1700624700,991.0,995.6,988.0,992.2,767453
1700625600,992.2,993.7,991.95,993.5,440905
1700626500,993.1,996.4,992.5,995.05,311438
1700627400,995.05,995.3,994.15,994.7,82789
1700628300,994.7,995.0,992.05,992.6,218748
1700629200,992.75,994.7,991.75,994.2,127294
1700630100,994.2,994.9,994.0,994.75,69442
1700631000,994.75,996.0,993.85,994.35,111783
1700631900,994.35,995.5,994.0,994.6,55912
1700632800,994.65,995.9,993.8,994.0,114062
1700633700,994.35,994.45,990.0,991.4,560153
1700634600,991.4,993.55,991.05,991.05,118207
1700635500,991.15,992.4,990.25,991.0,225653
1700636400,991.0,993.0,990.95,992.6,128394
1700637300,992.6,993.45,990.9,992.0,111017
1700638200,992.0,993.4,991.55,992.7,116999
1700639100,992.7,994.15,992.3,993.8,120143
1700640000,993.8,994.2,992.4,993.25,244825
1700640900,993.25,994.2,992.8,993.8,117843
1700641800,993.8,994.1,991.6,991.85,150855
1700642700,991.85,996.9,991.85,996.2,334334
1700643600,996.3,996.6,994.95,995.85,362344
1700644500,995.85,998.0,995.85,996.5,189442
1700645400,996.65,998.65,996.45,998.65,512459
1700646300,998.65,999.9,997.6,999.4,494723
1700711100,999.0,1000.95,995.4,998.95,451977
1700712000,998.95,999.6,998.0,998.35,147424
1700712900,998.35,1001.6,997.0,1000.6,223195
1700713800,1000.6,1001.0,999.05,1000.0,140245
1700714700,1000.0,1000.9,998.05,1000.75,130257
1700715600,1000.75,1000.85,998.55,999.3,80391
1700716500,999.35,1001.4,998.9,999.0,136365
1700717400,999.0,999.9,997.4,998.55,120197
1700718300,998.55,1000.1,998.5,999.95,48412
1700719200,999.95,1000.0,998.65,998.95,54175
1700720100,998.95,999.8,998.2,999.6,43632
1700721000,999.6,999.7,998.8,999.55,33032
1700721900,999.55,1003.4,999.35,1003.15,203217
1700722800,1003.15,1003.25,1001.0,1001.4,166614
1700723700,1001.5,1002.1,1001.0,1001.85,48585
1700724600,1001.95,1002.05,1001.0,1001.35,53722
1700725500,1001.35,1002.0,1001.0,1001.2,42539
1700726400,1001.2,1001.8,999.7,1000.0,64099
1700727300,1000.0,1000.9,999.0,1000.9,146625
1700728200,1000.9,1001.2,999.15,999.5,58527
1700729100,999.5,1000.6,998.9,1000.15,104903
1700730000,1000.15,1001.6,999.95,1001.0,107246
1700730900,1001.0,1001.2,999.75,1000.05,93286
1700731800,1000.25,1000.7,998.25,998.85,220147
1700732700,998.7,1000.75,997.4,1000.2,193609
1700797500,1002.0,1005.3,999.7,1002.25,471193
1700798400,1002.05,1003.0,1001.8,1002.0,131816
1700799300,1002.1,1003.65,1001.1,1002.05,201003
1700800200,1001.7,1003.2,1001.7,1003.1,159094
1700801100,1003.1,1003.7,1002.15,1002.3,82496
1700802000,1002.15,1005.8,1002.15,1004.7,203143
1700802900,1004.7,1005.5,1003.8,1004.7,179435
1700803800,1004.7,1005.25,1004.0,1004.6,67448
1700804700,1004.6,1005.0,1004.1,1004.3,77421
1700805600,1004.25,1005.5,1004.2,1005.45,89607
1700806500,1005.45,1005.85,1004.45,1005.2,108196
1700807400,1005.2,1008.0,1004.95,1008.0,187741
1700808300,1008.0,1009.6,1007.8,1009.05,1136413
1700809200,1009.0,1009.05,1008.35,1008.35,141916
1700810100,1008.35,1008.8,1006.65,1007.0,337154
1700811000,1007.1,1007.5,1004.5,1004.6,142619
1700811900,1004.8,1007.45,1004.3,1007.45,180624
1700812800,1007.45,1008.5,1005.85,1008.05,215356
1700813700,1007.8,1008.1,1006.45,1007.9,219027
1700814600,1007.9,1008.35,1007.0,1007.55,208707
1700815500,1007.6,1009.7,1007.2,1008.65,383286
1700816400,1008.65,1009.05,1006.95,1008.0,347348
1700817300,1008.0,1008.4,1007.15,1007.4,245551
1700818200,1007.5,1010.7,1006.6,1008.95,733404
1700819100,1009.0,1010.3,1008.4,1009.0,705632
1701143100,1013.05,1013.5,1009.25,1010.4,524058
1701144000,1010.55,1014.45,1010.05,1014.4,245878
1701144900,1014.2,1015.95,1012.8,1013.45,329458
1701145800,1013.45,1015.55,1012.45,1015.15,135387
1701146700,1015.15,1016.6,1014.05,1014.95,140578
1701147600,1015.1,1016.5,1014.85,1015.95,109722
1701148500,1015.95,1017.05,1015.2,1015.2,153576
1701149400,1015.2,1015.5,1013.5,1014.0,169979
1701150300,1014.0,1015.0,1013.9,1014.75,214534
1701151200,1014.6,1015.0,1013.25,1014.45,84749
1701152100,1014.35,1015.0,1013.7,1014.3,100468
1701153000,1014.3,1016.1,1013.75,1016.05,236160
1701153900,1016.0,1016.1,1014.4,1014.6,98708
1701154800,1014.55,1015.85,1013.7,1015.85,182760
1701155700,1015.85,1018.7,1015.7,1018.35,380434
1701156600,1018.5,1019.35,1017.25,1017.75,239975
1701157500,1017.75,1018.55,1017.05,1017.55,213048
1701158400,1017.6,1018.15,1016.35,1017.25,185656
1701159300,1017.25,1019.45,1017.25,1019.25,209778
1701160200,1019.25,1019.35,1017.45,1018.8,213478
1701161100,1018.85,1021.0,1018.1,1020.7,321370
1701162000,1020.7,1021.0,1019.9,1020.25,289788
1701162900,1020.25,1021.75,1020.2,1021.35,349890
1701163800,1021.35,1021.9,1020.55,1021.45,561700
1701164700,1021.6,1021.6,1018.65,1018.65,477542
1701229500,1027.15,1027.85,1021.15,1025.95,979473
1701230400,1025.95,1027.4,1025.45,1027.1,350390
1701231300,1027.0,1029.6,1026.75,1028.45,253592
1701232200,1028.45,1032.8,1028.45,1031.75,337409
1701233100,1031.8,1032.0,1029.95,1031.85,156357
1701234000,1031.8,1031.85,1030.0,1031.25,150491
1701234900,1031.3,1036.35,1031.1,1035.45,412699
1701235800,1035.5,1035.5,1033.4,1033.8,197369
1701236700,1033.85,1035.7,1032.95,1035.0,177630
1701237600,1035.05,1039.85,1034.05,1039.7,209875
1701238500,1039.7,1040.8,1038.9,1039.9,214700
1701239400,1039.9,1040.3,1038.85,1039.25,210295
1701240300,1039.3,1040.65,1038.55,1040.45,321668
1701241200,1040.45,1041.0,1039.5,1040.8,146858
1701242100,1040.75,1044.0,1040.55,1042.95,271240
1701243000,1042.95,1044.9,1041.85,1044.85,253636
1701243900,1044.85,1046.5,1044.85,1045.45,268106
1701244800,1045.45,1045.85,1044.0,1044.9,287932
1701245700,1044.9,1045.65,1043.65,1044.55,281136
1701246600,1044.55,1046.7,1044.55,1046.55,221205
1701247500,1046.5,1050.85,1045.6,1050.2,423713
1701248400,1050.2,1055.65,1050.0,1055.2,501751
1701249300,1055.2,1057.55,1055.05,1055.1,483673
1701250200,1055.15,1063.5,1054.5,1062.05,928747
1701251100,1062.05,1063.1,1055.0,1058.9,1377870
1701315900,1062.7,1068.5,1060.0,1067.8,1542552
1701316800,1067.8,1080.85,1067.0,1078.15,2577834
1701317700,1078.3,1078.8,1067.3,1075.1,2427748
1701318600,1075.2,1078.85,1067.0,1068.2,1177635
1701319500,1068.3,1075.45,1066.3,1066.7,1442852
1701320400,1066.7,1073.95,1066.45,1073.1,1145108
1701321300,1073.0,1073.65,1066.9,1067.2,471478
1701322200,1067.1,1068.1,1062.6,1065.35,282820
1701323100,1065.25,1066.75,1063.2,1065.35,208928
1701324000,1065.35,1065.35,1063.0,1063.75,175960
1701324900,1063.7,1065.25,1063.05,1064.1,292182
1701325800,1064.1,1065.05,1062.45,1062.7,317057
1701326700,1062.7,1063.1,1059.75,1061.9,421016
1701327600,1061.9,1062.4,1056.9,1059.85,523580
1701328500,1059.75,1062.0,1056.65,1057.05,457814
1701329400,1057.05,1057.9,1055.45,1055.75,361067
1701330300,1055.75,1060.1,1055.7,1059.7,484891
1701331200,1059.6,1063.15,1059.45,1061.8,393763
1701332100,1061.35,1063.8,1059.4,1060.75,336116
1701333000,1060.75,1061.2,1057.9,1058.7,393947
1701333900,1058.75,1063.2,1058.15,1061.6,345662
1701334800,1061.6,1067.8,1061.45,1067.45,558105
1701335700,1067.45,1069.3,1065.7,1066.45,434836
1701336600,1066.5,1076.25,1066.45,1074.2,4217630
1701337500,1074.65,1079.9,1070.7,1070.7,3762948
1701402300,1075.4,1079.0,1070.3,1077.0,739963
1701403200,1076.85,1086.6,1076.5,1085.25,925067
1701404100,1085.1,1092.0,1083.45,1087.85,707626
1701405000,1088.05,1095.95,1087.3,1095.0,896262
1701405900,1095.0,1096.0,1093.65,1095.7,424469
1701406800,1095.65,1099.65,1094.8,1097.3,439248
1701407700,1097.75,1099.45,1094.0,1094.15,792543
1701408600,1094.6,1098.45,1094.15,1098.3,290807
1701409500,1098.3,1103.4,1098.2,1102.85,740033
1701410400,1102.9,1103.2,1101.0,1101.75,491299
1701411300,1101.85,1102.75,1100.0,1100.4,247505
1701412200,1100.4,1101.9,1098.25,1098.55,467528
1701413100,1098.35,1100.75,1097.0,1099.85,406283
1701414000,1099.85,1101.85,1099.0,1101.55,276669
1701414900,1101.55,1104.35,1100.7,1103.0,458067
1701415800,1103.0,1108.9,1103.0,1105.2,594441
1701416700,1105.15,1106.25,1103.6,1104.0,329499
1701417600,1104.05,1104.9,1102.15,1103.25,334267
1701418500,1103.25,1103.25,1100.9,1102.55,288332
1701419400,1102.7,1104.4,1099.3,1099.5,446149
1701420300,1099.55,1101.95,1099.5,1100.1,387002
1701421200,1100.35,1100.8,1098.15,1099.45,492047
1701422100,1099.5,1101.9,1098.65,1100.1,641734
1701423000,1100.0,1105.7,1100.0,1105.05,1101991
1701423900,1105.05,1107.35,1101.05,1103.0,1506172
1701661500,1120.5,1128.0,1107.7,1118.55,1829572
1701662400,1118.45,1126.35,1117.9,1120.85,1146811
1701663300,1120.85,1121.75,1115.05,1117.0,570196
1701664200,1117.0,1117.1,1110.35,1113.55,538289
1701665100,1113.55,1114.0,1109.4,1109.6,397801
1701666000,1109.6,1109.75,1103.7,1104.65,323331
1701666900,1104.65,1105.45,1099.2,1100.65,372767
1701667800,1100.65,1104.95,1100.0,1104.4,307662
1701668700,1104.65,1108.45,1104.55,1107.35,387854
1701669600,1107.2,1109.45,1106.05,1107.25,236126
1701670500,1107.3,1107.45,1105.85,1106.3,195939
1701671400,1106.35,1108.4,1103.75,1106.2,344111
1701672300,1106.4,1108.15,1105.35,1108.15,411050
1701673200,1108.15,1109.9,1107.2,1109.6,352554
1701674100,1109.7,1111.4,1108.3,1111.1,325649
1701675000,1111.05,1112.8,1109.3,1110.55,421693
1701675900,1110.6,1114.9,1110.2,1110.95,683312
1701676800,1110.95,1112.45,1110.55,1111.3,285783
1701677700,1111.35,1113.25,1109.35,1112.8,958984
1701678600,1112.75,1118.05,1112.2,1116.2,459553
1701679500,1116.25,1116.8,1114.05,1116.0,388812
1701680400,1115.95,1117.6,1114.8,1116.9,400881
1701681300,1116.7,1121.9,1115.8,1121.35,442738
1701682200,1121.3,1129.0,1121.25,1126.7,1406520
1701683100,1126.65,1128.25,1122.0,1122.8,853823
1701747900,1136.8,1147.45,1127.15,1144.65,3620914
1701748800,1144.25,1146.75,1143.1,1143.9,956562
1701749700,1143.4,1148.15,1143.25,1143.9,532219
1701750600,1143.9,1144.75,1140.0,1142.55,508602
1701751500,1142.55,1145.9,1137.7,1140.95,1523265
1701752400,1140.95,1147.5,1136.2,1145.55,1035089
1701753300,1145.6,1149.8,1144.35,1149.7,458926
1701754200,1149.7,1151.85,1142.55,1146.3,765597
1701755100,1146.25,1146.8,1137.0,1137.05,598760
1701756000,1137.05,1137.35,1132.0,1132.5,430398
1701756900,1132.5,1134.9,1129.4,1134.3,431340
1701757800,1134.4,1135.5,1131.2,1131.75,408112
1701758700,1131.75,1131.8,1130.0,1130.85,190712
1701759600,1130.9,1132.25,1129.2,1129.2,306118
1701760500,1129.25,1131.85,1128.1,1129.95,266260
1701761400,1130.0,1131.25,1128.25,1131.05,138379
1701762300,1131.05,1132.7,1130.05,1132.0,427027
1701763200,1132.0,1135.5,1131.9,1134.0,262585
1701764100,1134.1,1134.6,1130.35,1130.35,422789
1701765000,1130.65,1135.8,1127.5,1131.6,291575
1701765900,1131.6,1131.65,1128.1,1128.6,229335
1701766800,1128.65,1131.0,1127.55,1129.55,263706
1701767700,1129.65,1131.25,1128.0,1130.75,312027
1701768600,1130.75,1135.9,1130.05,1131.4,778260
1701769500,1131.4,1134.45,1130.75,1132.95,645122
1701834300,1135.1,1145.6,1135.1,1138.2,976417
1701835200,1138.25,1138.4,1129.55,1131.2,776544
1701836100,1131.4,1132.0,1128.95,1129.9,553459
1701837000,1129.95,1130.5,1124.05,1125.8,314358
1701837900,1126.0,1126.8,1122.0,1123.75,190066
1701838800,1123.8,1126.5,1123.05,1123.1,119782
1701839700,1123.15,1126.5,1123.0,1126.45,141973
1701840600,1126.3,1128.25,1124.65,1125.75,438344
1701841500,1125.9,1127.7,1124.0,1126.95,160468
1701842400,1127.0,1127.9,1126.15,1126.75,111709
1701843300,1126.75,1127.1,1125.5,1127.1,150545
1701844200,1127.1,1130.0,1126.55,1128.45,169676
1701845100,1128.45,1129.7,1128.0,1128.0,124362
1701846000,1128.0,1129.0,1126.45,1128.0,110145
1701846900,1128.1,1129.0,1127.5,1127.75,107242
1701847800,1127.8,1127.95,1124.15,1126.65,216131
1701848700,1126.45,1127.45,1124.0,1125.0,96179
1701849600,1125.0,1127.4,1124.2,1127.3,280511
1701850500,1127.3,1128.0,1126.2,1127.05,80130
1701851400,1127.05,1127.95,1125.15,1125.15,74571
1701852300,1125.15,1126.65,1121.65,1123.25,179314
1701853200,1123.5,1124.45,1119.0,1121.75,267436
1701854100,1121.75,1123.8,1120.1,1121.55,434257
1701855000,1121.35,1122.0,1118.7,1120.0,734442
1701855900,1120.2,1121.6,1117.95,1119.1,533251
1701920700,1119.25,1120.75,1108.5,1108.5,503030
1701921600,1108.6,1115.0,1108.6,1113.3,353770
1701922500,1113.3,1116.7,1113.1,1114.2,176095
1701923400,1114.25,1116.0,1112.05,1114.9,105904
1701924300,1115.1,1124.35,1114.0,1122.15,244467
1701925200,1122.15,1129.5,1118.05,1127.65,439872
1701926100,1127.6,1127.7,1118.7,1119.9,443033
1701927000,1119.9,1124.95,1119.5,1123.5,204108
1701927900,1123.5,1124.3,1119.25,1119.5,228138
1701928800,1119.25,1121.75,1118.7,1120.6,149269
1701929700,1120.75,1124.3,1120.05,1124.05,120781
1701930600,1124.0,1124.4,1122.8,1123.6,69817
1701931500,1123.5,1125.6,1123.25,1123.55,115562
1701932400,1123.55,1125.55,1122.85,1125.0,116411
1701933300,1125.0,1128.0,1123.9,1125.85,100882
1701934200,1126.3,1126.65,1122.75,1123.25,73811
1701935100,1123.25,1123.7,1122.1,1122.85,78972
1701936000,1123.15,1125.25,1122.45,1123.35,72912
1701936900,1123.3,1123.9,1121.8,1122.1,116396
1701937800,1122.05,1123.05,1117.5,1118.4,345091
1701938700,1118.65,1119.5,1117.25,1117.7,261400
1701939600,1117.7,1118.45,1115.75,1117.05,429075
1701940500,1117.3,1118.9,1116.75,1117.45,263958
1701941400,1117.55,1117.8,1115.2,1117.75,687822
1701942300,1117.65,1120.85,1116.95,1120.65,738347
1702007100,1115.85,1126.85,1115.85,1121.15,489770
1702008000,1121.15,1122.3,1119.35,1121.3,182608
1702008900,1121.3,1122.75,1120.2,1121.45,154934
1702009800,1121.5,1122.35,1119.3,1120.0,257114
1702010700,1120.0,1123.15,1116.6,1123.05,248277
1702011600,1123.05,1123.45,1118.55,1119.45,194520
1702012500,1119.45,1119.65,1116.55,1117.25,144299
1702013400,1117.5,1117.9,1113.65,1116.95,331260
1702014300,1116.95,1116.95,1112.3,1113.65,174935
1702015200,1113.6,1114.15,1111.8,1112.15,223647
1702016100,1112.4,1115.2,1111.55,1114.35,263821
1702017000,1114.6,1114.85,1113.1,1113.75,133561
1702017900,1113.8,1115.0,1111.85,1114.8,186303
1702018800,1114.8,1115.05,1113.0,1113.3,195872
1702019700,1113.25,1116.7,1113.25,1116.1,206513
1702020600,1116.1,1116.65,1112.9,1115.8,253215
1702021500,1115.8,1119.3,1115.25,1117.1,344729
1702022400,1117.3,1121.45,1116.85,1118.9,344294
1702023300,1118.6,1120.35,1117.75,1118.7,314769
1702024200,1118.3,1121.0,1118.05,1120.85,297456
1702025100,1120.9,1120.9,1118.0,1120.15,138762
1702026000,1120.35,1124.8,1119.5,1124.3,314303
1702026900,1123.7,1131.35,1123.6,1127.65,472014
1702027800,1128.0,1134.35,1127.1,1132.45,773322
1702028700,1132.15,1133.9,1129.5,1133.45,659615
1702266300,1129.0,1139.4,1122.5,1123.0,663653
1702267200,1122.95,1127.0,1118.85,1124.15,344756
1702268100,1124.15,1126.15,1123.35,1125.3,134768
1702269000,1125.3,1126.9,1124.1,1126.55,113358
1702269900,1126.35,1129.8,1125.3,1128.8,186124
1702270800,1128.75,1128.75,1120.95,1122.6,272640
1702271700,1122.8,1125.0,1122.2,1123.4,154819
1702272600,1123.4,1123.85,1121.0,1122.8,87790
1702273500,1122.6,1124.2,1121.05,1121.95,94495
1702274400,1121.95,1123.75,1121.55,1123.35,67761
1702275300,1123.4,1124.45,1119.25,1120.75,1123641
1702276200,1120.75,1121.2,1119.55,1120.2,81566
1702277100,1120.2,1120.75,1118.3,1119.5,93102
1702278000,1119.5,1120.3,1118.0,1118.85,108330
1702278900,1118.9,1119.7,1118.5,1119.05,88904
1702279800,1119.15,1120.15,1119.0,1119.8,98097
1702280700,1119.9,1121.1,1119.25,1120.4,85091
1702281600,1120.75,1121.9,1120.1,1121.1,149675
1702282500,1121.1,1121.35,1118.1,1118.8,127262
1702283400,1118.75,1120.0,1118.75,1119.9,151736
1702284300,1119.95,1120.0,1118.6,1118.6,421348
1702285200,1118.75,1121.0,1118.5,1119.15,218907
1702286100,1119.05,1119.65,1116.3,1118.4,361282
1702287000,1118.55,1119.1,1117.0,1117.55,651579
1702287900,1117.6,1118.0,1114.1,1115.0,1042825
1702352700,1120.0,1121.35,1114.35,1115.15,612251
1702353600,1115.1,1116.05,1114.0,1114.45,261630
1702354500,1114.25,1114.5,1111.0,1112.25,313428
1702355400,1112.2,1114.3,1111.85,1113.4,195252
1702356300,1113.4,1113.75,1109.05,1113.2,300780
1702357200,1113.05,1114.9,1111.25,1111.95,145828
1702358100,1111.95,1112.5,1110.05,1111.85,164713
1702359000,1111.85,1117.7,1111.4,1117.7,249133
1702359900,1117.7,1118.2,1115.0,1116.4,139980
1702360800,1116.4,1122.3,1115.8,1120.95,395513
1702361700,1120.95,1125.05,1120.8,1124.05,310532
1702362600,1124.1,1126.55,1123.6,1124.6,272606
1702363500,1124.6,1125.5,1122.1,1123.25,244685
1702364400,1123.05,1125.35,1123.0,1124.15,252969
1702365300,1124.05,1124.15,1121.15,1122.95,367456
1702366200,1123.25,1126.1,1122.95,1125.2,248090
1702367100,1125.25,1126.25,1124.7,1126.0,232052
1702368000,1126.2,1127.15,1124.6,1126.2,276830
1702368900,1126.2,1130.0,1125.3,1126.15,310844
1702369800,1126.15,1127.65,1124.05,1124.65,332684
1702370700,1124.55,1127.9,1124.0,1127.05,411728
1702371600,1127.05,1129.35,1126.75,1127.55,306597
1702372500,1127.15,1129.7,1127.0,1128.3,500152
1702373400,1128.1,1132.65,1127.5,1130.5,1248854
1702374300,1130.55,1133.9,1130.1,1131.0,944761
1702439100,1150.0,1151.0,1119.6,1122.05,1806680
1702440000,1121.7,1122.3,1113.25,1118.3,647802
1702440900,1118.3,1119.4,1111.45,1114.85,462580
1702441800,1114.9,1117.5,1114.7,1116.3,230283
1702442700,1116.3,1117.5,1115.35,1117.25,160956
1702443600,1117.0,1119.6,1116.4,1119.6,188436
1702444500,1119.35,1119.35,1116.25,1118.55,230565
1702445400,1118.25,1119.7,1116.8,1117.75,329387
1702446300,1117.75,1118.9,1117.0,1118.5,100049
1702447200,1118.4,1119.05,1117.85,1118.9,116899
1702448100,1118.9,1118.95,1118.05,1118.85,216707
1702449000,1118.85,1119.6,1118.4,1118.4,103114
1702449900,1118.35,1118.4,1115.5,1117.0,96072
1702450800,1116.95,1117.85,1116.35,1117.55,74279
1702451700,1117.6,1118.75,1116.45,1118.6,102832
1702452600,1118.75,1120.0,1118.0,1118.55,139548
1702453500,1118.55,1119.9,1116.4,1116.85,173341
1702454400,1116.8,1117.9,1115.5,1117.4,148510
1702455300,1117.4,1117.45,1115.0,1115.3,186815
1702456200,1115.25,1118.55,1115.25,1116.0,391106
1702457100,1116.0,1117.4,1115.95,1117.15,202724
1702458000,1117.1,1117.35,1114.25,1114.85,365987
1702458900,1114.8,1115.7,1113.85,1114.4,259648
1702459800,1114.95,1116.3,1114.5,1115.4,689517
1702460700,1114.9,1116.9,1113.25,1116.9,759696
1702525500,1132.4,1136.75,1127.15,1136.55,1785628
1702526400,1136.3,1137.75,1129.3,1130.55,485484
1702527300,1130.55,1137.35,1129.65,1136.8,398512
1702528200,1137.1,1138.55,1134.3,1137.75,319793
1702529100,1137.75,1137.75,1134.45,1135.7,312370
1702530000,1135.7,1135.9,1132.5,1134.5,321440
1702530900,1134.45,1135.5,1132.8,1133.4,199364
1702531800,1133.75,1134.3,1133.0,1134.25,141471
1702532700,1134.3,1135.5,1132.1,1132.55,212853
1702533600,1132.55,1132.95,1131.0,1132.8,126563
1702534500,1132.8,1132.85,1126.35,1127.8,299082
1702535400,1127.95,1128.35,1120.45,1121.9,698170
1702536300,1121.9,1123.0,1119.0,1122.8,248145
1702537200,1122.9,1124.7,1122.3,1123.85,123711
1702538100,1123.95,1124.4,1123.25,1124.15,119658
1702539000,1123.9,1124.4,1123.4,1123.6,140842
1702539900,1123.6,1123.95,1120.5,1123.25,297419
1702540800,1123.25,1124.0,1122.3,1123.85,187484
1702541700,1123.9,1126.55,1123.25,1125.5,216502
1702542600,1125.35,1125.5,1123.55,1124.5,194926
1702543500,1124.4,1124.8,1122.5,1123.85,182258
1702544400,1123.85,1123.9,1120.05,1121.25,312664
1702545300,1121.55,1121.7,1117.9,1119.45,326854
1702546200,1119.55,1121.45,1119.05,1119.8,776726
1702547100,1119.95,1122.95,1119.6,1122.55,992890
1702611900,1119.2,1122.95,1113.55,1113.8,1039289
1702612800,1113.7,1114.85,1110.7,1111.4,563707
1702613700,1111.4,1113.2,1108.6,1111.55,406809
1702614600,1111.55,1112.3,1110.45,1111.0,431268
1702615500,1111.0,1115.35,1110.5,1114.6,376278
1702616400,1114.65,1114.75,1112.8,1113.35,236129
1702617300,1113.15,1113.5,1110.7,1113.2,235664
1702618200,1113.2,1114.35,1111.1,1113.45,159606
1702619100,1113.45,1115.35,1113.4,1113.75,182451
1702620000,1113.75,1116.65,1113.4,1114.85,202843
1702620900,1114.8,1114.9,1113.8,1114.3,150138
1702621800,1114.25,1115.7,1113.8,1114.05,233086
1702622700,1114.05,1114.95,1113.4,1114.3,213176
1702623600,1114.3,1127.85,1114.2,1123.5,769649
1702624500,1123.5,1123.5,1118.75,1119.35,452264
1702625400,1119.5,1120.7,1118.85,1119.65,262886
1702626300,1119.65,1120.85,1116.1,1116.45,427750
1702627200,1116.5,1117.6,1114.0,1116.8,319432
1702628100,1116.8,1118.5,1115.5,1118.2,303130
1702629000,1118.1,1119.6,1117.2,1119.05,367417
1702629900,1119.05,1120.9,1118.85,1119.2,282074
1702630800,1119.2,1119.85,1117.75,1119.1,317474
1702631700,1119.1,1121.8,1118.5,1121.35,473231
1702632600,1121.3,1122.4,1118.6,1120.85,1757189
1702633500,1120.95,1121.9,1117.4,1119.0,1884559
1702871100,1119.7,1119.7,1107.4,1114.95,794714
1702872000,1115.0,1115.45,1111.35,1112.4,412799
1702872900,1112.6,1112.95,1109.6,1111.65,315123
1702873800,1111.8,1114.4,1111.8,1114.3,330706
1702874700,1114.3,1117.25,1113.25,1115.7,421988
1702875600,1115.7,1116.15,1112.6,1114.0,282670
1702876500,1113.7,1115.5,1112.45,1114.0,208294
1702877400,1113.9,1116.5,1113.9,1115.5,182854
1702878300,1115.5,1116.0,1113.0,1115.1,195592
1702879200,1115.1,1120.0,1115.1,1118.0,299361
1702880100,1118.0,1118.95,1116.75,1116.9,202201
1702881000,1116.9,1119.55,1116.8,1119.2,233692
1702881900,1119.25,1119.25,1115.9,1116.5,331005
1702882800,1116.5,1118.0,1116.45,1117.0,241977
1702883700,1117.0,1118.05,1115.7,1115.7,227432
1702884600,1115.7,1116.15,1112.05,1113.15,307994
1702885500,1113.15,1114.35,1112.9,1114.05,224230
1702886400,1114.05,1114.05,1112.5,1112.75,225618
1702887300,1112.8,1114.15,1112.7,1113.25,215770
1702888200,1113.25,1116.0,1113.2,1115.35,314932
1702889100,1115.25,1115.45,1113.35,1115.05,265776
1702890000,1115.05,1116.5,1112.25,1112.3,273995
1702890900,1112.3,1115.1,1112.0,1112.4,369304
1702891800,1112.4,1113.35,1110.65,1110.85,559861
1702892700,1110.85,1112.4,1108.8,1111.0,483164
1702957500,1123.8,1123.8,1114.2,1117.6,880945
1702958400,1117.7,1119.45,1116.0,1117.0,267401
1702959300,1116.9,1120.9,1116.6,1120.9,193973
1702960200,1120.8,1122.4,1118.35,1120.2,229424
1702961100,1120.2,1124.05,1120.2,1122.2,246683
1702962000,1122.2,1124.7,1121.55,1123.05,215640
1702962900,1123.05,1125.35,1122.9,1124.6,177670
1702963800,1124.6,1125.5,1118.4,1118.7,351709
1702964700,1118.7,1119.8,1116.25,1118.15,353485
1702965600,1118.15,1120.0,1116.9,1119.45,202099
1702966500,1119.45,1122.0,1119.35,1119.7,193155
1702967400,1119.85,1120.05,1118.2,1118.2,157153
1702968300,1118.2,1119.0,1117.0,1117.05,180497
1702969200,1117.05,1118.95,1116.45,1117.5,147666
1702970100,1117.5,1119.3,1116.25,1119.05,167064
1702971000,1119.0,1119.05,1117.5,1118.45,101138
1702971900,1118.45,1119.3,1117.8,1118.95,135897
1702972800,1118.95,1120.65,1118.85,1120.35,187541
1702973700,1120.3,1122.5,1120.25,1121.75,202048
1702974600,1121.75,1125.1,1121.55,1124.05,428061
1702975500,1124.05,1126.75,1123.6,1124.2,326520
1702976400,1124.1,1124.85,1121.65,1122.4,211731
1702977300,1122.4,1123.0,1119.5,1119.6,338610
1702978200,1120.05,1121.0,1118.6,1119.75,524187
1702979100,1119.75,1121.0,1118.1,1118.1,403756
1703043900,1122.0,1123.85,1117.55,1117.85,564287
1703044800,1117.9,1119.85,1116.3,1118.3,394063
1703045700,1118.1,1118.25,1115.55,1116.55,310818
1703046600,1116.75,1117.0,1113.2,1114.3,695136
1703047500,1114.3,1115.85,1113.25,1113.45,489206
1703048400,1113.4,1114.2,1112.55,1113.8,239348
1703049300,1113.8,1114.55,1112.65,1113.75,188086
1703050200,1113.75,1114.15,1111.3,1111.3,171347
1703051100,1111.3,1113.8,1110.85,1113.65,203365
1703052000,1113.65,1113.75,1112.2,1112.6,150586
1703052900,1112.6,1113.35,1112.25,1112.9,118806
1703053800,1112.9,1113.9,1112.2,1112.85,92930
1703054700,1112.85,1113.6,1112.0,1113.2,100595
1703055600,1113.15,1113.75,1112.55,1113.45,169207
1703056500,1113.45,1114.35,1112.85,1113.3,173119
1703057400,1113.05,1113.4,1111.45,1112.95,208469
1703058300,1113.05,1113.7,1102.7,1108.2,693996
1703059200,1107.95,1113.0,1105.75,1110.7,342531
1703060100,1110.7,1112.95,1109.25,1112.2,216083
1703061000,1112.15,1113.4,1109.65,1111.15,271525
1703061900,1111.15,1115.0,1110.15,1111.8,262522
1703062800,1112.0,1112.55,1106.15,1108.25,370777
1703063700,1108.25,1112.8,1105.0,1109.25,780651
1703064600,1108.95,1112.5,1107.45,1109.95,1448383
1703065500,1109.95,1114.25,1105.25,1107.0,1190007
1703130300,1103.9,1103.9,1080.1,1081.75,1428257
1703131200,1082.0,1085.95,1077.75,1084.15,490313
1703132100,1084.1,1085.5,1079.95,1082.0,383096
1703133000,1081.8,1084.2,1081.05,1081.85,854069
1703133900,1081.9,1084.75,1081.0,1081.1,505563
1703134800,1081.1,1083.75,1077.3,1083.55,561307
1703135700,1083.5,1084.9,1082.65,1083.9,371718
1703136600,1083.9,1088.85,1083.35,1084.2,411368
1703137500,1084.2,1084.2,1080.65,1081.5,189409
1703138400,1081.65,1084.0,1081.3,1082.85,104577
1703139300,1082.45,1084.0,1082.1,1082.3,143625
1703140200,1082.3,1084.0,1081.55,1082.1,262983
1703141100,1082.1,1085.85,1081.65,1085.8,173233
1703142000,1085.8,1092.7,1085.2,1091.2,543227
1703142900,1090.7,1091.1,1086.95,1087.4,369423
1703143800,1087.15,1087.4,1082.6,1086.5,304028
1703144700,1086.5,1086.5,1084.0,1085.45,250585
1703145600,1085.6,1086.9,1083.0,1085.35,319451
1703146500,1085.6,1087.6,1083.1,1085.0,245959
1703147400,1085.5,1085.5,1080.1,1082.9,301641
1703148300,1082.9,1084.8,1081.9,1084.7,202273
1703149200,1084.5,1092.95,1083.95,1090.5,583595
1703150100,1090.6,1095.0,1090.1,1091.25,453747
1703151000,1091.5,1097.6,1090.0,1097.3,654740
1703151900,1097.35,1100.0,1093.55,1097.5,806252
1703216700,1095.4,1101.35,1089.0,1094.6,723405
1703217600,1094.6,1098.0,1093.05,1094.75,425302
1703218500,1094.75,1097.5,1094.35,1097.3,419820
1703219400,1097.3,1106.05,1096.55,1102.65,895759
1703220300,1102.65,1102.95,1096.05,1098.9,333675
1703221200,1098.8,1099.95,1097.0,1097.85,358432
1703222100,1097.85,1105.0,1097.1,1105.0,416239
1703223000,1105.0,1105.65,1100.45,1102.05,741752
1703223900,1102.05,1105.0,1101.45,1103.25,198205
1703224800,1103.05,1103.45,1100.1,1101.0,167930
1703225700,1101.0,1101.15,1098.9,1100.15,101205
1703226600,1100.15,1100.8,1098.7,1099.05,315147
1703227500,1099.35,1099.75,1095.0,1098.4,320527
1703228400,1098.4,1098.4,1095.45,1096.95,282545
1703229300,1096.95,1102.65,1096.85,1100.35,255180
1703230200,1100.3,1100.6,1096.75,1097.2,262086
1703231100,1097.2,1098.0,1094.15,1095.25,367082
1703232000,1095.65,1096.65,1090.2,1092.25,385528
1703232900,1092.25,1093.6,1088.5,1092.3,365519
1703233800,1092.3,1094.1,1091.5,1093.1,267611
1703234700,1093.4,1095.0,1092.15,1092.2,253782
1703235600,1092.25,1094.9,1090.5,1094.15,899074
1703236500,1094.55,1095.25,1091.5,1093.1,779162
1703237400,1093.15,1093.4,1085.9,1088.3,606325
1703238300,1088.35,1089.5,1085.85,1087.0,458053
1703562300,1091.2,1094.1,1086.7,1090.4,391031
1703563200,1090.4,1090.9,1087.05,1089.55,321713
1703564100,1089.55,1093.7,1088.65,1092.75,240835
1703565000,1092.75,1092.75,1090.2,1091.2,303492
1703565900,1091.2,1100.55,1091.2,1098.2,520617
1703566800,1098.15,1100.2,1097.2,1099.6,336329
1703567700,1099.5,1100.25,1095.65,1098.15,401360
1703568600,1098.0,1099.95,1097.6,1098.35,116827
1703569500,1098.35,1099.0,1097.05,1097.4,123164
1703570400,1097.4,1100.25,1097.05,1099.75,126135
1703571300,1099.75,1100.0,1097.0,1097.5,233757
1703572200,1097.5,1098.0,1096.85,1097.25,129025
1703573100,1097.25,1100.25,1097.15,1099.4,148353
1703574000,1099.4,1100.65,1098.0,1098.05,197839
1703574900,1098.05,1098.2,1097.0,1097.75,103954
1703575800,1097.75,1098.4,1096.55,1097.0,128868
1703576700,1097.0,1097.95,1093.9,1095.5,164397
1703577600,1095.5,1095.95,1094.4,1095.4,78209
1703578500,1095.35,1096.3,1094.05,1095.85,102514
1703579400,1095.8,1096.3,1094.05,1094.55,84717
1703580300,1094.55,1097.0,1093.95,1095.2,379780
1703581200,1095.2,1096.35,1093.4,1094.2,139519
1703582100,1094.1,1095.55,1092.2,1093.2,102439
1703583000,1092.8,1094.95,1092.3,1094.95,361331
1703583900,1095.0,1095.9,1093.45,1095.1,451212
1703648700,1096.05,1101.55,1095.0,1095.7,249824
1703649600,1095.8,1097.0,1093.7,1096.45,130458
1703650500,1096.45,1097.0,1095.2,1096.9,89600
1703651400,1096.9,1098.6,1096.0,1097.55,151445
1703652300,1097.55,1099.6,1097.1,1098.95,378875
1703653200,1098.95,1099.95,1098.55,1099.95,222426
1703654100,1099.95,1101.0,1097.2,1097.2,220559
1703655000,1097.25,1097.35,1095.5,1096.45,165847
1703655900,1096.45,1097.55,1095.65,1096.3,204346
1703656800,1096.3,1097.0,1094.5,1094.5,101259
1703657700,1094.5,1095.6,1092.3,1094.35,347811
1703658600,1094.35,1098.5,1094.15,1097.45,305835
1703659500,1097.55,1097.65,1093.65,1094.35,242131
1703660400,1094.35,1095.35,1091.85,1094.2,197861
1703661300,1094.15,1096.3,1093.3,1095.25,124018
1703662200,1095.25,1095.5,1092.5,1093.85,115266
1703663100,1093.7,1094.65,1092.5,1093.45,94438
1703664000,1093.1,1094.15,1089.7,1092.35,113129
1703664900,1092.15,1094.45,1091.05,1094.1,98477
1703665800,1093.75,1095.3,1093.45,1095.0,120132
1703666700,1094.95,1095.95,1093.4,1094.65,220152
1703667600,1094.65,1099.75,1093.7,1099.7,231336
1703668500,1099.65,1102.65,1098.55,1101.25,637744
1703669400,1101.4,1110.25,1101.2,1107.25,769998
1703670300,1107.25,1108.0,1102.8,1105.15,599244
1703735100,1107.25,1109.75,1102.35,1105.95,839566
1703736000,1106.15,1109.95,1103.75,1109.5,347278
1703736900,1109.4,1112.95,1105.5,1107.75,398921
1703737800,1107.75,1108.0,1099.2,1101.0,499348
1703738700,1101.3,1101.65,1099.8,1101.0,173387
1703739600,1101.2,1101.85,1098.0,1100.15,147720
1703740500,1099.9,1103.45,1099.75,1101.65,191394
1703741400,1101.65,1105.8,1100.8,1104.25,243557
1703742300,1104.0,1105.75,1103.4,1104.65,189780
1703743200,1104.65,1105.0,1103.8,1104.25,199960
1703744100,1104.25,1106.95,1104.0,1106.5,192657
1703745000,1106.3,1107.4,1104.45,1105.55,239011
1703745900,1105.65,1107.4,1104.15,1105.6,780753
1703746800,1106.0,1106.95,1105.0,1105.85,181558
1703747700,1105.85,1109.15,1105.45,1107.25,1318007
1703748600,1107.25,1109.7,1106.7,1107.3,326733
1703749500,1107.3,1109.9,1106.85,1109.55,260708
1703750400,1109.3,1109.9,1108.05,1108.45,293834
1703751300,1108.45,1110.0,1107.95,1108.95,406991
1703752200,1108.95,1110.2,1108.5,1108.65,425699
1703753100,1108.65,1110.25,1108.4,1109.05,461793
1703754000,1109.05,1110.0,1107.15,1108.95,503650
1703754900,1108.95,1109.95,1106.6,1107.75,712009
1703755800,1108.2,1109.8,1105.75,1108.65,3135381
1703756700,1108.7,1109.45,1104.15,1105.45,1623515
1703821500,1101.45,1106.85,1101.1,1103.55,449724
1703822400,1103.6,1103.9,1101.05,1102.45,134169
1703823300,1102.45,1103.85,1102.1,1102.8,106881
1703824200,1102.8,1103.05,1099.8,1101.2,2163607
1703825100,1101.6,1104.3,1100.0,1102.5,721196
1703826000,1102.45,1103.5,1102.0,1102.7,130760
1703826900,1102.7,1103.25,1100.7,1101.4,127119
1703827800,1101.0,1101.5,1099.0,1099.1,106387
1703828700,1099.3,1101.5,1099.0,1099.8,98869
1703829600,1099.85,1100.55,1097.2,1097.5,94425
1703830500,1097.45,1099.2,1097.2,1098.75,109424
1703831400,1098.7,1100.0,1098.25,1099.5,113989
1703832300,1099.5,1100.35,1099.05,1099.4,108174
1703833200,1099.1,1099.85,1097.8,1099.35,182458
1703834100,1099.8,1100.4,1099.3,1100.1,172953
1703835000,1100.15,1100.45,1098.95,1099.65,274673
1703835900,1099.65,1099.75,1096.5,1096.75,198585
1703836800,1096.75,1097.25,1094.0,1095.4,212514
1703837700,1095.45,1096.9,1094.15,1095.55,182882
1703838600,1095.55,1096.5,1093.95,1094.7,260663
1703839500,1094.7,1097.0,1094.1,1096.95,172017
1703840400,1096.9,1100.45,1096.45,1099.05,227348
1703841300,1099.05,1103.0,1098.3,1101.45,325985
1703842200,1101.65,1105.35,1101.0,1101.2,1177444
1703843100,1101.2,1102.85,1099.0,1100.1,934305
1704080700,1095.0,1099.1,1093.65,1098.0,378903
1704081600,1097.65,1100.55,1097.1,1098.2,98418
1704082500,1098.2,1100.9,1098.0,1100.0,93861
1704083400,1100.1,1101.6,1099.9,1100.95,65401
1704084300,1100.95,1101.6,1100.0,1100.55,62738
1704085200,1100.9,1103.45,1100.15,1102.25,232350
1704086100,1102.45,1103.0,1101.15,1101.85,85687
1704087000,1101.85,1103.6,1101.5,1102.0,99709
1704087900,1102.0,1103.35,1100.15,1103.05,173844
1704088800,1103.05,1104.0,1102.05,1102.75,70880
1704089700,1102.75,1103.7,1102.0,1102.25,49192
1704090600,1102.55,1103.15,1101.15,1102.2,100262
1704091500,1102.5,1102.5,1100.35,1101.05,165071
1704092400,1101.05,1101.5,1099.75,1100.0,102115
1704093300,1100.05,1101.0,1099.6,1099.95,74433
1704094200,1099.9,1100.65,1099.25,1099.8,67616
1704095100,1099.8,1100.0,1099.25,1099.4,64169
1704096000,1099.55,1100.8,1099.15,1099.7,91669
1704096900,1099.7,1100.3,1098.75,1099.8,79567
1704097800,1099.8,1101.1,1099.0,1100.3,120896
1704098700,1100.35,1102.5,1100.05,1100.4,362236
1704099600,1100.55,1101.55,1099.5,1100.55,257724
1704100500,1100.45,1101.0,1099.2,1100.35,288066
1704101400,1100.35,1101.2,1095.0,1098.2,592479
1704102300,1098.2,1098.95,1093.0,1095.0,306085
1704167100,1095.1,1099.35,1091.05,1098.55,321682
1704168000,1098.5,1098.9,1095.7,1097.15,135037
1704168900,1097.15,1097.65,1088.7,1090.55,459277
1704169800,1090.5,1093.7,1089.0,1091.5,173112
1704170700,1091.35,1093.8,1089.5,1092.9,240835
1704171600,1092.75,1095.0,1088.45,1090.05,972059
1704172500,1090.05,1094.0,1089.4,1091.75,632673
1704173400,1091.7,1092.95,1090.45,1091.65,137688
1704174300,1091.65,1092.25,1088.0,1088.2,517225
1704175200,1088.3,1093.75,1087.9,1088.75,152431
1704176100,1088.75,1089.95,1088.15,1088.75,68016
1704177000,1088.55,1090.55,1088.05,1088.15,160078
1704177900,1088.1,1088.35,1086.7,1087.75,157834
1704178800,1087.75,1088.3,1087.6,1088.1,225956
1704179700,1088.1,1088.1,1084.25,1084.7,95242
1704180600,1084.8,1085.0,1082.3,1083.45,113563
1704181500,1083.45,1085.9,1083.45,1085.25,87622
1704182400,1085.3,1087.65,1085.3,1086.65,145044
1704183300,1086.65,1089.4,1086.3,1088.95,188574
1704184200,1089.0,1091.5,1088.95,1090.15,238972
1704185100,1090.1,1090.6,1089.0,1090.45,155417
1704186000,1090.45,1093.25,1089.3,1092.5,195312
1704186900,1092.55,1094.5,1092.55,1094.0,294351
1704187800,1094.3,1095.15,1092.0,1093.9,1164100
1704188700,1094.3,1095.0,1089.0,1089.55,861424
1704253500,1091.0,1093.5,1082.45,1086.15,956974
1704254400,1086.15,1086.9,1081.3,1081.8,1328340
1704255300,1081.8,1090.8,1081.5,1090.65,261314
1704256200,1090.6,1092.5,1089.3,1092.5,329594
1704257100,1092.2,1096.65,1091.75,1095.85,461174
1704258000,1096.0,1099.0,1095.5,1096.75,631315
1704258900,1096.85,1097.4,1094.0,1094.2,313430
1704259800,1094.2,1097.3,1093.95,1094.5,100832
1704260700,1094.5,1097.55,1093.55,1096.1,142072
1704261600,1096.1,1098.75,1095.5,1097.65,192550
1704262500,1097.7,1097.9,1091.65,1094.85,694819
1704263400,1094.85,1095.65,1094.3,1095.15,260893
1704264300,1095.1,1095.6,1090.7,1091.7,292705
1704265200,1091.9,1095.7,1091.25,1095.2,146287
1704266100,1095.2,1098.95,1093.75,1098.1,175771
1704267000,1097.55,1099.0,1096.35,1097.4,216470
1704267900,1097.4,1098.1,1096.1,1097.9,229985
1704268800,1097.5,1098.95,1095.8,1096.0,290990
1704269700,1095.95,1097.15,1095.0,1095.15,198127
1704270600,1095.15,1098.1,1095.05,1096.8,145740
1704271500,1096.7,1097.45,1095.6,1096.45,169656
1704272400,1096.5,1097.95,1096.35,1096.5,275124
1704273300,1096.5,1097.9,1095.75,1097.15,253573
1704274200,1097.15,1101.35,1096.0,1099.0,1055132
1704275100,1098.85,1102.6,1096.85,1098.0,1102303
1704339900,1103.0,1109.4,1100.05,1108.5,1749807
1704340800,1108.6,1114.0,1107.8,1113.5,411463
1704341700,1113.45,1114.9,1112.0,1114.25,196089
1704342600,1114.25,1116.9,1113.6,1116.2,323723
1704343500,1116.05,1117.25,1114.0,1114.95,296702
1704344400,1114.8,1116.4,1114.8,1115.95,159864
1704345300,1115.95,1116.4,1113.95,1115.05,164432
1704346200,1115.05,1121.0,1114.85,1119.65,415085
1704347100,1119.3,1123.0,1119.25,1121.85,328640
1704348000,1121.95,1126.5,1121.6,1123.25,1494682
1704348900,1123.25,1125.5,1121.8,1124.8,397258
1704349800,1124.75,1125.65,1123.05,1124.8,307828
1704350700,1124.8,1127.1,1124.65,1126.05,218920
1704351600,1126.05,1126.7,1125.05,1126.05,208744
1704352500,1126.05,1128.35,1126.0,1127.5,238488
1704353400,1127.5,1130.0,1127.5,1129.5,429926
1704354300,1129.55,1130.0,1127.65,1128.35,404029
1704355200,1127.95,1128.8,1126.0,1126.2,409323
1704356100,1126.2,1127.35,1121.55,1122.6,882029
1704357000,1122.6,1123.3,1120.0,1122.15,273320
1704357900,1122.2,1122.65,1119.55,1120.7,233187
1704358800,1120.7,1122.6,1119.8,1121.35,224968
1704359700,1121.4,1122.2,1120.0,1120.4,246907
1704360600,1120.95,1124.0,1119.6,1123.35,658630
1704361500,1123.25,1127.6,1122.95,1125.0,737022
1704426300,1124.0,1131.05,1119.0,1129.8,680808
1704427200,1129.8,1132.0,1129.05,1131.5,295961
1704428100,1131.5,1132.0,1129.05,1131.5,158998
1704429000,1131.5,1131.55,1129.0,1129.35,142334
1704429900,1129.35,1130.5,1127.0,1130.5,343035
1704430800,1130.5,1131.75,1128.25,1129.8,273049
1704431700,1129.8,1130.15,1127.15,1129.7,460856
1704432600,1129.7,1130.85,1129.35,1130.0,140893
1704433500,1130.0,1130.05,1128.5,1129.5,321368
1704434400,1129.5,1130.5,1128.85,1129.65,298919
1704435300,1129.7,1133.85,1129.45,1133.35,213851
1704436200,1133.35,1136.65,1132.2,1133.05,383665
1704437100,1133.05,1135.55,1132.9,1135.05,191470
1704438000,1135.05,1135.1,1130.0,1130.8,256036
1704438900,1130.8,1132.75,1130.5,1131.2,162241
1704439800,1131.55,1132.1,1129.95,1131.35,206095
1704440700,1131.2,1131.55,1129.55,1130.3,182667
1704441600,1130.3,1130.55,1127.45,1129.45,224491
1704442500,1129.55,1131.8,1128.75,1131.4,175384
1704443400,1131.3,1131.65,1127.0,1128.55,422354
1704444300,1128.25,1130.0,1125.25,1129.0,528061
1704445200,1129.0,1130.0,1127.35,1128.95,239494
1704446100,1129.05,1138.85,1128.25,1137.1,466439
1704447000,1137.5,1139.9,1135.45,1137.65,499229
1704447900,1137.3,1138.0,1134.05,1134.3,756832
1704685500,1145.0,1146.0,1135.95,1136.7,674443
1704686400,1136.7,1141.05,1135.8,1140.3,181813
1704687300,1140.3,1141.0,1137.4,1137.8,140471
1704688200,1137.5,1139.6,1136.55,1139.0,123884
1704689100,1139.0,1142.0,1137.05,1141.9,129253
1704690000,1141.9,1145.0,1140.65,1140.65,290113
1704690900,1140.65,1141.7,1138.0,1138.5,163117
1704691800,1138.5,1139.05,1134.05,1134.5,231488
1704692700,1134.5,1136.05,1133.0,1135.15,133914
1704693600,1135.15,1136.55,1134.0,1134.35,88336
1704694500,1134.35,1134.6,1131.85,1132.75,84893
1704695400,1132.75,1134.45,1130.8,1131.0,72097
1704696300,1131.0,1133.0,1130.55,1131.0,68543
1704697200,1130.7,1132.45,1130.2,1132.1,85172
1704698100,1132.0,1132.4,1130.5,1131.0,45131
1704699000,1131.0,1131.6,1129.9,1131.1,62614
1704699900,1131.1,1131.3,1128.2,1128.2,85411
1704700800,1128.2,1130.0,1128.15,1128.75,111758
1704701700,1128.75,1130.35,1128.4,1130.0,100842
1704702600,1130.0,1133.4,1129.9,1132.5,105750
1704703500,1132.35,1132.5,1121.2,1122.75,376002
1704704400,1122.75,1123.6,1119.45,1120.0,155691
1704705300,1120.45,1122.75,1118.5,1118.5,220170
1704706200,1118.95,1123.45,1118.7,1122.8,545419
1704707100,1122.8,1124.45,1120.45,1122.0,459092
1704771900,1128.55,1132.4,1125.35,1132.15,340555
1704772800,1132.0,1132.05,1127.75,1127.75,209742
1704773700,1127.9,1130.0,1127.0,1128.2,106297
1704774600,1128.15,1128.7,1124.55,1126.55,91419
1704775500,1126.65,1133.0,1126.6,1133.0,192158
1704776400,1133.0,1133.0,1130.35,1131.4,94236
1704777300,1131.4,1131.6,1128.6,1130.1,71803
1704778200,1130.15,1131.2,1129.5,1130.9,152352
1704779100,1130.95,1132.6,1127.65,1129.4,120263
1704780000,1129.4,1129.75,1127.05,1128.75,127597
1704780900,1128.75,1129.6,1125.6,1128.0,119677
1704781800,1127.95,1128.35,1125.65,1126.65,97871
1704782700,1126.65,1129.0,1126.5,1128.5,98597
1704783600,1128.55,1130.75,1128.0,1128.95,194825
1704784500,1128.95,1130.95,1128.55,1130.8,160473
1704785400,1130.8,1132.5,1129.75,1132.05,96520
1704786300,1132.15,1133.5,1131.1,1132.75,124181
1704787200,1132.8,1134.9,1132.55,1133.3,184875
1704788100,1133.3,1134.0,1131.1,1133.65,405264
1704789000,1133.65,1135.55,1128.5,1129.4,213030
1704789900,1129.4,1129.45,1116.45,1117.8,992695
1704790800,1117.85,1123.0,1113.25,1115.25,410626
1704791700,1115.25,1119.0,1112.35,1115.55,356963
1704792600,1115.35,1118.75,1114.4,1118.1,879652
1704793500,1118.25,1120.0,1113.25,1118.8,517487
1704771900,1128.55,1132.4,1125.35,1132.15,340555
1704772800,1132.0,1132.05,1127.75,1127.75,209742
1704773700,1127.9,1130.0,1127.0,1128.2,106297
1704774600,1128.15,1128.7,1124.55,1126.55,91419
1704775500,1126.65,1133.0,1126.6,1133.0,192158
1704776400,1133.0,1133.0,1130.35,1131.4,94236
1704777300,1131.4,1131.6,1128.6,1130.1,71803
1704778200,1130.15,1131.2,1129.5,1130.9,152352
1704779100,1130.95,1132.6,1127.65,1129.4,120263
1704780000,1129.4,1129.75,1127.05,1128.75,127597
1704780900,1128.75,1129.6,1125.6,1128.0,119677
1704781800,1127.95,1128.35,1125.65,1126.65,97871
1704782700,1126.65,1129.0,1126.5,1128.5,98597
1704783600,1128.55,1130.75,1128.0,1128.95,194825
1704784500,1128.95,1130.95,1128.55,1130.8,160473
1704785400,1130.8,1132.5,1129.75,1132.05,96520
1704786300,1132.15,1133.5,1131.1,1132.75,124181
1704787200,1132.8,1134.9,1132.55,1133.3,184875
1704788100,1133.3,1134.0,1131.1,1133.65,405264
1704789000,1133.65,1135.55,1128.5,1129.4,213030
1704789900,1129.4,1129.45,1116.45,1117.8,992695
1704790800,1117.85,1123.0,1113.25,1115.25,410626
1704791700,1115.25,1119.0,1112.35,1115.55,356963
1704792600,1115.35,1118.75,1114.4,1118.1,879652
1704793500,1118.25,1120.0,1113.25,1118.8,517487
1704858300,1115.25,1116.0,1102.5,1103.8,884641
1704859200,1103.8,1109.0,1103.0,1108.55,252961
1704860100,1108.5,1109.65,1106.1,1108.35,186136
1704861000,1107.9,1113.0,1107.2,1112.7,164122
1704861900,1112.7,1115.0,1110.5,1112.85,153756
1704862800,1112.85,1113.7,1106.15,1106.5,169894
1704863700,1106.3,1107.9,1105.05,1106.0,179978
1704864600,1106.0,1106.3,1104.05,1105.45,126057
1704865500,1105.25,1106.3,1103.5,1105.15,126622
1704866400,1105.15,1107.0,1104.5,1106.0,83655
1704867300,1106.0,1106.0,1103.8,1104.95,111818
1704868200,1104.85,1105.85,1104.05,1104.3,86933
1704869100,1104.3,1105.0,1102.9,1104.8,87075
1704870000,1104.95,1105.0,1101.55,1102.3,177900
1704870900,1102.3,1104.75,1099.05,1102.3,133276
1704871800,1102.3,1103.0,1100.4,1101.15,92954
1704872700,1101.15,1102.0,1100.0,1100.45,116963
1704873600,1100.45,1102.95,1099.6,1102.5,442180
1704874500,1102.5,1105.45,1101.2,1104.6,150438
1704875400,1104.75,1106.6,1103.0,1105.2,368150
1704876300,1105.2,1106.85,1103.55,1104.55,120140
1704877200,1104.55,1107.75,1104.0,1104.85,216176
1704878100,1105.0,1106.9,1104.5,1105.4,212235
1704879000,1105.4,1107.3,1103.0,1106.0,615753
1704879900,1105.95,1111.3,1105.5,1106.95,674294
1704944700,1111.05,1125.05,1111.05,1123.35,397270
1704945600,1123.75,1124.5,1119.15,1120.0,176575
1704946500,1119.95,1123.0,1119.65,1121.0,131288
1704947400,1121.0,1121.05,1117.1,1117.8,99711
1704948300,1117.8,1122.55,1117.55,1122.1,124582
1704949200,1121.85,1122.9,1118.35,1118.65,88725
1704950100,1118.65,1120.0,1116.0,1119.5,85024
1704951000,1119.5,1119.65,1118.45,1119.4,58135
1704951900,1119.6,1120.0,1118.1,1118.15,81519
1704952800,1118.15,1119.7,1117.0,1119.2,88630
1704953700,1119.25,1120.0,1118.5,1118.8,95010
1704954600,1118.8,1119.0,1117.5,1117.8,90425
1704955500,1117.95,1121.5,1117.7,1121.15,121545
1704956400,1121.5,1124.2,1120.7,1124.2,117367
1704957300,1124.15,1126.8,1123.3,1125.7,199376
1704958200,1125.7,1125.9,1122.8,1123.9,142852
1704959100,1123.9,1124.05,1122.4,1123.25,109723
1704960000,1123.4,1123.5,1121.35,1123.3,131784
1704960900,1123.35,1123.45,1121.4,1123.05,154759
1704961800,1123.1,1125.35,1118.0,1119.6,294287
1704962700,1119.6,1124.0,1116.9,1123.6,330121
1704963600,1123.75,1125.5,1122.8,1124.8,245379
1704964500,1124.75,1127.9,1124.05,1126.05,292750
1704965400,1126.1,1127.2,1124.55,1125.4,526000
1704966300,1125.4,1126.3,1123.35,1125.0,497080
1705031100,1126.35,1129.45,1122.0,1124.45,266771
1705032000,1124.5,1125.1,1122.35,1124.45,124864
1705032900,1124.35,1124.85,1121.1,1121.1,132852
1705033800,1121.1,1123.85,1120.55,1123.0,160495
1705034700,1123.1,1123.6,1119.25,1119.8,220717
1705035600,1120.0,1122.95,1118.5,1122.3,201126
1705036500,1122.35,1126.1,1121.7,1123.3,193357
1705037400,1123.3,1124.2,1121.5,1121.75,122278
1705038300,1121.75,1123.0,1119.7,1123.0,142551
1705039200,1123.0,1124.35,1121.4,1122.2,204777
1705040100,1122.25,1123.55,1120.4,1120.55,152768
1705041000,1120.55,1121.7,1119.6,1121.05,114307
1705041900,1121.05,1122.9,1120.35,1122.7,205648
1705042800,1122.7,1123.45,1120.05,1121.35,163410
1705043700,1121.35,1124.85,1121.35,1123.0,139802
1705044600,1123.0,1123.25,1121.0,1121.7,85863
1705045500,1121.9,1122.65,1121.2,1122.05,81736
1705046400,1122.05,1126.0,1121.2,1124.55,209683
1705047300,1124.55,1125.55,1123.85,1124.6,139623
1705048200,1124.6,1126.9,1122.55,1124.15,405765
1705049100,1124.15,1124.45,1121.45,1122.1,164972
1705050000,1122.1,1126.0,1122.1,1124.35,290359
1705050900,1124.25,1125.0,1122.3,1123.55,223919
1705051800,1122.85,1125.0,1118.05,1119.45,568044
1705052700,1119.35,1121.9,1118.45,1119.05,900830
1705290300,1122.0,1130.45,1121.65,1127.1,580705
1705291200,1127.2,1130.35,1123.15,1125.2,647470
1705292100,1125.1,1126.3,1116.85,1117.2,577603
1705293000,1117.15,1121.2,1116.6,1120.55,264876
1705293900,1120.55,1121.6,1118.55,1121.3,196815
1705294800,1121.3,1123.75,1120.55,1121.6,252708
1705295700,1121.6,1122.05,1120.15,1121.45,141823
1705296600,1121.4,1121.55,1120.2,1121.35,107684
1705297500,1121.4,1121.4,1119.05,1119.95,111809
1705298400,1119.9,1120.0,1118.35,1120.0,93344
1705299300,1120.0,1120.95,1118.5,1120.0,111638
1705300200,1119.95,1120.5,1119.0,1119.75,82868
1705301100,1119.75,1120.6,1117.9,1119.8,338741
1705302000,1119.7,1120.45,1118.15,1119.15,215642
1705302900,1119.1,1120.0,1118.55,1119.55,121565
1705303800,1119.55,1121.6,1119.1,1120.65,183796
1705304700,1120.6,1121.3,1119.0,1120.05,125751
1705305600,1120.05,1121.8,1119.85,1120.45,126509
1705306500,1120.15,1121.2,1118.5,1119.95,219298
1705307400,1120.0,1121.0,1118.75,1120.4,149489
1705308300,1120.45,1121.0,1119.2,1119.85,163191
1705309200,1120.0,1120.0,1118.2,1118.6,145277
1705310100,1118.6,1120.05,1118.5,1119.3,179578
1705311000,1119.3,1121.7,1118.45,1119.7,658190
1705311900,1120.0,1120.65,1118.2,1120.5,922623
1705376700,1116.65,1125.85,1115.1,1124.3,466068
1705377600,1124.4,1127.35,1122.5,1126.3,223689
1705378500,1126.3,1127.8,1121.65,1123.15,299932
1705379400,1123.15,1125.25,1121.75,1124.0,56731
1705380300,1124.0,1124.2,1121.85,1123.0,256053
1705381200,1123.0,1124.5,1121.65,1123.75,256496
1705382100,1123.4,1124.4,1122.0,1123.9,186014
1705383000,1124.0,1125.55,1123.2,1123.5,108036
1705383900,1123.7,1123.7,1121.35,1122.9,59062
1705384800,1122.9,1123.4,1118.65,1120.0,106494
1705385700,1120.0,1120.85,1118.75,1120.5,111802
1705386600,1120.5,1120.7,1118.2,1120.0,126641
1705387500,1120.1,1121.3,1120.0,1121.0,119024
1705388400,1120.95,1122.75,1119.5,1121.45,88120
1705389300,1121.4,1123.1,1120.35,1121.0,99095
1705390200,1121.0,1123.15,1120.55,1123.05,236940
1705391100,1123.0,1123.25,1120.0,1121.6,351183
1705392000,1121.6,1124.2,1121.0,1123.8,292413
1705392900,1123.8,1125.0,1122.4,1123.75,162256
1705393800,1123.7,1125.0,1122.6,1124.4,120815
1705394700,1124.45,1124.7,1122.15,1122.6,138191
1705395600,1122.55,1123.0,1121.15,1122.2,109200
1705396500,1122.1,1122.4,1118.55,1119.3,419384
1705397400,1119.2,1119.95,1118.0,1118.05,324499
1705398300,1118.0,1120.5,1117.55,1120.2,511567
1705463100,1082.0,1115.0,1080.65,1100.3,3011679
1705464000,1100.3,1102.3,1093.1,1096.85,1044681
1705464900,1096.85,1099.3,1095.05,1098.2,1069658
1705465800,1098.0,1105.95,1097.4,1105.6,848601
1705466700,1105.95,1115.0,1105.0,1112.0,1558344
1705467600,1112.0,1113.7,1103.0,1106.8,1821649
1705468500,1107.15,1109.1,1099.2,1100.05,977581
1705469400,1100.15,1102.8,1097.85,1100.8,795683
1705470300,1100.8,1102.35,1098.8,1099.1,556305
1705471200,1099.4,1100.0,1093.15,1095.05,959338
1705472100,1095.05,1096.25,1091.2,1092.0,1388648
1705473000,1092.0,1092.9,1088.5,1092.55,850383
1705473900,1092.65,1096.15,1091.85,1092.05,741252
1705474800,1092.0,1095.0,1092.0,1094.05,548215
1705475700,1094.05,1095.0,1093.65,1094.65,331954
1705476600,1094.65,1095.7,1092.2,1092.65,417379
1705477500,1092.35,1093.45,1089.0,1089.2,450287
1705478400,1089.25,1090.0,1084.5,1087.4,1297152
1705479300,1087.3,1090.5,1086.35,1087.9,552580
1705480200,1087.9,1089.95,1086.3,1089.45,481309
1705481100,1089.5,1092.5,1087.75,1091.55,937320
1705482000,1091.4,1092.3,1085.0,1087.8,1054805
1705482900,1087.5,1088.35,1081.2,1083.05,455645
1705483800,1082.95,1084.65,1080.85,1081.1,1476352
1705484700,1081.2,1086.35,1079.2,1081.5,1286045
1705549500,1066.0,1093.55,1066.0,1092.35,1517462
1705550400,1092.35,1097.2,1090.75,1094.5,562084
1705551300,1094.15,1097.8,1086.85,1087.6,723980
1705552200,1087.65,1095.0,1086.55,1090.35,609865
1705553100,1090.4,1094.0,1088.8,1091.55,327607
1705554000,1091.5,1099.95,1091.0,1099.9,333242
1705554900,1099.9,1103.45,1099.9,1102.5,414889
1705555800,1102.5,1105.3,1101.9,1103.5,295301
1705556700,1103.65,1107.2,1102.7,1105.15,582269
1705557600,1105.15,1106.7,1104.1,1105.45,582209
1705558500,1105.55,1106.4,1103.15,1105.25,230567
1705559400,1105.25,1108.75,1104.7,1105.0,417789
1705560300,1105.05,1105.8,1104.3,1104.75,286097
1705561200,1104.75,1105.0,1097.65,1097.95,445432
1705562100,1097.9,1099.0,1093.5,1094.8,495751
1705563000,1094.75,1100.2,1094.1,1098.0,290932
1705563900,1098.0,1100.95,1096.65,1099.0,254911
1705564800,1099.0,1099.85,1093.8,1094.55,315244
1705565700,1094.55,1096.45,1093.9,1095.7,285969
1705566600,1095.7,1095.95,1092.6,1093.55,290826
1705567500,1093.5,1094.95,1091.0,1092.15,199668
1705568400,1092.45,1098.65,1091.0,1096.4,236174
1705569300,1096.4,1099.0,1095.15,1097.25,363639
1705570200,1097.25,1101.45,1095.6,1097.0,708172
1705571100,1097.1,1099.35,1093.25,1093.25,702098
1705635900,1107.15,1116.9,1105.0,1116.55,1411038
1705636800,1116.55,1121.8,1116.25,1120.95,649281
1705637700,1120.95,1121.3,1118.4,1120.6,510084
1705638600,1120.25,1126.3,1120.0,1125.6,1087295
1705639500,1125.15,1126.05,1125.0,1125.75,406440
1705640400,1125.75,1125.75,1123.85,1125.2,284397
1705641300,1125.2,1126.0,1124.4,1125.5,348070
1705642200,1125.3,1125.8,1122.0,1124.0,731864
1705643100,1124.0,1125.7,1122.95,1124.7,404093
1705644000,1124.7,1125.85,1122.0,1123.9,359601
1705644900,1123.9,1124.15,1120.5,1120.5,357609
1705645800,1120.5,1121.5,1117.05,1118.05,371862
1705646700,1118.1,1119.8,1117.05,1119.8,234246
1705647600,1119.7,1120.45,1115.05,1115.1,815251
1705648500,1115.1,1117.05,1113.6,1113.6,261371
1705649400,1113.6,1115.45,1112.7,1115.05,221659
1705650300,1114.85,1116.55,1110.8,1111.05,267804
1705651200,1111.1,1115.0,1111.0,1114.0,224495
1705652100,1113.9,1114.8,1112.1,1112.8,217495
1705653000,1112.55,1113.35,1110.65,1110.95,237012
1705653900,1110.9,1117.5,1110.55,1117.05,322190
1705654800,1117.0,1117.05,1113.8,1116.1,347982
1705655700,1116.1,1116.9,1114.0,1114.55,475749
1705656600,1114.3,1117.15,1111.95,1116.95,948316
1705657500,1116.95,1120.1,1116.0,1116.0,808220
1705722300,1121.0,1126.45,1115.9,1116.95,173088
1705723200,1116.75,1118.45,1110.6,1112.2,404173
1705724100,1112.3,1113.7,1110.0,1110.55,173252
1705725000,1110.75,1114.5,1109.1,1113.4,139018
1705725900,1113.4,1118.75,1113.3,1118.35,188761
1705726800,1118.35,1120.0,1116.2,1118.5,110747
1705727700,1118.5,1121.75,1117.9,1119.5,94386
1705728600,1119.1,1120.55,1117.55,1118.0,44108
1705729500,1118.0,1119.25,1115.65,1118.5,94630
1705730400,1118.5,1120.8,1117.65,1119.35,76017
1705731300,1119.35,1119.65,1115.7,1117.25,84034
1705732200,1117.25,1118.35,1116.65,1117.4,24496
1705733100,1117.4,1119.5,1116.1,1119.1,117312
1705734000,1119.1,1119.5,1102.8,1106.4,737465
1705734900,1105.95,1118.95,1103.55,1117.9,515517
1705735800,1117.9,1120.85,1114.6,1119.05,189800
1705736700,1119.05,1121.4,1116.25,1119.45,328199
1705737600,1119.45,1119.5,1115.2,1116.35,90035
1705738500,1116.3,1118.0,1113.9,1116.7,184735
1705739400,1116.7,1118.75,1115.3,1117.0,121703
1705740300,1117.0,1118.35,1114.2,1116.65,248177
1705741200,1116.65,1118.3,1115.0,1116.6,186175
1705742100,1116.6,1120.0,1116.0,1119.85,199229
1705743000,1119.9,1121.6,1116.85,1121.35,300847
1705743900,1121.35,1124.5,1118.1,1118.1,229440
1705981500,1125.9,1141.6,1121.0,1141.0,1684879
1705982400,1141.0,1141.15,1133.3,1134.9,1177011
1705983300,1134.85,1134.95,1122.05,1122.2,775597
1705984200,1122.4,1123.5,1118.6,1119.2,564262
1705985100,1119.2,1120.75,1112.25,1114.15,693171
1705986000,1114.15,1114.8,1105.35,1107.65,937239
1705986900,1107.65,1109.35,1104.15,1105.8,659233
1705987800,1105.85,1106.35,1102.85,1104.35,489261
1705988700,1104.4,1104.65,1099.7,1101.55,456215
1705989600,1101.55,1101.8,1089.85,1091.85,613244
1705990500,1091.9,1094.95,1089.35,1091.1,331245
1705991400,1091.15,1092.05,1086.3,1087.35,585730
1705992300,1087.65,1091.4,1085.35,1088.95,753232
1705993200,1088.95,1090.0,1082.05,1084.1,618593
1705994100,1084.25,1087.0,1082.8,1086.65,433543
1705995000,1086.55,1087.0,1083.75,1083.95,381842
1705995900,1084.05,1088.05,1083.3,1087.4,662975
1705996800,1087.45,1088.95,1078.8,1080.95,590897
1705997700,1080.9,1084.4,1080.05,1082.7,537560
1705998600,1082.7,1090.0,1082.0,1088.55,574761
1705999500,1088.85,1092.95,1087.75,1091.8,1084346
1706000400,1091.7,1093.4,1089.15,1092.15,478639
1706001300,1092.25,1097.15,1089.9,1090.3,733400
1706002200,1090.2,1093.05,1087.0,1090.8,1714744
1706003100,1090.95,1092.1,1081.4,1082.0,1390180
1706067900,1034.8,1056.95,1020.9,1043.5,4714478
1706068800,1043.55,1048.9,1037.05,1048.05,1487870
1706069700,1048.2,1062.95,1048.2,1061.85,1982295
1706070600,1061.6,1068.0,1054.95,1058.25,618287
1706071500,1058.25,1067.0,1057.15,1065.25,359825
1706072400,1065.7,1073.2,1064.5,1068.6,652598
1706073300,1068.6,1071.7,1064.6,1069.95,403706
1706074200,1069.9,1071.75,1067.0,1067.35,301411
1706075100,1067.3,1068.0,1057.15,1058.85,545160
1706076000,1059.0,1065.2,1057.2,1064.75,418071
1706076900,1064.75,1065.3,1056.0,1056.2,385987
1706077800,1056.6,1057.7,1044.35,1044.35,515646
1706078700,1044.35,1048.95,1038.55,1041.1,395874
1706079600,1041.05,1043.05,1033.75,1034.0,394068
1706080500,1033.95,1045.2,1033.65,1045.15,606384
1706081400,1045.0,1050.5,1043.75,1045.65,556464
1706082300,1045.7,1049.65,1041.6,1048.3,566065
1706083200,1048.25,1049.15,1042.35,1044.2,560571
1706084100,1044.15,1046.5,1040.0,1042.0,479197
1706085000,1042.0,1049.3,1042.0,1047.65,549353
1706085900,1047.75,1054.6,1046.2,1052.6,806155
1706086800,1052.5,1063.1,1051.0,1062.0,691603
1706087700,1062.2,1062.9,1053.95,1060.35,654901
1706088600,1060.25,1061.6,1056.8,1061.0,1247093
1706089500,1061.05,1061.95,1054.4,1059.55,989958
1706154300,1058.0,1063.7,1049.3,1052.15,1843521
1706155200,1052.1,1052.15,1041.05,1041.8,979874
1706156100,1041.2,1043.45,1037.2,1040.3,480778
1706157000,1040.05,1041.75,1038.65,1040.0,364964
1706157900,1040.1,1041.1,1033.45,1035.95,631916
1706158800,1035.95,1037.45,1031.15,1031.6,538136
1706159700,1031.6,1033.25,1029.3,1032.8,490665
1706160600,1032.8,1036.9,1030.75,1033.5,404558
1706161500,1033.55,1035.0,1030.0,1031.85,451217
1706162400,1032.2,1040.9,1031.8,1038.95,627204
1706163300,1038.95,1039.9,1033.1,1035.0,684796
1706164200,1035.2,1036.85,1032.5,1035.9,501259
1706165100,1035.9,1039.5,1034.1,1038.0,905514
1706166000,1038.0,1041.4,1036.7,1038.15,679527
1706166900,1038.15,1041.0,1028.05,1028.95,805453
1706167800,1028.85,1029.3,1025.8,1028.85,835643
1706168700,1028.65,1029.3,1026.85,1028.9,757620
1706169600,1028.9,1031.55,1027.7,1030.4,791990
1706170500,1030.45,1038.55,1029.85,1036.05,554303
1706171400,1036.05,1037.0,1030.15,1030.4,537138
1706172300,1030.35,1036.0,1029.55,1035.3,674036
1706173200,1035.3,1036.2,1027.2,1029.3,1068529
1706174100,1029.35,1031.5,1027.5,1028.85,659057
1706175000,1028.7,1047.15,1028.7,1044.0,3101360
1706175900,1044.25,1053.0,1044.25,1050.1,1465799
1706499900,1036.0,1061.0,1036.0,1059.95,1967333
1706500800,1060.1,1064.65,1056.05,1060.1,1082667
1706501700,1060.2,1063.1,1057.05,1062.1,1085905
1706502600,1061.6,1063.5,1059.8,1063.1,656791
1706503500,1063.1,1068.0,1060.75,1065.2,499068
1706504400,1065.35,1067.55,1063.55,1065.45,429322
1706505300,1065.45,1066.95,1062.5,1065.7,359191
1706506200,1065.95,1067.0,1064.45,1065.75,196478
1706507100,1065.75,1067.25,1060.0,1064.2,362322
1706508000,1063.85,1066.0,1056.9,1058.3,272126
1706508900,1058.75,1058.75,1057.0,1057.6,158642
1706509800,1057.8,1059.0,1056.0,1058.2,157820
1706510700,1058.5,1060.45,1055.15,1055.8,230229
1706511600,1055.8,1058.35,1055.4,1056.5,135659
1706512500,1056.55,1057.55,1055.5,1056.1,122838
1706513400,1056.1,1057.45,1052.0,1052.2,211214
1706514300,1052.55,1053.6,1048.9,1051.0,288228
1706515200,1050.85,1054.5,1049.35,1053.6,253942
1706516100,1053.95,1056.7,1053.5,1054.35,194229
1706517000,1054.35,1059.95,1054.05,1058.4,350881
1706517900,1058.6,1060.0,1056.3,1057.6,286436
1706518800,1057.6,1058.1,1055.35,1056.75,191816
1706519700,1056.75,1060.0,1053.7,1054.8,293392
1706520600,1054.8,1063.85,1051.15,1063.15,778889
1706521500,1063.15,1066.15,1058.9,1060.85,623029
1706586300,1060.05,1070.45,1060.05,1065.05,1199627
1706587200,1065.25,1069.15,1059.2,1061.95,549532
1706588100,1062.2,1062.55,1057.9,1059.65,336046
1706589000,1059.8,1061.4,1057.5,1060.0,319714
1706589900,1060.0,1061.35,1058.5,1059.65,258998
1706590800,1059.85,1064.95,1058.7,1061.5,309708
1706591700,1061.5,1063.7,1060.55,1063.6,214044
1706592600,1063.6,1065.0,1058.05,1059.8,289507
1706593500,1059.8,1060.4,1058.1,1059.0,192251
1706594400,1059.0,1059.2,1055.65,1055.7,169686
1706595300,1055.7,1059.35,1055.6,1059.15,186056
1706596200,1059.15,1059.35,1054.25,1054.5,229941
1706597100,1054.4,1055.55,1051.85,1054.6,268295
1706598000,1054.7,1055.5,1053.25,1053.65,197508
1706598900,1053.55,1056.6,1053.1,1055.35,162932
1706599800,1055.25,1056.9,1053.5,1055.15,214631
1706600700,1055.15,1056.6,1053.4,1055.7,226945
1706601600,1055.7,1058.0,1055.45,1056.7,175594
1706602500,1056.7,1057.25,1054.9,1055.25,260270
1706603400,1055.25,1057.3,1052.6,1056.8,401468
1706604300,1056.9,1057.7,1054.0,1055.45,462692
1706605200,1055.55,1055.95,1050.8,1053.4,724218
1706606100,1053.3,1056.5,1052.7,1053.25,480172
1706607000,1053.45,1055.85,1052.1,1054.2,842779
1706607900,1054.2,1057.0,1052.1,1053.5,754300
1706672700,1048.2,1051.9,1044.15,1049.25,882844
1706673600,1049.05,1058.0,1042.7,1056.5,609957
1706674500,1056.75,1058.95,1050.0,1050.25,414490
1706675400,1050.6,1064.4,1049.65,1062.75,592240
1706676300,1063.25,1065.0,1060.9,1064.6,426771
1706677200,1064.75,1075.0,1064.6,1073.85,824641
1706678100,1073.85,1077.9,1072.75,1074.0,366990
1706679000,1074.0,1077.65,1072.7,1075.8,331979
1706679900,1075.55,1079.85,1074.2,1079.2,243980
1706680800,1079.2,1082.5,1078.4,1080.9,360290
1706681700,1080.65,1081.95,1079.35,1080.55,190592
1706682600,1080.55,1084.1,1080.25,1080.85,293748
1706683500,1080.85,1081.7,1074.6,1076.7,412707
1706684400,1076.75,1077.75,1072.55,1074.25,355070
1706685300,1074.25,1077.7,1074.2,1076.5,261214
1706686200,1076.5,1079.6,1076.0,1079.2,406438
1706687100,1079.15,1082.0,1076.9,1077.85,438663
1706688000,1078.0,1081.05,1077.5,1079.45,232046
1706688900,1079.45,1081.0,1077.9,1080.55,244470
1706689800,1080.45,1080.7,1077.75,1079.3,289923
1706690700,1079.3,1079.7,1072.6,1073.6,396824
1706691600,1073.45,1073.75,1070.75,1072.3,422944
1706692500,1072.15,1072.45,1066.75,1067.65,538996
1706693400,1067.5,1069.45,1065.3,1068.55,1654626
1706694300,1068.55,1070.7,1065.65,1067.5,1407733
1706759100,1072.65,1073.9,1061.6,1064.6,687021
1706760000,1064.6,1064.85,1057.2,1061.0,315154
1706760900,1061.0,1063.2,1058.2,1062.45,293022
1706761800,1062.5,1063.9,1060.0,1060.7,264203
1706762700,1060.6,1063.35,1058.9,1062.7,200732
1706763600,1062.7,1067.0,1061.8,1064.8,195391
1706764500,1064.8,1065.1,1059.55,1062.5,381729
1706765400,1062.5,1064.45,1059.7,1063.5,198497
1706766300,1063.55,1063.55,1056.8,1062.95,162994
1706767200,1062.9,1064.3,1061.0,1062.1,94524
1706768100,1062.1,1066.1,1061.4,1064.55,394568
1706769000,1064.1,1075.75,1059.35,1074.9,653409
1706769900,1075.0,1077.65,1068.75,1070.0,331942
1706770800,1070.0,1073.15,1069.5,1071.25,176431
1706771700,1071.25,1078.9,1071.1,1074.55,315424
1706772600,1074.55,1077.0,1072.45,1075.6,177698
1706773500,1075.6,1079.7,1073.7,1077.85,246444
1706774400,1077.65,1078.8,1073.5,1076.5,305952
1706775300,1076.5,1079.5,1076.0,1076.45,689266
1706776200,1076.2,1078.9,1076.0,1077.7,431598
1706777100,1077.45,1079.7,1074.55,1079.65,353797
1706778000,1079.6,1081.35,1078.25,1079.1,407795
1706778900,1079.05,1082.0,1079.05,1080.3,346250
1706779800,1080.55,1087.65,1078.15,1084.75,1121022
1706780700,1085.0,1087.05,1083.45,1083.45,1011320
1706845500,1088.05,1088.8,1083.05,1083.65,662112
1706846400,1083.4,1084.85,1081.35,1084.05,240746
1706847300,1084.05,1087.0,1082.75,1084.0,227554
1706848200,1084.0,1086.5,1083.8,1086.05,191518
1706849100,1086.0,1088.0,1084.65,1086.55,207440
1706850000,1086.55,1086.55,1079.5,1081.1,173495
1706850900,1081.1,1082.0,1080.0,1080.25,124594
1706851800,1080.25,1084.5,1079.15,1082.7,204200
1706852700,1082.7,1086.0,1082.7,1084.2,228898
1706853600,1084.2,1096.2,1083.7,1092.9,537723
1706854500,1092.85,1093.1,1087.9,1090.0,200252
1706855400,1090.1,1091.3,1088.0,1088.25,119672
1706856300,1088.25,1089.8,1082.15,1083.0,420606
1706857200,1083.0,1083.6,1077.0,1082.6,517755
1706858100,1082.7,1083.15,1078.05,1078.05,279730
1706859000,1078.0,1081.0,1075.1,1075.3,336279
1706859900,1075.5,1079.5,1075.0,1078.5,325354
1706860800,1078.5,1079.3,1076.25,1076.7,226706
1706861700,1076.7,1078.2,1075.05,1076.3,416409
1706862600,1076.3,1077.0,1074.0,1074.75,247711
1706863500,1074.75,1075.0,1071.25,1072.35,377053
1706864400,1072.35,1075.4,1071.6,1072.85,379058
1706865300,1072.8,1074.25,1067.75,1069.05,521393
1706866200,1069.05,1071.55,1065.0,1066.05,832275
1706867100,1066.05,1068.4,1065.0,1067.7,668284
1707104700,1067.05,1078.85,1061.8,1076.15,1518813
1707105600,1075.35,1078.15,1068.8,1069.8,383889
1707106500,1069.75,1077.95,1069.0,1075.1,479224
1707107400,1075.25,1079.5,1071.2,1075.85,313514
1707108300,1075.8,1078.6,1073.6,1077.75,650747
1707109200,1077.65,1078.2,1074.35,1075.15,996422
1707110100,1075.15,1075.2,1069.05,1070.05,504679
1707111000,1070.05,1070.7,1063.95,1064.9,756265
1707111900,1064.75,1066.7,1064.2,1064.7,745728
1707112800,1064.7,1069.0,1064.6,1066.45,333621
1707113700,1066.45,1069.45,1065.8,1068.8,341456
1707114600,1068.8,1069.5,1064.1,1066.1,331607
1707115500,1066.1,1066.7,1064.7,1065.65,194327
1707116400,1065.65,1066.15,1064.4,1065.05,150481
1707117300,1065.05,1068.5,1064.2,1066.9,432113
1707118200,1066.9,1067.95,1064.9,1065.75,264821
1707119100,1065.75,1067.8,1065.2,1066.6,208444
1707120000,1066.3,1069.5,1065.6,1066.0,167093
1707120900,1066.3,1067.9,1065.6,1066.95,139452
1707121800,1066.95,1067.5,1064.4,1066.65,237979
1707122700,1066.65,1067.0,1065.0,1066.65,232494
1707123600,1066.75,1067.0,1062.45,1063.55,880770
1707124500,1063.55,1065.0,1061.45,1064.45,727273
1707125400,1064.25,1065.7,1060.2,1061.0,794593
1707126300,1061.0,1062.6,1058.0,1059.2,783589
1707191100,1061.55,1064.0,1052.35,1053.05,838689
1707192000,1053.3,1058.7,1052.8,1056.75,298106
1707192900,1056.75,1060.35,1056.15,1058.8,273589
1707193800,1058.8,1061.0,1057.5,1059.45,206077
1707194700,1059.35,1060.4,1056.4,1057.3,185714
1707195600,1057.15,1058.1,1053.05,1053.6,224278
1707196500,1053.6,1056.05,1052.85,1056.05,151933
1707197400,1056.05,1056.9,1054.45,1056.0,138376
1707198300,1055.9,1058.5,1055.0,1057.3,202567
1707199200,1057.35,1062.7,1056.6,1060.15,191488
1707200100,1060.15,1063.45,1058.0,1062.85,156622
1707201000,1062.85,1065.1,1060.0,1061.9,210904
1707201900,1061.8,1062.55,1055.25,1055.7,253276
1707202800,1055.7,1058.0,1055.0,1057.4,206832
1707203700,1057.4,1059.95,1055.4,1055.85,199227
1707204600,1055.85,1057.45,1055.15,1056.75,179166
1707205500,1056.6,1058.0,1055.45,1056.15,196687
1707206400,1056.15,1058.0,1053.1,1054.4,250020
1707207300,1054.4,1055.45,1052.0,1052.1,204101
1707208200,1052.1,1052.7,1049.55,1051.25,293178
1707209100,1051.4,1052.4,1050.1,1051.55,218696
1707210000,1051.55,1056.95,1051.35,1055.3,371176
1707210900,1055.4,1055.7,1051.55,1051.9,410559
1707211800,1052.0,1052.55,1049.05,1049.95,1183234
1707212700,1050.0,1053.0,1048.2,1053.0,966343
1707277500,1061.05,1072.6,1057.5,1070.4,1002312
1707278400,1070.55,1073.7,1066.1,1066.7,549672
1707279300,1067.0,1069.85,1064.9,1069.25,287258
1707280200,1069.25,1069.75,1065.55,1068.35,127302
1707281100,1068.3,1069.55,1067.4,1068.35,156558
1707282000,1068.8,1070.25,1066.65,1069.3,321174
1707282900,1069.6,1071.0,1067.55,1068.0,214856
1707283800,1067.9,1068.8,1067.2,1067.7,60046
1707284700,1068.0,1068.5,1067.0,1068.1,55792
1707285600,1068.1,1068.35,1061.0,1062.7,324864
1707286500,1062.65,1065.0,1061.6,1063.0,125111
1707287400,1063.05,1066.0,1062.15,1065.2,288097
1707288300,1065.15,1066.0,1063.0,1063.05,151911
1707289200,1063.0,1063.7,1060.3,1060.75,188702
1707290100,1060.65,1061.4,1057.6,1060.0,118268
1707291000,1059.95,1062.3,1059.1,1061.25,76592
1707291900,1060.95,1062.1,1059.55,1060.1,68348
1707292800,1060.15,1065.15,1060.0,1063.85,184371
1707293700,1063.85,1064.95,1062.05,1063.9,184482
1707294600,1063.9,1067.0,1063.3,1066.5,91045
1707295500,1066.5,1070.55,1065.5,1068.7,360939
1707296400,1068.45,1070.25,1067.9,1068.55,452177
1707297300,1068.55,1070.25,1066.1,1067.15,445159
1707298200,1067.0,1069.95,1065.7,1069.35,579985
1707299100,1069.3,1072.9,1067.45,1072.0,865780
1707363900,1072.0,1072.1,1066.75,1071.65,416874
1707364800,1071.25,1075.6,1069.45,1070.7,289026
1707365700,1070.75,1071.6,1068.0,1068.85,132499
1707366600,1068.85,1072.85,1065.25,1067.25,266487
1707367500,1067.3,1067.35,1062.3,1062.75,267886
1707368400,1063.2,1063.8,1053.65,1054.9,215890
1707369300,1054.6,1055.65,1046.45,1046.45,296927
1707370200,1046.45,1047.0,1037.05,1040.6,633936
1707371100,1040.7,1043.35,1038.65,1040.2,301724
1707372000,1040.2,1041.1,1036.0,1040.0,496510
1707372900,1040.0,1044.75,1039.5,1043.7,376397
1707373800,1043.75,1045.4,1042.4,1044.0,246375
1707374700,1044.05,1044.1,1039.65,1040.1,397070
1707375600,1040.1,1044.3,1039.3,1043.3,305309
1707376500,1043.2,1044.5,1042.95,1044.5,211357
1707377400,1044.5,1045.0,1041.3,1042.6,143889
1707378300,1042.6,1044.65,1040.4,1043.85,318296
1707379200,1043.95,1044.5,1040.9,1043.0,216100
1707380100,1043.1,1043.15,1037.3,1038.1,196919
1707381000,1038.1,1038.35,1032.2,1033.75,435129
1707381900,1033.7,1036.8,1032.35,1034.5,219874
1707382800,1034.7,1035.0,1031.65,1033.3,276623
1707383700,1033.1,1036.6,1033.1,1035.65,1092494
1707384600,1035.9,1037.15,1032.45,1035.9,1363408
1707385500,1036.3,1038.55,1035.0,1036.9,751413
1707450300,1039.95,1044.95,1034.55,1043.1,865456
1707451200,1043.35,1046.0,1038.25,1042.8,255475
1707452100,1042.5,1043.75,1039.9,1042.1,246561
1707453000,1042.05,1046.5,1041.0,1045.25,196804
1707453900,1045.25,1047.85,1043.75,1045.35,164507
1707454800,1045.35,1047.95,1044.3,1044.5,185877
1707455700,1044.55,1045.6,1042.0,1043.15,220198
1707456600,1043.15,1046.35,1041.5,1043.4,487578
1707457500,1043.3,1045.4,1042.1,1044.0,183078
1707458400,1044.0,1054.15,1043.85,1049.35,351160
1707459300,1049.0,1054.0,1048.7,1049.45,326538
1707460200,1049.45,1050.7,1047.85,1049.3,196620
1707461100,1049.3,1052.75,1048.5,1051.25,146169
1707462000,1051.5,1054.55,1048.7,1050.0,407243
1707462900,1050.0,1050.35,1042.95,1044.0,672026
1707463800,1044.0,1049.4,1042.3,1048.2,985880
1707464700,1048.2,1048.35,1043.6,1046.1,225654
1707465600,1046.1,1046.7,1042.55,1045.75,175276
1707466500,1045.75,1046.9,1044.65,1046.6,188279
1707467400,1046.65,1047.0,1044.0,1046.0,153990
1707468300,1046.05,1049.45,1045.25,1047.65,174725
1707469200,1047.7,1054.9,1047.65,1052.7,265603
1707470100,1052.7,1053.4,1050.45,1051.0,323377
1707471000,1050.9,1052.9,1050.0,1050.85,490166
1707471900,1050.85,1054.0,1050.45,1053.8,345112
1707709500,1051.4,1055.6,1047.2,1051.4,632375
1707710400,1051.4,1057.25,1051.15,1055.4,405483
1707711300,1055.85,1057.25,1053.1,1055.5,344283
1707712200,1055.5,1057.0,1054.15,1055.0,241069
1707713100,1054.95,1056.0,1044.1,1048.8,311115
1707714000,1048.8,1052.25,1045.1,1052.25,232194
1707714900,1052.2,1055.0,1051.35,1054.5,176967
1707715800,1054.5,1055.0,1051.5,1054.3,189465
1707716700,1054.35,1055.0,1052.2,1054.3,208897
1707717600,1054.3,1055.0,1053.65,1054.7,161783
1707718500,1054.75,1055.0,1051.85,1052.95,311859
1707719400,1053.25,1053.35,1045.75,1047.65,396604
1707720300,1047.7,1051.25,1046.6,1049.7,330882
1707721200,1049.45,1050.2,1046.35,1047.85,182055
1707722100,1047.85,1048.35,1038.55,1039.7,404230
1707723000,1039.6,1041.0,1035.35,1039.95,675345
1707723900,1039.95,1041.6,1038.25,1039.4,272727
1707724800,1039.45,1041.65,1038.55,1039.9,337794
1707725700,1039.95,1041.15,1036.0,1039.55,358100
1707726600,1039.6,1046.3,1038.65,1045.5,323943
1707727500,1045.5,1046.0,1041.15,1043.75,225537
1707728400,1043.55,1045.85,1041.45,1042.8,234086
1707729300,1042.9,1046.9,1042.1,1045.05,330909
1707730200,1045.1,1049.5,1041.95,1043.6,721801
1707731100,1043.4,1049.0,1042.9,1047.0,684569
1707795900,1051.0,1053.8,1044.8,1049.55,874716
1707796800,1049.55,1061.0,1048.75,1060.75,611749
1707797700,1060.95,1063.75,1057.25,1060.15,270002
1707798600,1060.15,1066.85,1056.25,1066.0,445739
1707799500,1065.95,1068.0,1061.45,1062.4,373388
1707800400,1062.4,1064.5,1060.05,1062.45,218422
1707801300,1062.45,1064.1,1062.1,1063.35,67537
1707802200,1063.35,1065.15,1059.05,1060.95,235563
1707803100,1060.95,1061.45,1058.0,1059.2,160404
1707804000,1059.2,1062.5,1055.95,1058.1,275011
1707804900,1057.85,1062.35,1057.15,1060.35,129973
1707805800,1060.3,1062.1,1056.3,1058.05,181583
1707806700,1058.2,1058.65,1055.05,1055.85,262616
1707807600,1056.05,1058.0,1055.0,1056.25,145417
1707808500,1056.25,1061.9,1055.1,1061.05,166386
1707809400,1061.35,1065.0,1059.55,1063.3,312624
1707810300,1063.4,1071.0,1062.55,1070.75,414271
1707811200,1070.7,1075.0,1068.25,1072.75,258158
1707812100,1072.75,1073.85,1070.1,1070.6,140268
1707813000,1070.8,1075.55,1067.55,1068.5,191433
1707813900,1068.5,1069.75,1066.0,1067.0,142023
1707814800,1067.0,1067.7,1064.7,1066.7,154715
1707815700,1066.7,1070.25,1066.25,1068.7,181929
1707816600,1068.7,1072.85,1066.05,1072.15,1153678
1707817500,1072.5,1074.7,1069.2,1070.6,1045592
1707882300,1061.3,1070.85,1060.55,1070.0,821435
1707883200,1069.95,1076.85,1068.95,1076.7,1786878
1707884100,1076.75,1078.4,1072.55,1072.9,395284
1707885000,1072.9,1075.15,1070.4,1074.5,451238
1707885900,1074.5,1076.65,1072.3,1074.65,376371
1707886800,1074.65,1076.5,1072.05,1073.0,301943
1707887700,1073.05,1078.9,1072.5,1076.05,560866
1707888600,1076.05,1078.45,1075.6,1076.4,230540
1707889500,1076.4,1077.5,1073.0,1073.55,189928
1707890400,1073.55,1074.9,1072.3,1074.45,416708
1707891300,1074.6,1078.0,1073.2,1077.05,237797
1707892200,1077.15,1079.25,1075.75,1078.05,195853
1707893100,1078.05,1080.8,1076.25,1080.0,331785
1707894000,1080.0,1080.95,1077.95,1079.1,243630
1707894900,1079.1,1081.25,1077.25,1080.9,393303
1707895800,1080.9,1084.5,1080.0,1081.7,484434
1707896700,1081.7,1081.8,1077.5,1077.85,192554
1707897600,1077.8,1081.0,1076.7,1078.0,708147
1707898500,1077.9,1080.3,1073.5,1074.3,476872
1707899400,1074.25,1081.7,1074.2,1080.6,939220
1707900300,1080.8,1084.95,1079.6,1081.45,426954
1707901200,1081.2,1090.75,1080.0,1089.9,668736
1707902100,1090.3,1094.45,1089.35,1093.8,714563
1707903000,1093.5,1099.5,1090.0,1093.8,2677533
1707903900,1093.75,1100.9,1090.25,1097.0,2386021
1707968700,1097.5,1097.55,1084.5,1088.4,672259
1707969600,1088.4,1090.5,1080.3,1081.15,1515758
1707970500,1081.05,1083.2,1074.2,1076.65,1252217
1707971400,1076.4,1080.0,1076.15,1078.7,492232
1707972300,1079.2,1079.65,1075.15,1075.7,528164
1707973200,1075.7,1077.1,1072.4,1074.9,270216
1707974100,1074.9,1077.35,1073.0,1074.3,148531
1707975000,1074.3,1075.75,1073.05,1074.7,236899
1707975900,1074.7,1075.45,1072.0,1073.35,338260
1707976800,1073.55,1075.45,1072.7,1073.8,579074
1707977700,1073.8,1078.8,1073.1,1075.25,555564
1707978600,1075.15,1079.7,1074.0,1079.6,710774
1707979500,1079.6,1080.4,1077.3,1078.2,314576
1707980400,1078.2,1078.4,1074.9,1077.15,225979
1707981300,1077.15,1079.8,1076.85,1079.0,203113
1707982200,1079.05,1079.65,1077.2,1078.2,157280
1707983100,1078.2,1079.5,1076.3,1078.7,255308
1707984000,1078.7,1082.0,1077.5,1081.15,404957
1707984900,1081.2,1082.35,1080.25,1081.65,384790
1707985800,1081.65,1081.65,1077.55,1078.0,228005
1707986700,1077.2,1078.95,1075.0,1075.35,248550
1707987600,1075.4,1076.5,1072.7,1073.75,229592
1707988500,1073.75,1074.95,1069.25,1070.75,403743
1707989400,1070.65,1073.95,1070.1,1071.95,705803
1707990300,1071.9,1074.9,1070.05,1074.75,716473
1708055100,1073.0,1075.0,1064.0,1067.55,640891
1708056000,1067.55,1070.85,1066.1,1068.0,417998
1708056900,1068.0,1068.8,1064.65,1067.4,368131
1708057800,1067.3,1071.5,1066.25,1070.15,251666
1708058700,1070.15,1073.35,1069.0,1072.55,167615
1708059600,1072.55,1073.0,1068.15,1069.9,123200
1708060500,1070.15,1072.45,1068.2,1070.8,115850
1708061400,1070.6,1071.2,1064.55,1064.8,1518246
1708062300,1064.8,1065.0,1063.2,1064.35,432440
1708063200,1064.35,1064.95,1062.55,1064.5,247250
1708064100,1064.5,1064.9,1061.8,1064.1,216785
1708065000,1064.1,1064.5,1060.35,1061.05,271512
1708065900,1061.0,1061.2,1058.0,1059.6,328748
1708066800,1059.6,1065.0,1059.45,1064.0,284192
1708067700,1064.1,1068.8,1063.35,1067.0,414571
1708068600,1067.1,1068.0,1064.95,1065.8,148244
1708069500,1065.8,1067.95,1065.0,1066.3,131649
1708070400,1066.3,1070.9,1064.25,1070.5,187307
1708071300,1070.55,1076.0,1069.75,1071.8,393685
1708072200,1071.85,1071.9,1063.85,1067.4,335758
1708073100,1067.4,1068.35,1065.55,1068.05,178482
1708074000,1068.05,1073.95,1067.8,1069.05,291404
1708074900,1069.05,1071.75,1068.5,1070.55,227123
1708075800,1070.6,1072.55,1067.05,1068.9,458473
1708076700,1068.9,1069.75,1066.2,1068.0,508703
1708314300,1069.0,1070.0,1062.55,1063.05,620214
1708315200,1063.05,1065.35,1062.3,1062.7,562208
1708316100,1062.7,1065.8,1062.55,1064.75,410119
1708317000,1064.7,1065.9,1063.15,1064.0,402074
1708317900,1064.0,1065.8,1061.45,1063.75,348213
1708318800,1063.75,1065.2,1063.6,1064.8,211214
1708319700,1064.8,1066.35,1062.45,1064.85,373926
1708320600,1064.85,1065.2,1063.0,1064.9,353883
1708321500,1064.7,1065.5,1063.8,1064.5,782216
1708322400,1064.5,1064.5,1061.35,1063.55,147571
1708323300,1063.55,1067.8,1062.8,1067.1,208661
1708324200,1067.1,1069.4,1065.3,1068.55,184756
1708325100,1068.5,1069.2,1066.95,1067.6,152896
1708326000,1067.6,1069.5,1065.6,1068.4,166782
1708326900,1068.4,1068.8,1066.4,1068.0,160714
1708327800,1068.0,1068.95,1066.6,1068.15,141115
1708328700,1068.15,1068.4,1064.0,1065.1,179172
1708329600,1065.25,1066.0,1064.0,1064.75,112670
1708330500,1064.75,1065.75,1064.3,1065.65,148151
1708331400,1065.65,1066.35,1063.0,1064.1,229696
1708332300,1064.1,1064.9,1063.0,1063.3,281489
1708333200,1063.3,1063.65,1062.0,1063.05,197503
1708334100,1063.05,1063.3,1061.0,1061.35,255146
1708335000,1061.35,1062.95,1060.1,1062.3,421934
1708335900,1062.25,1065.6,1061.4,1064.35,507473
1708400700,1059.0,1062.95,1057.7,1061.7,453880
1708401600,1061.8,1070.0,1061.8,1068.7,355170
1708402500,1068.4,1069.75,1065.95,1067.5,185970
1708403400,1067.55,1077.45,1066.55,1077.15,792559
1708404300,1077.35,1078.0,1071.25,1073.25,356245
1708405200,1073.25,1076.25,1070.45,1073.8,360288
1708406100,1074.0,1075.6,1072.25,1073.65,205105
1708407000,1073.6,1074.35,1071.6,1073.3,305252
1708407900,1073.35,1074.2,1071.65,1073.9,229124
1708408800,1073.9,1075.45,1070.7,1073.1,200377
1708409700,1073.45,1077.65,1072.45,1077.05,165989
1708410600,1077.0,1081.0,1076.5,1078.45,311328
1708411500,1078.2,1078.95,1075.9,1077.6,113879
1708412400,1077.55,1079.85,1076.7,1078.45,131215
1708413300,1078.45,1082.0,1078.25,1081.35,297916
1708414200,1081.35,1083.4,1080.75,1081.4,239112
1708415100,1081.2,1085.0,1080.35,1083.95,290054
1708416000,1084.15,1085.6,1082.9,1084.15,215289
1708416900,1084.1,1084.65,1081.0,1082.5,190980
1708417800,1082.2,1082.95,1078.55,1081.1,378273
1708418700,1081.2,1086.7,1081.1,1085.2,318260
1708419600,1085.2,1087.6,1084.4,1086.25,263149
1708420500,1086.05,1086.1,1083.65,1084.5,515890
1708421400,1084.6,1089.0,1084.6,1088.05,855391
1708422300,1088.05,1090.5,1087.1,1087.1,990913
1708487100,1093.85,1093.95,1081.0,1081.3,823214
1708488000,1081.1,1085.0,1079.1,1084.0,472759
1708488900,1083.85,1085.55,1082.65,1085.1,295052
1708489800,1085.0,1088.0,1081.0,1082.3,485267
1708490700,1082.15,1082.15,1074.25,1075.4,534006
1708491600,1075.25,1077.85,1073.1,1073.5,213152
1708492500,1073.5,1077.0,1073.2,1075.5,167979
1708493400,1075.5,1076.75,1075.0,1075.5,239318
1708494300,1075.55,1077.4,1075.0,1075.3,238175
1708495200,1075.3,1079.1,1075.0,1077.95,222287
1708496100,1077.75,1078.6,1075.0,1076.05,251403
1708497000,1076.0,1076.95,1075.0,1075.55,119828
1708497900,1075.65,1078.15,1075.3,1076.95,133018
1708498800,1076.9,1080.0,1076.5,1078.75,173479
1708499700,1079.35,1081.35,1078.4,1080.8,261631
1708500600,1080.95,1081.55,1079.55,1080.9,179122
1708501500,1080.9,1081.3,1079.0,1080.3,164165
1708502400,1080.4,1082.8,1080.1,1081.95,257862
1708503300,1081.95,1082.5,1078.5,1079.1,345344
1708504200,1079.1,1081.95,1078.35,1081.95,258054
1708505100,1081.95,1084.0,1079.6,1080.55,248151
1708506000,1080.5,1084.0,1079.55,1083.15,418133
1708506900,1083.2,1086.9,1081.5,1084.15,467393
1708507800,1084.15,1086.7,1083.1,1084.15,1201065
1708508700,1084.15,1086.25,1077.2,1079.55,1006869
1708573500,1090.3,1108.9,1090.3,1108.85,2476432
1708574400,1108.45,1110.7,1102.8,1102.8,2103253
1708575300,1102.85,1108.0,1098.0,1098.1,546036
1708576200,1098.25,1103.0,1094.5,1096.9,785920
1708577100,1096.9,1101.15,1094.55,1097.6,885450
1708578000,1097.15,1100.25,1094.25,1095.0,578140
1708578900,1095.0,1095.1,1087.55,1089.3,311354
1708579800,1089.3,1094.0,1088.65,1092.35,253893
1708580700,1092.3,1093.3,1089.25,1090.35,187130
1708581600,1090.35,1092.8,1089.0,1092.55,175314
1708582500,1092.6,1093.0,1085.3,1088.5,388049
1708583400,1088.4,1091.3,1086.0,1087.8,188788
1708584300,1087.75,1089.55,1086.2,1086.8,210654
1708585200,1086.8,1087.8,1085.35,1086.15,176681
1708586100,1086.15,1086.15,1081.5,1084.85,286537
1708587000,1084.9,1085.9,1082.2,1085.65,153108
1708587900,1085.6,1087.0,1084.9,1085.7,118470
1708588800,1085.65,1093.85,1085.0,1093.55,305276
1708589700,1093.45,1098.95,1093.45,1096.25,498938
1708590600,1096.2,1098.95,1092.55,1093.05,278082
1708591500,1093.05,1096.2,1090.65,1095.7,396279
1708592400,1095.75,1097.6,1091.55,1096.85,427734
1708593300,1096.85,1100.15,1095.45,1099.15,735485
1708594200,1098.95,1101.85,1097.45,1099.25,1149708
1708595100,1099.3,1104.9,1098.3,1098.75,1015734
1708659900,1099.0,1100.9,1090.0,1093.2,662915
1708660800,1093.5,1100.15,1093.5,1099.05,340612
1708661700,1099.1,1103.6,1097.5,1102.65,193454
1708662600,1102.5,1105.5,1100.0,1105.05,173012
1708663500,1105.05,1107.4,1102.4,1102.75,241015
1708664400,1102.75,1103.65,1096.55,1102.55,240358
1708665300,1102.35,1103.0,1099.4,1100.1,158421
1708666200,1100.1,1104.75,1099.9,1101.55,184523
1708667100,1101.55,1102.0,1100.0,1102.0,118365
1708668000,1101.7,1103.35,1100.05,1102.7,106055
1708668900,1102.7,1105.6,1102.45,1103.55,363749
1708669800,1103.5,1106.0,1103.5,1104.9,139920
1708670700,1104.85,1107.0,1104.4,1105.45,170151
1708671600,1105.5,1107.0,1101.95,1102.4,155669
1708672500,1102.4,1102.5,1100.55,1101.0,116428
1708673400,1100.95,1101.7,1099.0,1101.3,421677
1708674300,1101.3,1101.5,1094.25,1097.5,246432
1708675200,1097.1,1099.85,1096.0,1099.5,214987
1708676100,1099.2,1101.8,1098.3,1100.7,393443
1708677000,1100.3,1101.8,1095.2,1095.2,230047
1708677900,1095.65,1098.0,1094.5,1097.55,229466
1708678800,1097.7,1099.8,1095.0,1099.3,152109
1708679700,1099.0,1099.3,1095.55,1098.0,125680
1708680600,1098.05,1099.4,1096.15,1097.5,434608
1708681500,1097.55,1098.4,1092.0,1093.75,437747
1708919100,1093.45,1094.8,1087.9,1091.9,434488
1708920000,1091.9,1092.65,1088.65,1089.65,182919
1708920900,1089.6,1089.65,1080.0,1080.25,320866
1708921800,1080.15,1083.45,1079.65,1083.1,163694
1708922700,1083.05,1086.9,1082.5,1084.45,156624
1708923600,1084.4,1088.2,1083.8,1086.15,128046
1708924500,1086.15,1086.35,1084.0,1084.4,124656
1708925400,1084.4,1086.25,1083.75,1085.0,124460
1708926300,1084.95,1085.65,1084.0,1084.55,79373
1708927200,1084.55,1085.9,1083.8,1084.85,110155
1708928100,1084.9,1086.45,1084.25,1086.4,110608
1708929000,1086.3,1087.15,1084.3,1084.75,114985
1708929900,1084.8,1088.7,1084.5,1085.6,217503
1708930800,1085.6,1086.6,1084.75,1085.75,304484
1708931700,1085.7,1087.0,1085.0,1086.1,156386
1708932600,1086.1,1087.3,1085.05,1086.65,201903
1708933500,1086.75,1087.25,1084.8,1085.3,138250
1708934400,1085.3,1085.95,1084.2,1084.7,149197
1708935300,1084.75,1086.0,1084.55,1085.35,130839
1708936200,1085.7,1085.95,1084.5,1085.0,123211
1708937100,1085.05,1086.3,1085.0,1085.05,145094
1708938000,1085.15,1085.8,1084.0,1084.5,235068
1708938900,1084.5,1085.65,1083.0,1084.8,254240
1708939800,1085.0,1086.4,1083.3,1085.25,574582
1708940700,1085.25,1086.75,1080.85,1084.0,672275
1709005500,1081.65,1083.95,1072.05,1077.05,805757
1709006400,1077.0,1081.75,1075.2,1079.7,257809
1709007300,1079.7,1081.85,1078.0,1079.85,206978
1709008200,1079.85,1081.9,1077.15,1077.85,344467
1709009100,1077.9,1079.5,1075.05,1077.0,216785
1709010000,1077.15,1077.95,1075.85,1076.95,93104
1709010900,1076.95,1078.15,1076.0,1077.3,103095
1709011800,1076.95,1078.0,1074.15,1074.35,124047
1709012700,1074.35,1080.0,1073.5,1079.45,155675
1709013600,1079.5,1080.0,1078.0,1079.1,113279
1709014500,1079.5,1080.0,1077.9,1079.1,161805
1709015400,1079.1,1079.8,1077.7,1078.85,98603
1709016300,1078.85,1079.0,1077.45,1078.55,85400
1709017200,1078.55,1079.7,1077.4,1078.95,151680
1709018100,1079.05,1083.95,1078.25,1083.9,247606
1709019000,1083.8,1085.7,1081.25,1085.1,279747
1709019900,1085.25,1088.55,1084.5,1085.2,308141
1709020800,1085.2,1086.5,1079.9,1081.95,487371
1709021700,1081.85,1083.95,1080.3,1081.5,241648
1709022600,1081.5,1086.75,1080.3,1086.05,220593
1709023500,1086.3,1086.3,1082.25,1082.5,215530
1709024400,1082.5,1083.6,1080.65,1083.15,195189
1709025300,1083.1,1083.4,1080.25,1081.7,151911
1709026200,1081.65,1081.65,1077.2,1078.4,636407
1709027100,1078.4,1080.75,1076.4,1080.4,644009
1709091900,1077.4,1079.75,1073.85,1079.25,449802
1709092800,1079.25,1081.0,1077.6,1078.0,320161
1709093700,1077.95,1079.0,1075.4,1077.6,353598
1709094600,1077.55,1083.9,1077.4,1082.45,473498
1709095500,1082.45,1085.0,1081.4,1081.9,108138
1709096400,1081.9,1083.7,1081.7,1082.5,73736
1709097300,1082.55,1084.3,1071.1,1071.2,190408
1709098200,1071.55,1073.3,1067.2,1069.95,156866
1709099100,1069.95,1072.85,1069.95,1070.45,126136
1709100000,1070.5,1072.5,1070.1,1071.95,90919
1709100900,1072.0,1074.0,1068.85,1069.65,983501
1709101800,1069.65,1069.95,1066.15,1066.95,384904
1709102700,1066.8,1069.65,1066.5,1066.9,310782
1709103600,1067.0,1067.0,1065.65,1066.65,420417
1709104500,1066.65,1067.0,1064.35,1066.55,202968
1709105400,1066.2,1068.15,1064.05,1064.95,280610
1709106300,1064.95,1071.5,1064.9,1071.4,191129
1709107200,1071.55,1074.9,1070.35,1073.85,178350
1709108100,1074.05,1076.35,1072.55,1075.25,189021
1709109000,1075.25,1077.45,1074.55,1077.2,156222
1709109900,1077.25,1078.8,1074.25,1077.55,200983
1709110800,1077.45,1078.35,1073.3,1075.75,247317
1709111700,1075.65,1076.9,1074.6,1076.0,218855
1709112600,1075.9,1077.25,1070.6,1072.45,659083
1709113500,1072.35,1076.15,1068.7,1071.5,675706
1709178300,1071.0,1074.0,1067.55,1069.6,829671
1709179200,1069.4,1070.85,1064.3,1068.8,452299
1709180100,1068.8,1072.3,1064.6,1068.0,817781
1709181000,1068.0,1068.9,1056.0,1059.3,901756
1709181900,1059.3,1061.25,1055.4,1056.85,274789
1709182800,1056.85,1061.8,1055.35,1061.1,365534
1709183700,1061.1,1065.75,1060.25,1062.8,506525
1709184600,1062.65,1067.0,1062.35,1065.05,670064
1709185500,1065.05,1065.9,1062.55,1064.0,206690
1709186400,1063.95,1065.65,1063.6,1064.15,250949
1709187300,1064.05,1068.0,1063.05,1067.1,191216
1709188200,1067.05,1070.0,1066.1,1068.55,186614
1709189100,1068.55,1069.4,1063.85,1067.75,353495
1709190000,1068.0,1072.3,1066.7,1070.75,240701
1709190900,1070.75,1072.6,1067.4,1069.85,290288
1709191800,1069.85,1071.2,1068.4,1070.65,300672
1709192700,1070.75,1073.0,1069.85,1070.75,327581
1709193600,1071.0,1071.75,1068.9,1071.3,411203
1709194500,1071.35,1076.5,1069.6,1075.8,450069
1709195400,1076.2,1076.4,1069.3,1070.9,530393
1709196300,1070.9,1075.7,1070.1,1074.45,229733
1709197200,1074.65,1076.05,1068.15,1075.35,427903
1709198100,1075.35,1077.15,1071.3,1073.15,545633
1709199000,1073.55,1075.85,1069.7,1075.85,2325933
1709199900,1075.35,1082.3,1073.45,1073.65,1556153
1709264700,1076.0,1085.0,1076.0,1083.15,360711
1709265600,1083.05,1087.7,1083.05,1087.1,214745
1709266500,1087.05,1089.0,1084.0,1084.0,239763
1709267400,1084.0,1088.7,1083.45,1088.0,159044
1709268300,1087.85,1088.5,1085.75,1087.0,142763
1709269200,1086.8,1088.4,1085.6,1085.75,100658
1709270100,1085.6,1090.55,1085.0,1085.2,198731
1709271000,1085.3,1089.4,1084.5,1088.15,130824
1709271900,1087.95,1093.5,1087.85,1092.25,157690
1709272800,1092.15,1095.6,1090.7,1093.0,216878
1709273700,1092.85,1095.6,1091.6,1091.75,240213
1709274600,1091.6,1093.0,1091.5,1091.9,91700
1709275500,1091.6,1095.0,1091.5,1093.7,124662
1709276400,1093.75,1094.9,1093.05,1094.55,89738
1709277300,1094.7,1095.0,1091.5,1091.5,90969
1709278200,1091.6,1094.65,1090.15,1091.15,97992
1709279100,1091.15,1092.9,1090.5,1092.55,82706
1709280000,1092.5,1092.95,1091.15,1092.3,90783
1709280900,1092.05,1093.1,1090.8,1091.85,239099
1709281800,1091.95,1098.7,1091.3,1098.5,192694
1709282700,1098.05,1101.7,1098.05,1099.95,396570
1709283600,1100.0,1100.55,1097.6,1098.95,296842
1709284500,1098.8,1100.55,1098.15,1099.2,254117
1709285400,1099.3,1100.65,1098.55,1099.0,308792
1709286300,1099.0,1100.3,1098.1,1098.95,299958
1709351100,1099.3,1104.9,1095.0,1096.65,37087
1709352000,1096.3,1098.0,1095.0,1097.75,17876
1709352900,1098.0,1099.4,1095.7,1096.0,44462
1709359200,1097.3,1099.0,1091.15,1097.05,55238
1709360100,1097.55,1100.6,1095.55,1097.05,52526
1709361000,1097.05,1098.5,1095.7,1096.1,30343
1709361900,1096.1,1097.3,1095.25,1095.25,12918
1709523900,1099.25,1100.7,1095.6,1096.05,451346
1709524800,1095.8,1098.5,1093.65,1095.95,166236
1709525700,1095.8,1095.85,1093.1,1095.05,98159
1709526600,1094.85,1097.45,1093.75,1095.3,103536
1709527500,1095.3,1098.85,1094.55,1096.15,128484
1709528400,1096.35,1100.55,1096.0,1099.4,118460
1709529300,1099.4,1102.75,1096.0,1097.6,386948
1709530200,1097.5,1099.05,1096.5,1098.85,223507
1709531100,1098.95,1099.75,1097.55,1098.0,251306
1709532000,1097.95,1098.3,1096.8,1097.9,121554
1709532900,1097.85,1097.9,1096.85,1097.35,87625
1709533800,1097.3,1101.4,1097.25,1100.05,230617
1709534700,1100.0,1105.7,1099.35,1105.1,389029
1709535600,1105.4,1105.95,1102.65,1104.85,214623
1709536500,1104.9,1106.0,1102.55,1105.6,208711
1709537400,1105.6,1106.0,1103.4,1103.55,213987
1709538300,1103.45,1105.65,1103.45,1104.5,163271
1709539200,1104.5,1107.25,1104.3,1106.3,189714
1709540100,1106.35,1107.0,1103.5,1104.9,182851
1709541000,1105.05,1105.9,1102.5,1105.7,214802
1709541900,1105.75,1106.95,1104.85,1105.9,193578
1709542800,1105.95,1106.5,1102.3,1104.1,201428
1709543700,1104.05,1106.0,1103.5,1104.95,218665
1709544600,1105.3,1108.9,1105.05,1107.55,610100
1709545500,1107.55,1108.6,1104.5,1105.25,526862
1709610300,1102.2,1106.7,1095.0,1095.25,503767
1709611200,1095.0,1099.9,1094.5,1098.4,160901
1709612100,1098.4,1100.25,1097.5,1098.0,105749
1709613000,1098.0,1100.15,1097.4,1099.0,256496
1709613900,1099.0,1101.0,1097.95,1100.35,140612
1709614800,1100.35,1100.6,1097.0,1097.95,114044
1709615700,1098.0,1098.5,1097.0,1098.35,82613
1709616600,1098.5,1099.25,1097.0,1098.0,58681
1709617500,1098.0,1098.0,1095.0,1097.55,148830
1709618400,1097.55,1097.75,1095.95,1097.45,61692
1709619300,1097.5,1098.9,1096.25,1098.6,89892
1709620200,1098.6,1099.9,1098.0,1098.05,98020
1709621100,1098.15,1098.95,1097.2,1097.45,56426
1709622000,1097.45,1100.0,1096.95,1100.0,82658
1709622900,1100.0,1110.9,1099.95,1110.2,298807
1709623800,1109.9,1110.8,1105.0,1106.9,209229
1709624700,1106.9,1107.7,1105.2,1105.4,120833
1709625600,1105.45,1108.7,1105.0,1106.1,121224
1709626500,1106.15,1107.6,1102.1,1104.65,149328
1709627400,1105.0,1105.9,1104.05,1105.2,186714
1709628300,1105.25,1108.0,1103.3,1103.55,186929
1709629200,1103.65,1104.8,1102.05,1103.25,207281
1709630100,1103.6,1104.3,1100.15,1102.05,479371
1709631000,1102.1,1102.35,1099.0,1100.75,570061
1709631900,1100.9,1104.8,1100.0,1101.9,360399
1709696700,1100.2,1103.65,1095.35,1102.7,578064
1709697600,1102.7,1113.0,1100.65,1112.25,560978
1709698500,1112.05,1117.5,1110.5,1112.65,756999
1709699400,1112.25,1123.85,1111.9,1122.1,744976
1709700300,1121.85,1126.45,1119.4,1125.15,1035949
1709701200,1125.25,1126.9,1120.15,1121.25,708392
1709702100,1121.25,1124.8,1119.55,1121.95,619927
1709703000,1121.95,1128.0,1120.65,1126.7,449006
1709703900,1126.5,1128.5,1123.2,1125.3,508939
1709704800,1125.3,1126.2,1123.5,1125.05,281777
1709705700,1124.8,1126.25,1124.5,1125.5,211367
1709706600,1125.55,1126.7,1124.0,1126.4,242246
1709707500,1126.6,1131.0,1126.05,1128.75,637630
1709708400,1128.8,1129.85,1124.6,1126.5,341077
1709709300,1126.5,1127.1,1124.2,1124.75,170564
1709710200,1124.75,1127.9,1124.4,1127.6,167389
1709711100,1127.45,1128.75,1124.75,1127.45,568628
1709712000,1126.95,1131.95,1125.8,1129.4,1131372
1709712900,1129.15,1130.75,1128.2,1128.5,254119
1709713800,1128.5,1130.7,1127.6,1128.55,267174
1709714700,1128.75,1129.65,1125.25,1126.15,316140
1709715600,1126.15,1130.0,1125.45,1127.1,277241
1709716500,1127.3,1127.9,1125.5,1126.0,332322
1709717400,1125.95,1127.25,1123.15,1123.95,1502430
1709718300,1123.95,1126.65,1122.45,1124.0,1122459
1709783100,1126.0,1126.9,1120.05,1121.0,488550
1709784000,1121.0,1121.05,1115.1,1116.75,267318
1709784900,1116.4,1117.7,1114.5,1117.1,262035
1709785800,1117.1,1121.2,1116.0,1121.0,181186
1709786700,1121.15,1124.15,1120.4,1122.95,453767
1709787600,1122.7,1123.0,1117.4,1117.95,184912
1709788500,1117.5,1118.0,1113.6,1114.3,378580
1709789400,1114.3,1117.5,1112.8,1115.35,350959
1709790300,1115.35,1115.8,1114.6,1115.25,121238
1709791200,1115.15,1116.0,1113.5,1115.75,134134
1709792100,1115.5,1118.35,1115.4,1118.0,137114
1709793000,1117.75,1119.0,1116.6,1117.5,145577
1709793900,1117.5,1117.5,1114.0,1115.1,137110
1709794800,1115.05,1116.6,1114.65,1116.35,141905
1709795700,1116.3,1116.35,1114.25,1115.0,200421
1709796600,1115.35,1116.45,1114.05,1114.65,315605
1709797500,1114.65,1115.4,1112.75,1113.8,164982
1709798400,1114.1,1116.0,1113.1,1114.3,170658
1709799300,1114.65,1114.85,1112.65,1113.05,222645
1709800200,1113.05,1113.55,1110.4,1111.7,152524
1709801100,1111.25,1114.5,1111.0,1114.5,181860
1709802000,1114.4,1117.3,1114.2,1115.0,210860
1709802900,1115.0,1115.3,1112.5,1113.6,150058
1709803800,1113.45,1115.2,1110.05,1111.35,1018289
1709804700,1111.3,1112.15,1107.55,1111.0,770517
1710128700,1112.25,1119.8,1104.1,1112.3,616238
1710129600,1112.1,1112.3,1109.55,1111.0,393985
1710130500,1111.0,1115.75,1110.75,1115.15,275708
1710131400,1115.0,1118.55,1114.0,1117.25,171010
1710132300,1117.15,1119.15,1116.75,1118.65,135622
1710133200,1118.45,1120.0,1116.35,1116.55,189598
1710134100,1116.55,1117.5,1114.3,1114.8,506572
1710135000,1114.8,1115.0,1112.6,1113.15,115816
1710135900,1113.05,1113.25,1107.55,1108.6,153685
1710136800,1108.55,1109.05,1107.05,1107.25,102443
1710137700,1107.2,1108.9,1105.4,1108.65,203001
1710138600,1108.6,1108.65,1103.5,1104.55,154006
1710139500,1104.5,1106.2,1104.1,1105.0,184134
1710140400,1104.95,1106.0,1104.0,1104.5,98541
1710141300,1104.55,1105.2,1103.1,1103.7,113989
1710142200,1103.75,1105.0,1102.5,1104.6,139024
1710143100,1104.5,1105.75,1103.65,1105.6,120313
1710144000,1105.5,1107.05,1103.5,1104.65,146954
1710144900,1104.6,1105.0,1104.3,1104.55,57027
1710145800,1104.5,1107.1,1104.0,1104.15,118829
1710146700,1104.2,1104.85,1103.05,1103.6,153556
1710147600,1103.7,1108.3,1103.45,1107.75,310830
1710148500,1107.55,1108.9,1106.0,1107.2,356476
1710149400,1107.65,1107.95,1103.2,1105.75,1128700
1710150300,1105.6,1105.75,1101.9,1102.85,805482
1710215100,1105.0,1107.45,1100.0,1103.05,309784
1710216000,1102.8,1118.9,1100.35,1118.65,1067875
1710216900,1118.6,1121.4,1111.1,1113.75,422266
1710217800,1113.65,1114.3,1111.0,1111.3,329317
1710218700,1111.0,1115.55,1110.3,1113.75,294054
1710219600,1113.7,1114.0,1098.0,1098.0,823101
1710220500,1097.9,1099.5,1084.25,1094.35,1463886
1710221400,1094.8,1099.0,1094.25,1097.7,200451
1710222300,1097.7,1098.7,1094.35,1098.05,131097
1710223200,1098.1,1098.1,1094.05,1097.65,155184
1710224100,1097.1,1097.7,1092.3,1092.75,132448
1710225000,1092.7,1097.0,1092.5,1093.4,293289
1710225900,1093.1,1095.4,1092.65,1094.0,140826
1710226800,1094.05,1097.8,1094.0,1097.6,106439
1710227700,1097.7,1099.7,1096.0,1098.6,148846
1710228600,1098.5,1104.1,1098.1,1103.45,258045
1710229500,1103.4,1106.2,1101.95,1105.25,254373
1710230400,1105.25,1107.4,1102.95,1103.0,348553
1710231300,1103.0,1106.7,1102.65,1104.3,298226
1710232200,1104.2,1104.8,1100.45,1101.95,148279
1710233100,1101.95,1103.85,1099.1,1103.4,245659
1710234000,1103.8,1103.85,1099.1,1099.5,478728
1710234900,1099.15,1099.65,1096.05,1097.4,151390
1710235800,1097.45,1100.65,1094.2,1095.05,1097677
1710236700,1095.05,1098.5,1093.9,1094.45,517169
1710301500,1096.0,1099.55,1088.1,1088.25,413241
1710302400,1088.6,1089.2,1084.25,1088.6,285794
1710303300,1088.65,1090.0,1081.8,1088.9,270832
1710304200,1088.9,1092.9,1087.6,1091.65,182313
1710305100,1091.75,1093.2,1083.5,1085.55,204738
1710306000,1085.7,1086.8,1082.85,1083.55,249986
1710306900,1083.55,1085.2,1081.6,1081.95,151493
1710307800,1082.0,1082.05,1074.5,1077.9,1288746
1710308700,1077.9,1081.5,1075.7,1081.5,176440
1710309600,1081.1,1081.1,1074.3,1075.05,340668
1710310500,1075.0,1079.0,1074.1,1078.4,326664
1710311400,1078.45,1082.5,1076.95,1082.5,208959
1710312300,1082.7,1082.9,1079.75,1081.7,358782
1710313200,1081.65,1082.35,1076.9,1079.3,387524
1710314100,1079.15,1083.65,1078.55,1081.2,502831
1710315000,1081.2,1081.65,1075.9,1076.2,395545
1710315900,1076.35,1078.1,1074.1,1075.25,398447
1710316800,1075.3,1077.45,1074.35,1076.25,301991
1710317700,1076.1,1078.0,1073.6,1075.85,313273
1710318600,1076.2,1079.0,1072.1,1072.1,418888
1710319500,1072.6,1078.0,1070.75,1076.4,646516
1710320400,1076.05,1082.15,1075.8,1081.2,776004
1710321300,1081.6,1083.3,1080.25,1081.9,464718
1710322200,1082.0,1084.55,1078.45,1079.05,1522465
1710323100,1079.35,1080.4,1076.7,1078.5,916828
1710387900,1075.0,1077.9,1067.05,1071.4,938791
1710388800,1071.35,1075.75,1068.45,1069.9,466475
1710389700,1069.9,1081.25,1069.35,1078.0,401301
1710390600,1078.45,1080.5,1075.3,1075.95,314206
1710391500,1075.9,1077.2,1074.05,1075.1,307266
1710392400,1075.1,1077.95,1072.7,1076.6,215508
1710393300,1076.5,1077.7,1074.4,1075.5,229677
1710394200,1075.55,1076.9,1072.3,1075.85,267202
1710395100,1075.85,1077.45,1074.6,1076.0,279795
1710396000,1075.95,1080.45,1075.15,1079.65,326770
1710396900,1079.65,1080.0,1077.3,1077.75,304529
1710397800,1077.75,1078.25,1074.35,1075.25,307321
1710398700,1075.05,1078.55,1074.95,1077.75,215645
1710399600,1077.7,1079.45,1074.25,1074.9,174129
1710400500,1074.55,1076.0,1072.5,1075.0,169555
1710401400,1075.0,1076.35,1073.7,1075.15,132306
1710402300,1075.15,1075.55,1073.8,1074.05,184398
1710403200,1074.15,1074.65,1067.7,1068.0,293998
1710404100,1067.65,1071.25,1066.6,1068.55,176804
1710405000,1068.4,1068.85,1063.15,1063.75,369964
1710405900,1063.75,1068.0,1062.8,1065.95,298962
1710406800,1066.35,1066.85,1060.9,1061.45,171933
1710407700,1061.45,1062.0,1057.85,1061.6,636263
1710408600,1061.55,1062.5,1055.6,1057.55,1729838
1710409500,1056.95,1062.75,1056.1,1061.25,1340553
1710474300,1056.25,1056.25,1045.9,1048.85,1543314
1710475200,1048.9,1050.0,1038.4,1040.75,818830
1710476100,1040.8,1042.55,1034.05,1041.9,675247
1710477000,1041.8,1045.5,1040.25,1040.7,375855
1710477900,1040.75,1042.4,1038.6,1041.15,1284681
1710478800,1041.15,1042.35,1039.0,1040.0,315659
1710479700,1040.05,1045.0,1039.75,1044.15,554005
1710480600,1044.15,1044.85,1030.25,1037.15,1307414
1710481500,1037.1,1040.65,1035.95,1040.6,514861
1710482400,1041.05,1043.6,1039.8,1043.35,431157
1710483300,1043.6,1046.5,1037.5,1042.4,753272
1710484200,1042.25,1043.95,1039.1,1040.35,420113
1710485100,1040.4,1046.5,1039.75,1045.15,370338
1710486000,1045.15,1047.5,1044.85,1047.2,238308
1710486900,1047.2,1050.7,1045.0,1047.85,301069
1710487800,1048.0,1049.95,1045.0,1045.6,370551
1710488700,1045.5,1048.45,1044.8,1046.5,255653
1710489600,1046.35,1049.95,1045.9,1048.05,268447
1710490500,1048.15,1050.85,1048.05,1048.4,472879
1710491400,1048.3,1054.35,1048.2,1050.4,342746
1710492300,1050.55,1051.95,1048.0,1048.7,346095
1710493200,1049.0,1051.05,1045.25,1049.95,446659
1710494100,1050.3,1051.4,1047.55,1051.25,433501
1710495000,1051.35,1052.0,1045.5,1046.35,2419282
1710495900,1046.1,1050.0,1042.4,1048.0,2537671
1710733500,1044.0,1057.9,1043.6,1056.65,594444
1710734400,1056.65,1058.5,1048.75,1055.45,349714
1710735300,1055.85,1057.4,1049.65,1055.95,239450
1710736200,1055.95,1056.5,1050.0,1051.25,248720
1710737100,1051.25,1056.15,1050.35,1053.0,173724
1710738000,1052.95,1055.0,1051.85,1053.5,94198
1710738900,1053.7,1058.95,1053.6,1055.5,408380
1710739800,1055.75,1056.0,1048.3,1048.3,239239
1710740700,1048.4,1049.2,1043.6,1047.1,718768
1710741600,1047.1,1048.9,1045.75,1047.7,219474
1710742500,1047.8,1050.85,1047.45,1049.55,141712
1710743400,1049.85,1064.9,1048.75,1058.45,816631
1710744300,1058.7,1066.9,1057.5,1064.9,270823
1710745200,1064.65,1066.5,1061.15,1061.95,325134
1710746100,1061.65,1062.35,1058.4,1060.65,233411
1710747000,1060.65,1064.0,1058.8,1063.35,136955
1710747900,1063.35,1063.65,1060.25,1061.8,85754
1710748800,1061.8,1063.45,1060.75,1061.4,75050
1710749700,1061.35,1061.45,1059.3,1060.0,103433
1710750600,1059.75,1060.0,1056.35,1058.05,195877
1710751500,1058.05,1060.35,1057.6,1059.35,193688
1710752400,1059.35,1060.0,1058.0,1060.0,167804
1710753300,1059.95,1062.95,1059.05,1060.7,332523
1710754200,1060.55,1061.4,1057.0,1060.7,653441
1710755100,1060.7,1065.5,1060.7,1064.75,593989
1710819900,1055.55,1060.95,1055.4,1057.15,342359
1710820800,1057.25,1060.5,1056.25,1059.75,142518
1710821700,1059.75,1059.95,1056.05,1056.05,132237
1710822600,1056.2,1056.85,1052.1,1053.85,152594
1710823500,1053.75,1054.85,1053.0,1053.8,116302
1710824400,1053.8,1056.45,1052.3,1053.3,272051
1710825300,1053.3,1053.75,1050.3,1052.6,291880
1710826200,1053.05,1054.65,1047.1,1050.3,272700
1710827100,1050.4,1052.65,1050.0,1050.4,333481
1710828000,1050.6,1051.0,1047.4,1049.3,258215
1710828900,1049.5,1050.4,1048.8,1049.75,167036
1710829800,1049.75,1051.65,1049.05,1051.4,108368
1710830700,1051.4,1051.7,1049.4,1050.4,146334
1710831600,1050.25,1051.5,1050.0,1050.6,50950
1710832500,1050.75,1051.95,1049.05,1049.35,87235
1710833400,1049.2,1049.7,1048.2,1048.85,74157
1710834300,1048.85,1049.8,1048.55,1049.15,65397
1710835200,1049.15,1049.4,1048.15,1048.75,78596
1710836100,1049.0,1049.0,1048.45,1048.95,113566
1710837000,1049.0,1049.0,1047.4,1048.9,190276
1710837900,1048.9,1051.5,1047.6,1049.6,323924
1710838800,1049.6,1053.1,1048.95,1051.55,408703
1710839700,1051.65,1056.45,1050.55,1055.4,940563
1710840600,1055.45,1056.75,1046.7,1048.8,1158305
1710841500,1048.95,1050.65,1047.1,1050.35,501016
1710906300,1050.0,1054.45,1047.5,1054.2,634980
1710907200,1054.3,1057.45,1053.65,1055.0,343930
1710908100,1055.0,1055.45,1052.6,1054.25,597334
1710909000,1053.85,1054.6,1045.6,1046.2,462494
1710909900,1045.95,1050.3,1045.65,1047.4,529661
1710910800,1047.25,1049.55,1036.1,1038.55,536048
1710911700,1038.0,1046.05,1037.6,1042.85,804175
1710912600,1043.15,1049.7,1040.3,1043.5,186951
1710913500,1043.75,1044.4,1040.3,1041.85,101318
1710914400,1041.85,1044.65,1040.0,1044.65,166480
1710915300,1044.45,1045.9,1042.0,1045.1,274328
1710916200,1045.0,1045.2,1039.0,1040.0,302718
1710917100,1040.0,1048.95,1039.9,1046.3,337527
1710918000,1046.35,1049.5,1045.65,1048.3,242862
1710918900,1048.3,1052.4,1047.75,1047.85,277249
1710919800,1047.75,1052.0,1046.85,1051.55,320434
1710920700,1051.55,1054.2,1049.45,1049.8,496601
1710921600,1050.15,1050.7,1047.75,1049.85,433134
1710922500,1049.85,1051.25,1044.75,1045.05,403882
1710923400,1045.0,1046.5,1041.15,1042.9,334865
1710924300,1042.85,1043.0,1034.4,1037.4,444960
1710925200,1037.4,1039.0,1033.1,1036.25,950620
1710926100,1036.3,1038.75,1035.25,1036.5,827711
1710927000,1036.35,1037.0,1030.95,1033.95,1556247
1710927900,1033.95,1038.85,1032.9,1038.25,1053113
1710992700,1039.35,1045.1,1036.95,1041.8,902477
1710993600,1041.6,1048.0,1041.55,1047.35,398437
1710994500,1047.15,1047.35,1038.35,1038.9,449403
1710995400,1038.9,1050.55,1038.0,1048.5,380061
1710996300,1048.55,1050.0,1044.9,1045.35,467202
1710997200,1044.95,1046.9,1038.9,1040.05,471827
1710998100,1040.0,1043.45,1039.2,1042.9,197410
1710999000,1042.7,1045.4,1042.55,1043.6,152806
1710999900,1043.3,1043.4,1040.5,1040.8,194416
1711000800,1040.5,1042.0,1039.05,1039.55,160085
1711001700,1039.55,1039.9,1037.75,1038.95,209891
1711002600,1039.0,1039.25,1031.65,1032.55,347882
1711003500,1032.15,1034.0,1030.3,1033.95,270248
1711004400,1033.95,1037.25,1033.55,1035.5,243638
1711005300,1035.4,1037.0,1032.1,1034.3,343844
1711006200,1034.25,1036.0,1033.35,1034.9,175883
1711007100,1034.85,1035.7,1033.85,1034.7,180827
1711008000,1034.95,1038.0,1034.0,1035.1,242697
1711008900,1034.8,1035.45,1028.15,1032.25,383142
1711009800,1032.3,1033.45,1030.1,1031.9,421884
1711010700,1031.8,1033.85,1031.0,1031.5,385245
1711011600,1031.45,1033.95,1031.1,1032.85,350689
1711012500,1032.75,1033.8,1028.7,1032.75,526064
1711013400,1032.75,1036.45,1030.25,1035.9,1265647
1711014300,1036.5,1042.25,1035.9,1041.85,779666
1711079100,1040.1,1044.0,1033.75,1036.7,841621
1711080000,1036.3,1046.4,1036.2,1042.55,585623
1711080900,1042.6,1045.0,1038.2,1044.8,357073
1711081800,1044.65,1047.25,1042.0,1045.65,368405
1711082700,1046.0,1047.0,1042.0,1045.1,363573
1711083600,1045.25,1046.95,1042.5,1043.1,253872
1711084500,1043.15,1046.2,1040.85,1042.05,200538
1711085400,1041.8,1044.85,1041.4,1043.4,166924
1711086300,1043.0,1044.75,1040.0,1040.6,168616
1711087200,1040.4,1044.6,1039.95,1042.85,511916
1711088100,1042.4,1042.85,1039.5,1040.35,208772
1711089000,1040.45,1040.95,1038.35,1039.3,215840
1711089900,1039.35,1041.55,1038.7,1039.3,165452
1711090800,1039.3,1040.0,1038.4,1039.05,118757
1711091700,1039.0,1040.35,1038.75,1039.85,136984
1711092600,1039.8,1040.4,1038.6,1039.4,334743
1711093500,1039.3,1039.7,1037.3,1038.65,488898
1711094400,1038.5,1038.9,1036.35,1038.3,162520
1711095300,1038.3,1038.6,1036.5,1036.5,217964
1711096200,1036.9,1037.45,1033.5,1034.7,265974
1711097100,1034.9,1038.0,1033.6,1037.55,486681
1711098000,1037.55,1038.0,1034.6,1035.35,375765
1711098900,1035.7,1039.0,1035.25,1036.0,396959
1711099800,1035.9,1036.9,1030.5,1032.9,1686236
1711100700,1032.6,1033.8,1029.95,1031.0,809058
1711424700,1029.0,1039.65,1029.0,1034.35,1067245
1711425600,1034.25,1035.5,1031.95,1033.4,292714
1711426500,1033.3,1033.9,1031.05,1032.25,483598
1711427400,1032.3,1034.8,1028.4,1028.5,661163
1711428300,1028.35,1030.75,1027.5,1030.25,163433
1711429200,1030.2,1032.45,1030.0,1031.8,182495
1711430100,1031.8,1032.55,1030.5,1031.5,174903
1711431000,1031.5,1034.3,1031.0,1032.05,196639
1711431900,1032.05,1034.0,1032.0,1033.3,111094
1711432800,1033.25,1036.0,1032.25,1035.1,178186
1711433700,1035.05,1036.5,1034.35,1034.9,331349
1711434600,1034.6,1038.6,1034.5,1036.65,169851
1711435500,1036.65,1041.5,1036.65,1040.0,246787
1711436400,1040.0,1043.0,1040.0,1041.35,215264
1711437300,1041.7,1044.2,1041.3,1042.95,336169
1711438200,1042.95,1043.0,1041.25,1041.25,202425
1711439100,1041.5,1042.75,1039.7,1040.35,174765
1711440000,1040.35,1040.7,1036.6,1037.25,263861
1711440900,1037.25,1040.0,1036.05,1039.45,196578
1711441800,1039.35,1041.45,1038.65,1041.0,191093
1711442700,1041.0,1043.2,1040.2,1041.45,296445
1711443600,1041.45,1041.9,1038.6,1039.5,550965
1711444500,1039.4,1042.45,1038.5,1040.55,408551
1711445400,1040.5,1042.15,1037.5,1040.65,1570724
1711446300,1040.65,1043.8,1040.1,1042.25,989762
1711511100,1045.8,1049.8,1044.25,1045.8,842980
1711512000,1045.65,1048.95,1045.25,1048.5,494872
1711512900,1048.6,1051.7,1048.15,1051.7,586857
1711513800,1051.4,1053.9,1049.0,1049.7,479649
1711514700,1049.55,1053.05,1049.2,1051.55,237215
1711515600,1051.55,1053.5,1050.2,1052.15,594350
1711516500,1052.15,1052.85,1048.6,1050.0,722123
1711517400,1049.95,1052.35,1049.55,1051.05,493298
1711518300,1051.0,1051.55,1050.2,1050.75,219080
1711519200,1050.75,1050.95,1048.9,1049.05,239267
1711520100,1049.05,1049.45,1046.1,1046.15,210891
1711521000,1046.25,1048.35,1046.15,1047.2,233657
1711521900,1047.35,1048.75,1047.1,1047.5,163715
1711522800,1047.55,1047.95,1044.65,1044.7,267225
1711523700,1044.9,1046.45,1044.3,1044.85,153040
1711524600,1044.8,1046.75,1044.8,1046.2,353852
1711525500,1046.05,1047.6,1045.35,1046.7,208879
1711526400,1046.65,1050.55,1046.6,1047.6,1973284
1711527300,1047.65,1048.95,1047.0,1048.0,208280
1711528200,1048.05,1048.8,1047.75,1047.9,206565
1711529100,1047.95,1048.8,1046.9,1048.2,566675
1711530000,1048.2,1050.4,1047.5,1049.8,1302111
1711530900,1049.9,1051.45,1048.75,1050.3,1127095
1711531800,1050.4,1053.45,1049.6,1053.2,2855537
1711532700,1052.85,1057.55,1050.3,1052.0,2285631
1711597500,1052.85,1054.9,1050.05,1051.05,621778
1711598400,1051.05,1052.85,1049.05,1052.55,288270
1711599300,1052.55,1055.0,1050.35,1052.0,524174
1711600200,1052.1,1053.25,1051.4,1052.45,331530
1711601100,1052.1,1056.0,1050.7,1052.1,398718
1711602000,1051.8,1058.4,1051.55,1057.1,373176
1711602900,1057.05,1057.95,1054.3,1054.45,164296
1711603800,1054.35,1056.95,1053.1,1056.6,137164
1711604700,1056.25,1056.7,1053.4,1054.0,150207
1711605600,1054.0,1054.2,1051.8,1052.1,110354
1711606500,1052.15,1052.85,1050.15,1051.15,97443
1711607400,1051.05,1051.4,1047.35,1048.35,224156
1711608300,1048.35,1049.7,1048.0,1048.5,122986
1711609200,1048.15,1054.2,1048.15,1052.5,220857
1711610100,1052.6,1054.5,1051.35,1052.45,128001
1711611000,1052.15,1053.0,1050.4,1051.35,155080
1711611900,1051.4,1052.3,1049.25,1049.25,234906
1711612800,1049.2,1050.45,1048.1,1049.6,327200
1711613700,1049.6,1050.5,1048.0,1048.8,305426
1711614600,1048.8,1051.0,1048.55,1050.3,485606
1711615500,1050.25,1052.0,1049.3,1050.2,353209
1711616400,1050.3,1053.3,1050.25,1052.0,620455
1711617300,1052.0,1052.3,1048.55,1048.95,598616
1711618200,1048.95,1049.9,1045.45,1045.55,1892056
1711619100,1045.45,1047.9,1044.1,1046.5,1363998
1711943100,1052.35,1056.85,1048.9,1053.5,424588
1711944000,1053.5,1058.0,1052.9,1056.85,172840
1711944900,1057.2,1061.1,1056.4,1061.1,233414
1711945800,1061.3,1062.4,1057.4,1058.7,399019
1711946700,1059.0,1061.0,1058.2,1059.15,106220
1711947600,1058.9,1060.35,1056.3,1056.85,186312
1711948500,1056.85,1057.95,1055.4,1057.0,123058
1711949400,1057.0,1059.25,1054.6,1058.95,168072
1711950300,1059.35,1063.75,1058.6,1062.75,239105
1711951200,1062.75,1063.15,1060.05,1060.15,108620
1711952100,1060.2,1061.3,1059.55,1060.6,96759
1711953000,1060.35,1061.9,1059.9,1060.55,93330
1711953900,1060.55,1061.95,1060.55,1061.35,79115
1711954800,1061.35,1061.95,1059.6,1059.9,202831
1711955700,1059.9,1060.7,1058.5,1060.05,222294
1711956600,1060.05,1060.7,1056.5,1057.2,180678
1711957500,1057.2,1058.0,1055.0,1055.8,234919
1711958400,1055.7,1057.5,1055.0,1055.35,214111
1711959300,1055.05,1055.55,1053.35,1053.45,177581
1711960200,1053.45,1056.3,1053.0,1055.55,164317
1711961100,1055.15,1056.5,1055.0,1055.75,154080
1711962000,1055.75,1056.2,1053.4,1054.05,279492
1711962900,1054.05,1054.85,1052.25,1052.75,177276
1711963800,1052.65,1054.3,1050.65,1054.25,540632
1711964700,1054.0,1055.95,1051.5,1054.05,504850
1712029500,1051.0,1055.85,1047.1,1048.15,537507
1712030400,1048.1,1055.15,1048.05,1050.25,1015890
1712031300,1050.25,1050.45,1046.35,1046.9,274518
1712032200,1046.85,1049.6,1046.85,1049.0,170292
1712033100,1048.9,1050.3,1048.5,1049.85,1114526
1712034000,1049.5,1049.9,1044.45,1045.8,1308077
1712034900,1045.85,1047.1,1042.45,1043.5,372458
1712035800,1043.7,1047.95,1042.9,1045.0,785558
1712036700,1045.0,1046.8,1044.2,1045.0,613759
1712037600,1044.9,1045.7,1044.5,1044.9,312310
1712038500,1044.9,1045.15,1043.25,1043.45,178643
1712039400,1043.45,1045.4,1043.35,1044.85,154773
1712040300,1044.55,1045.0,1042.5,1042.75,292577
1712041200,1042.85,1044.8,1042.75,1043.85,282498
1712042100,1043.75,1043.85,1041.3,1042.0,306809
1712043000,1041.65,1042.45,1040.6,1040.75,325832
1712043900,1040.65,1043.3,1040.2,1043.3,427176
1712044800,1043.3,1044.65,1042.7,1043.5,482656
1712045700,1043.55,1043.65,1042.5,1042.75,315081
1712046600,1042.7,1043.2,1041.4,1043.2,352500
1712047500,1043.2,1045.45,1042.75,1045.0,897679
1712048400,1045.05,1046.95,1044.85,1046.0,435778
1712049300,1046.0,1046.1,1043.85,1044.2,337393
1712050200,1044.1,1046.75,1042.85,1046.25,1136028
1712051100,1046.4,1053.0,1046.15,1050.0,1187436
1712115900,1043.8,1061.6,1043.75,1057.25,1603344
1712116800,1057.2,1058.0,1052.8,1055.6,312426
1712117700,1055.5,1055.8,1052.8,1054.65,483735
1712118600,1054.4,1056.25,1051.15,1054.4,270054
1712119500,1054.1,1056.5,1053.6,1056.0,202732
1712120400,1056.0,1056.35,1052.65,1053.3,130161
1712121300,1053.3,1055.25,1052.2,1054.9,426843
1712122200,1054.95,1055.1,1053.25,1053.95,163112
1712123100,1053.9,1054.9,1051.15,1053.7,335385
1712124000,1053.7,1054.9,1052.7,1053.65,130657
1712124900,1053.75,1054.0,1052.3,1053.05,137549
1712125800,1053.05,1059.0,1052.85,1058.9,306970
1712126700,1059.0,1064.95,1058.9,1063.6,842095
1712127600,1063.6,1066.95,1063.0,1065.0,368602
1712128500,1065.3,1067.85,1064.9,1065.95,320920
1712129400,1066.0,1067.9,1065.7,1065.95,317206
1712130300,1066.0,1070.3,1065.95,1068.25,399429
1712131200,1068.3,1069.6,1065.8,1067.55,340889
1712132100,1067.6,1067.75,1065.15,1066.3,366569
1712133000,1066.35,1066.75,1064.65,1065.2,403653
1712133900,1065.2,1066.5,1063.2,1066.05,383925
1712134800,1066.5,1066.8,1064.0,1064.6,402712
1712135700,1064.2,1065.0,1063.5,1064.65,384571
1712136600,1064.65,1065.75,1061.45,1064.5,1278206
1712137500,1064.35,1065.85,1059.0,1061.0,1260355
1712202300,1070.0,1080.7,1066.05,1072.65,2064675
1712203200,1072.95,1073.95,1067.1,1067.3,620267
1712204100,1067.45,1073.3,1065.85,1067.5,697849
1712205000,1067.4,1069.0,1063.1,1063.1,432613
1712205900,1063.1,1067.9,1063.0,1065.0,253699
1712206800,1065.0,1067.9,1064.1,1066.0,199249
1712207700,1066.05,1070.0,1066.0,1069.65,1031555
1712208600,1069.65,1073.65,1068.75,1073.1,364061
1712209500,1073.4,1074.0,1069.25,1069.75,469491
1712210400,1069.75,1070.75,1069.05,1069.75,296809
1712211300,1069.75,1070.25,1066.75,1067.5,375876
1712212200,1067.5,1068.65,1066.5,1068.25,253413
1712213100,1068.25,1072.0,1068.2,1070.9,276585
1712214000,1070.9,1075.0,1070.65,1073.3,412828
1712214900,1073.55,1074.5,1071.7,1072.85,393489
1712215800,1073.2,1073.5,1068.65,1070.55,385343
1712216700,1070.45,1073.2,1069.5,1073.1,403122
1712217600,1073.1,1075.0,1069.7,1070.3,434017
1712218500,1070.3,1071.35,1068.2,1069.0,350170
1712219400,1069.0,1069.5,1067.7,1068.45,528051
1712220300,1068.45,1069.85,1066.6,1067.3,1893939
1712221200,1067.05,1072.25,1065.6,1068.45,1056720
1712222100,1068.45,1068.5,1062.5,1063.15,1047507
1712223000,1063.0,1063.65,1059.15,1062.8,2791012
1712223900,1062.95,1067.75,1061.65,1066.0,931308
1712288700,1061.1,1063.0,1050.35,1052.15,993609
1712289600,1052.15,1054.75,1051.5,1053.1,1517416
1712290500,1053.1,1053.15,1048.25,1050.15,249848
1712291400,1050.0,1052.55,1048.1,1049.6,187003
1712292300,1049.6,1054.0,1048.35,1053.0,794460
1712293200,1053.35,1054.0,1049.0,1052.0,186965
1712294100,1052.0,1055.7,1051.7,1054.7,340324
1712295000,1054.7,1056.85,1053.6,1055.0,236124
1712295900,1055.0,1056.0,1052.0,1052.65,316109
1712296800,1052.9,1054.85,1052.7,1054.2,83042
1712297700,1054.0,1057.7,1053.5,1056.4,153630
1712298600,1056.4,1056.65,1052.45,1052.9,156553
1712299500,1052.75,1053.6,1051.2,1051.8,198344
1712300400,1051.75,1053.95,1051.4,1052.9,205368
1712301300,1052.9,1054.0,1052.4,1053.55,146703
1712302200,1053.5,1054.6,1052.3,1052.45,149458
1712303100,1052.35,1053.55,1052.0,1052.0,157472
1712304000,1051.95,1054.5,1051.95,1053.1,180581
1712304900,1053.05,1055.75,1053.0,1055.0,180796
1712305800,1055.05,1057.35,1054.7,1055.0,234226
1712306700,1054.85,1058.75,1054.7,1057.5,281183
1712307600,1057.5,1058.7,1055.0,1055.25,329131
1712308500,1055.0,1058.15,1053.4,1057.85,416485
1712309400,1057.55,1061.05,1056.0,1059.95,1002534
1712310300,1059.95,1062.95,1058.4,1062.2,512065
1712547900,1067.0,1073.95,1063.55,1069.9,513668
1712548800,1069.9,1071.0,1068.05,1069.4,180688
1712549700,1069.4,1073.7,1068.0,1071.0,277015
1712550600,1071.0,1072.95,1070.25,1071.1,149834
1712551500,1071.1,1072.8,1070.25,1071.95,139261
1712552400,1072.05,1073.0,1070.45,1072.7,119337
1712553300,1072.75,1073.7,1071.8,1073.35,107915
1712554200,1073.4,1073.4,1072.0,1072.05,102229
1712555100,1072.1,1075.9,1071.55,1074.8,241444
1712556000,1074.85,1075.6,1073.4,1075.35,152880
1712556900,1075.35,1075.7,1074.25,1074.85,73070
1712557800,1074.85,1075.15,1074.35,1074.55,63659
1712558700,1074.55,1076.8,1073.2,1076.8,138175
1712559600,1076.75,1079.2,1076.1,1076.2,280392
1712560500,1076.3,1077.6,1075.15,1076.55,140926
1712561400,1076.55,1079.45,1076.55,1077.0,505219
1712562300,1077.05,1079.4,1072.65,1073.75,187446
1712563200,1073.5,1075.4,1073.15,1074.7,192994
1712564100,1074.7,1075.2,1072.4,1072.4,125014
1712565000,1072.4,1074.0,1072.0,1073.15,91277
1712565900,1073.15,1075.5,1072.95,1074.45,114146
1712566800,1074.65,1076.0,1073.5,1073.8,95563
1712567700,1074.2,1076.0,1073.25,1076.0,92454
1712568600,1075.95,1077.0,1074.05,1076.95,513649
1712569500,1076.95,1077.55,1075.8,1077.0,368584
1712634300,1090.0,1090.0,1071.35,1080.0,2757055
1712635200,1079.75,1083.0,1077.35,1078.7,418132
1712636100,1078.65,1081.6,1078.4,1080.4,302868
1712637000,1080.35,1082.0,1079.3,1081.25,205731
1712637900,1081.2,1089.9,1081.15,1088.2,1785945
1712638800,1087.9,1089.5,1085.4,1087.05,239777
1712639700,1087.0,1087.5,1084.6,1086.0,154489
1712640600,1086.0,1086.9,1081.65,1082.5,205595
1712641500,1082.5,1086.55,1082.0,1085.15,318300
1712642400,1085.35,1088.6,1084.3,1087.8,169138
1712643300,1087.8,1087.8,1086.05,1086.2,217575
1712644200,1086.15,1087.0,1084.5,1085.15,305171
1712645100,1085.3,1085.5,1083.05,1084.45,141029
1712646000,1084.4,1085.25,1080.65,1080.9,326727
1712646900,1080.9,1084.8,1080.3,1083.05,188428
1712647800,1083.35,1084.3,1082.2,1082.55,124865
1712648700,1082.55,1083.45,1081.0,1081.9,190645
1712649600,1081.9,1082.35,1080.1,1080.55,187195
1712650500,1080.55,1083.0,1080.3,1081.65,409800
1712651400,1081.9,1082.45,1079.05,1079.9,227775
1712652300,1079.9,1082.65,1078.4,1081.5,296967
1712653200,1081.5,1082.0,1079.4,1080.7,308750
1712654100,1080.95,1081.9,1079.4,1079.95,369489
1712655000,1079.9,1080.55,1078.15,1080.15,865703
1712655900,1080.2,1082.2,1078.65,1079.95,667765
1712720700,1086.2,1087.0,1080.0,1085.2,987540
1712721600,1085.15,1090.0,1084.5,1088.65,472237
1712722500,1088.65,1090.95,1087.1,1090.7,331498
1712723400,1090.7,1091.15,1086.85,1089.85,305298
1712724300,1089.85,1090.4,1087.55,1089.85,270908
1712725200,1089.65,1091.35,1089.2,1090.45,308971
1712726100,1090.45,1091.2,1089.95,1090.7,182931
1712727000,1090.7,1093.0,1090.05,1092.4,282410
1712727900,1092.45,1092.45,1089.7,1091.6,320504
1712728800,1091.4,1093.0,1091.2,1092.05,249043
1712729700,1091.75,1092.5,1090.1,1091.5,233514
1712730600,1091.5,1092.45,1090.95,1091.9,224250
1712731500,1091.8,1092.2,1090.0,1090.8,207547
1712732400,1090.5,1091.6,1087.5,1087.7,311837
1712733300,1087.5,1088.25,1085.2,1086.15,322264
1712734200,1085.75,1086.95,1085.0,1085.2,201142
1712735100,1085.25,1088.55,1085.0,1086.85,277002
1712736000,1086.5,1088.35,1086.1,1088.3,143541
1712736900,1088.3,1088.7,1085.7,1085.9,174071
1712737800,1085.75,1086.95,1084.6,1085.3,245899
1712738700,1085.35,1085.7,1084.2,1085.05,169203
1712739600,1085.4,1087.25,1084.5,1086.55,373354
1712740500,1086.55,1090.75,1085.4,1088.1,456070
1712741400,1088.45,1089.8,1086.7,1088.35,1178645
1712742300,1088.35,1088.35,1083.6,1084.4,833965
1712893500,1079.5,1087.75,1079.5,1086.2,662888
1712894400,1086.15,1088.85,1083.6,1085.0,1454088
1712895300,1084.75,1090.0,1084.0,1088.2,918390
1712896200,1088.2,1090.75,1085.1,1086.2,1070060
1712897100,1086.05,1087.85,1084.15,1086.9,622062
1712898000,1086.95,1088.5,1085.95,1087.65,352216
1712898900,1087.6,1091.2,1087.0,1089.1,1422826
1712899800,1089.2,1093.65,1089.1,1092.35,428284
1712900700,1092.15,1096.4,1090.0,1090.1,1951651
1712901600,1090.3,1090.3,1087.25,1088.75,323541
1712902500,1088.8,1088.95,1087.5,1087.85,243499
1712903400,1087.8,1089.05,1087.75,1087.8,262869
1712904300,1087.85,1088.5,1084.0,1085.45,880513
1712905200,1085.55,1085.9,1081.35,1082.25,677061
1712906100,1082.3,1084.65,1082.0,1084.25,437284
1712907000,1084.0,1084.5,1079.35,1079.6,577268
1712907900,1079.6,1080.25,1078.15,1079.4,476608
1712908800,1079.45,1080.4,1078.7,1079.0,403877
1712909700,1079.05,1079.95,1077.85,1078.7,502102
1712910600,1078.65,1079.0,1073.55,1074.5,588751
1712911500,1074.5,1076.75,1074.3,1076.45,415651
1712912400,1076.45,1078.25,1073.95,1074.3,379105
1712913300,1074.3,1075.95,1073.8,1074.3,555272
1712914200,1074.2,1075.5,1072.4,1073.75,1255767
1712915100,1073.65,1074.9,1071.1,1072.1,1183090
1713152700,1063.1,1071.0,1062.65,1063.25,1008115
1713153600,1063.1,1063.55,1061.55,1062.55,426586
1713154500,1062.55,1063.7,1057.7,1061.35,981274
1713155400,1061.35,1061.65,1058.95,1060.7,583519
1713156300,1060.85,1061.4,1059.2,1060.1,301390
1713157200,1060.1,1061.25,1059.5,1060.45,146746
1713158100,1060.45,1064.95,1060.45,1063.65,344694
1713159000,1063.85,1064.5,1061.1,1061.1,135793
1713159900,1061.15,1062.45,1061.0,1062.05,159651
1713160800,1062.05,1062.8,1061.05,1061.6,102091
1713161700,1061.5,1062.6,1061.5,1061.55,116432
1713162600,1061.5,1063.7,1061.3,1061.65,157335
1713163500,1061.65,1062.95,1061.5,1061.5,107514
1713164400,1061.6,1062.95,1061.15,1062.7,96926
1713165300,1062.65,1065.0,1061.5,1064.2,154306
1713166200,1064.25,1066.9,1063.95,1066.15,185090
1713167100,1066.2,1067.45,1065.25,1066.35,190104
1713168000,1066.35,1067.3,1066.0,1067.05,163264
1713168900,1067.05,1068.0,1063.8,1064.15,929856
1713169800,1064.15,1066.9,1064.0,1065.1,138447
1713170700,1065.0,1066.0,1062.6,1063.25,215851
1713171600,1063.65,1064.15,1061.35,1061.65,205916
1713172500,1061.6,1063.55,1060.45,1061.95,499013
1713173400,1061.95,1062.35,1055.7,1056.1,878354
1713174300,1056.15,1058.7,1055.25,1057.75,660921
1713239100,1049.95,1054.0,1044.35,1051.25,764461
1713240000,1051.65,1053.95,1050.35,1050.65,284031
1713240900,1050.8,1054.85,1049.9,1050.2,232047
1713241800,1050.45,1051.55,1047.35,1051.25,293154
1713242700,1051.25,1053.0,1050.0,1052.85,146138
1713243600,1052.8,1055.9,1052.45,1053.9,190690
1713244500,1053.85,1057.85,1053.65,1055.55,188859
1713245400,1055.75,1056.5,1054.25,1054.45,160779
1713246300,1054.7,1056.0,1052.7,1053.7,383947
1713247200,1054.0,1056.25,1053.0,1053.9,269659
1713248100,1053.9,1054.6,1053.2,1054.2,132902
1713249000,1054.0,1055.6,1053.05,1055.05,111855
1713249900,1055.05,1055.8,1053.3,1054.2,101130
1713250800,1054.2,1054.55,1052.1,1053.35,133880
1713251700,1053.35,1054.15,1052.3,1053.45,131490
1713252600,1053.45,1054.35,1052.8,1053.35,188737
1713253500,1053.35,1054.25,1051.8,1053.95,153378
1713254400,1053.95,1054.95,1053.1,1053.25,194372
1713255300,1053.25,1053.7,1051.8,1052.8,180116
1713256200,1052.8,1054.5,1052.25,1052.75,220491
1713257100,1052.75,1054.5,1052.65,1053.95,190987
1713258000,1054.25,1055.35,1052.55,1053.15,221717
1713258900,1053.15,1053.2,1049.15,1049.7,536196
1713259800,1049.7,1053.25,1049.4,1053.25,1084794
1713260700,1053.5,1055.9,1052.75,1055.9,611962
1713411900,1044.15,1051.4,1043.65,1043.8,1631220
1713412800,1043.85,1043.95,1039.6,1040.55,423175
1713413700,1040.65,1045.5,1040.5,1045.0,323488
1713414600,1045.4,1046.0,1041.65,1042.1,292447
1713415500,1041.65,1042.15,1038.0,1039.0,579592
1713416400,1039.0,1041.75,1038.4,1039.1,378513
1713417300,1039.15,1039.35,1036.95,1037.35,392442
1713418200,1037.35,1044.1,1036.5,1042.95,274947
1713419100,1042.95,1044.9,1042.6,1042.6,443507
1713420000,1042.9,1044.9,1040.15,1041.25,283714
1713420900,1041.25,1043.65,1040.6,1043.1,180546
1713421800,1043.3,1043.75,1038.0,1038.0,365538
1713422700,1038.05,1039.65,1037.0,1037.4,379866
1713423600,1037.4,1037.9,1034.1,1034.3,1002153
1713424500,1034.15,1035.7,1032.75,1034.95,481944
1713425400,1034.95,1037.75,1034.0,1037.6,640410
1713426300,1037.4,1040.7,1031.15,1032.15,732679
1713427200,1032.25,1037.85,1028.05,1029.9,877955
1713428100,1030.25,1030.75,1022.75,1027.65,1093103
1713429000,1027.7,1027.95,1023.6,1026.1,641713
1713429900,1026.0,1027.3,1024.45,1026.2,440049
1713430800,1026.25,1026.6,1018.05,1019.0,719180
1713431700,1019.0,1020.8,1013.85,1019.55,1345020
1713432600,1019.7,1025.75,1019.05,1024.75,2007933
1713433500,1024.75,1027.1,1021.0,1025.85,1901141
1713411900,1044.15,1051.4,1043.65,1043.8,1631220
1713412800,1043.85,1043.95,1039.6,1040.55,423175
1713413700,1040.65,1045.5,1040.5,1045.0,323488
1713414600,1045.4,1046.0,1041.65,1042.1,292447
1713415500,1041.65,1042.15,1038.0,1039.0,579592
1713416400,1039.0,1041.75,1038.4,1039.1,378513
1713417300,1039.15,1039.35,1036.95,1037.35,392442
1713418200,1037.35,1044.1,1036.5,1042.95,274947
1713419100,1042.95,1044.9,1042.6,1042.6,443507
1713420000,1042.9,1044.9,1040.15,1041.25,283714
1713420900,1041.25,1043.65,1040.6,1043.1,180546
1713421800,1043.3,1043.75,1038.0,1038.0,365538
1713422700,1038.05,1039.65,1037.0,1037.4,379866
1713423600,1037.4,1037.9,1034.1,1034.3,1002153
1713424500,1034.15,1035.7,1032.75,1034.95,481944
1713425400,1034.95,1037.75,1034.0,1037.6,640410
1713426300,1037.4,1040.7,1031.15,1032.15,732679
1713427200,1032.25,1037.85,1028.05,1029.9,877955
1713428100,1030.25,1030.75,1022.75,1027.65,1093103
1713429000,1027.7,1027.95,1023.6,1026.1,641713
1713429900,1026.0,1027.3,1024.45,1026.2,440049
1713430800,1026.25,1026.6,1018.05,1019.0,719180
1713431700,1019.0,1020.8,1013.85,1019.55,1345020
1713432600,1019.7,1025.75,1019.05,1024.75,2007933
1713433500,1024.75,1027.1,1021.0,1025.85,1901141
1713498300,1015.0,1016.5,1001.0,1004.1,2323024
1713499200,1003.9,1005.5,997.15,999.05,1511656
1713500100,999.15,1005.95,998.05,1001.1,1020255
1713501000,1001.15,1006.0,999.0,1004.0,946770
1713501900,1003.7,1004.45,999.2,1000.55,1621339
1713502800,1000.7,1001.5,995.7,997.6,829890
1713503700,997.6,1000.0,996.25,997.35,658753
1713504600,997.35,1000.3,996.25,999.9,641199
1713505500,999.9,1002.7,999.35,999.9,923398
1713506400,1000.1,1003.95,999.6,1002.95,482609
1713507300,1002.95,1007.25,1001.0,1001.4,1609898
1713508200,1001.55,1002.0,999.5,1001.35,320624
1713509100,1001.35,1005.65,1000.75,1004.85,416529
1713510000,1004.85,1011.0,1004.0,1010.05,482910
1713510900,1010.0,1014.5,1009.55,1011.3,558398
1713511800,1011.4,1013.75,1009.1,1012.45,452459
1713512700,1012.45,1013.6,1009.3,1009.4,302702
1713513600,1009.4,1020.6,1008.6,1019.4,645490
1713514500,1019.4,1031.0,1018.0,1023.3,975691
1713515400,1023.4,1036.95,1023.0,1029.65,754499
1713516300,1029.65,1031.9,1025.3,1026.4,602033
1713517200,1026.1,1029.95,1025.55,1026.45,531141
1713518100,1026.5,1033.8,1026.25,1031.25,857899
1713519000,1031.1,1031.3,1026.55,1030.2,1401710
1713519900,1030.2,1032.9,1027.05,1031.15,727044
1713757500,1039.0,1050.8,1032.0,1045.75,1065216
1713758400,1045.75,1048.3,1043.15,1043.85,349071
1713759300,1043.75,1049.0,1042.4,1045.45,380019
1713760200,1045.45,1047.65,1044.0,1045.5,476170
1713761100,1045.5,1047.5,1045.0,1045.95,265427
1713762000,1046.0,1047.9,1044.85,1047.6,181328
1713762900,1047.6,1048.25,1046.5,1047.55,153670
1713763800,1047.55,1051.55,1046.15,1050.45,254640
1713764700,1050.45,1051.65,1048.3,1050.65,223976
1713765600,1050.8,1052.7,1050.65,1050.8,173897
1713766500,1050.95,1052.65,1050.95,1052.65,136220
1713767400,1052.85,1053.35,1050.55,1051.4,192933
1713768300,1051.4,1053.0,1051.05,1052.1,142193
1713769200,1052.1,1052.95,1050.95,1051.05,185598
1713770100,1051.1,1051.75,1049.5,1050.05,200295
1713771000,1050.0,1051.9,1049.5,1051.2,184967
1713771900,1051.35,1051.95,1049.8,1051.6,140570
1713772800,1051.55,1053.35,1051.25,1053.05,169466
1713773700,1053.1,1056.5,1052.6,1056.05,283795
1713774600,1056.1,1057.4,1055.0,1057.4,213320
1713775500,1057.4,1058.5,1052.25,1053.0,388578
1713776400,1052.6,1055.9,1052.15,1054.75,313849
1713777300,1055.2,1055.35,1052.25,1052.7,1012774
1713778200,1052.8,1055.0,1052.1,1054.45,1373143
1713779100,1054.5,1055.35,1053.1,1053.1,949140
1713843900,1058.0,1060.25,1050.85,1052.6,1194721
1713844800,1052.6,1052.75,1050.0,1051.3,192166
1713845700,1051.2,1053.95,1049.1,1053.6,226095
1713846600,1053.9,1055.9,1053.0,1055.2,151863
1713847500,1055.2,1055.45,1053.1,1053.1,202197
1713848400,1053.1,1055.8,1051.95,1054.5,138352
1713849300,1054.5,1055.45,1052.7,1053.0,157020
1713850200,1053.0,1055.15,1052.95,1054.2,170906
1713851100,1054.25,1055.45,1053.0,1054.7,182403
1713852000,1054.25,1055.3,1052.7,1053.75,216952
1713852900,1053.75,1054.0,1052.85,1053.05,209890
1713853800,1053.3,1054.0,1052.55,1053.55,154050
1713854700,1053.6,1054.0,1052.9,1053.1,338990
1713855600,1053.1,1053.6,1052.65,1053.0,207676
1713856500,1053.0,1053.05,1050.1,1051.9,350435
1713857400,1052.0,1052.25,1051.05,1051.65,282911
1713858300,1051.55,1053.65,1048.75,1052.85,437311
1713859200,1052.85,1056.25,1051.75,1054.65,417643
1713860100,1054.6,1055.3,1052.85,1053.35,214282
1713861000,1053.25,1054.0,1052.05,1053.95,166498
1713861900,1054.0,1059.85,1053.3,1058.35,386094
1713862800,1058.9,1059.55,1056.45,1056.5,259845
1713863700,1056.75,1058.0,1055.75,1057.45,194787
1713864600,1057.45,1057.7,1053.2,1056.25,1221868
1713865500,1056.35,1058.45,1055.0,1055.0,621825
1713930300,1056.0,1068.55,1056.0,1062.7,619536
1713931200,1062.25,1064.1,1060.6,1061.9,205519
1713932100,1061.9,1066.5,1061.9,1065.15,225040
1713933000,1065.5,1068.95,1064.05,1064.6,282249
1713933900,1064.7,1066.4,1062.55,1063.5,160851
1713934800,1063.55,1063.55,1061.3,1062.55,106770
1713935700,1062.55,1064.85,1062.1,1063.75,88019
1713936600,1063.8,1064.55,1063.0,1064.1,74207
1713937500,1063.65,1064.25,1062.7,1063.5,75429
1713938400,1063.5,1063.85,1059.3,1060.0,108211
1713939300,1059.85,1064.9,1059.8,1064.05,118142
1713940200,1064.05,1064.8,1062.25,1064.25,119246
1713941100,1064.25,1064.5,1060.75,1061.85,145878
1713942000,1061.85,1064.35,1061.5,1063.2,187333
1713942900,1063.2,1063.95,1062.3,1063.8,149908
1713943800,1063.8,1065.15,1063.05,1064.85,147959
1713944700,1064.85,1065.75,1063.8,1064.75,248989
1713945600,1064.95,1066.5,1064.8,1065.5,161879
1713946500,1065.5,1065.6,1061.45,1061.85,264744
1713947400,1061.5,1063.25,1060.35,1063.0,194706
1713948300,1063.0,1065.2,1062.1,1064.25,204544
1713949200,1064.1,1065.8,1062.75,1064.2,273384
1713950100,1064.25,1065.0,1063.05,1064.5,308995
1713951000,1064.5,1064.85,1061.5,1062.35,714747
1713951900,1062.4,1066.0,1061.3,1065.0,454691
1714016700,1100.0,1104.15,1086.1,1103.6,6277233
1714017600,1103.75,1119.5,1103.75,1110.15,3448306
1714018500,1110.3,1110.8,1103.65,1105.75,1479960
1714019400,1105.75,1109.65,1097.7,1107.7,1670343
1714020300,1107.55,1109.1,1102.2,1105.8,776829
1714021200,1105.4,1109.9,1104.45,1107.15,584714
1714022100,1107.3,1114.5,1104.55,1113.75,1060409
1714023000,1113.4,1120.4,1112.5,1114.75,1836077
1714023900,1114.75,1118.55,1112.5,1114.55,1027510
1714024800,1114.6,1118.0,1113.0,1114.2,1027720
1714025700,1114.2,1116.6,1110.3,1111.45,1274119
1714026600,1111.15,1112.35,1109.35,1111.0,573618
1714027500,1111.15,1118.4,1110.7,1116.65,1381185
1714028400,1116.7,1126.85,1116.05,1124.0,2442545
1714029300,1123.9,1131.0,1121.7,1125.85,1804494
1714030200,1125.5,1132.6,1123.2,1128.95,1935968
1714031100,1128.95,1130.0,1118.8,1119.0,1895873
1714032000,1119.0,1127.85,1118.4,1125.0,1384856
1714032900,1124.95,1130.7,1124.6,1130.55,1168177
1714033800,1130.6,1133.6,1129.5,1132.4,1620016
1714034700,1132.35,1133.95,1124.85,1125.0,1286497
1714035600,1124.95,1128.25,1124.45,1125.0,1500428
1714036500,1125.0,1131.2,1122.4,1129.3,2064909
1714037400,1129.1,1130.15,1124.35,1127.5,3696156
1714038300,1127.7,1129.9,1124.7,1127.45,2915804
1714103100,1130.0,1141.35,1125.1,1130.65,1000595
1714104000,1130.65,1130.7,1123.0,1125.1,425256
1714104900,1125.0,1130.0,1124.35,1129.8,298782
1714105800,1129.8,1132.0,1127.65,1128.5,600735
1714106700,1128.65,1134.6,1126.3,1126.65,353483
1714107600,1126.65,1130.6,1125.5,1130.0,332113
1714108500,1129.95,1133.0,1128.25,1133.0,205865
1714109400,1133.0,1133.9,1131.35,1132.35,251947
1714110300,1132.6,1133.0,1130.7,1132.05,208645
1714111200,1132.4,1134.0,1131.05,1131.05,237090
1714112100,1131.05,1133.2,1130.9,1131.55,357851
1714113000,1131.55,1133.0,1130.8,1132.1,238643
1714113900,1132.1,1134.9,1132.0,1134.75,329261
1714114800,1134.75,1138.55,1134.0,1136.2,578663
1714115700,1136.2,1138.3,1135.0,1137.5,244788
1714116600,1137.5,1138.5,1137.0,1137.6,220967
1714117500,1137.35,1138.0,1133.0,1133.95,189823
1714118400,1133.95,1134.3,1129.75,1131.25,416446
1714119300,1131.2,1131.95,1128.6,1128.8,405770
1714120200,1129.25,1134.0,1128.65,1132.5,375634
1714121100,1132.65,1134.85,1130.05,1131.15,450463
1714122000,1131.15,1133.0,1130.0,1132.25,431539
1714122900,1132.3,1132.5,1130.0,1131.0,556534
1714123800,1131.05,1131.05,1126.65,1129.65,803830
1714124700,1129.55,1134.4,1128.85,1131.0,618622
1714362300,1130.3,1137.05,1125.3,1135.75,1029874
1714363200,1135.85,1137.0,1133.2,1135.65,419286
1714364100,1135.9,1136.0,1130.7,1134.8,364752
1714365000,1134.8,1143.0,1133.8,1142.5,592049
1714365900,1142.5,1148.75,1141.55,1142.15,842861
1714366800,1142.35,1145.4,1141.55,1144.15,345434
1714367700,1144.15,1146.5,1143.6,1145.35,261287
1714368600,1145.1,1145.55,1142.05,1142.6,380050
1714369500,1142.5,1146.7,1140.0,1145.55,621503
1714370400,1145.55,1150.2,1144.5,1149.15,500455
1714371300,1149.0,1151.35,1147.5,1150.95,546856
1714372200,1151.0,1151.8,1149.8,1150.95,388195
1714373100,1150.9,1152.75,1150.75,1151.4,492871
1714374000,1151.3,1151.3,1145.95,1149.05,502077
1714374900,1149.45,1152.4,1147.6,1152.4,456922
1714375800,1152.1,1152.95,1149.75,1150.3,423838
1714376700,1150.3,1156.35,1149.8,1155.75,696973
1714377600,1155.7,1161.2,1153.8,1159.95,855058
1714378500,1160.2,1164.0,1159.0,1163.65,593274
1714379400,1163.55,1163.9,1159.75,1160.25,471425
1714380300,1160.1,1160.7,1158.1,1158.35,356179
1714381200,1158.3,1162.25,1157.2,1160.1,421546
1714382100,1160.1,1161.7,1157.5,1159.1,570423
1714383000,1159.15,1160.75,1156.7,1159.85,1766963
1714383900,1159.85,1161.0,1158.0,1159.7,1282440
1714448700,1160.15,1166.0,1157.4,1160.55,1179868
1714449600,1160.75,1162.9,1155.55,1156.5,530591
1714450500,1156.55,1164.0,1155.15,1163.75,648025
1714451400,1163.75,1165.0,1157.75,1160.35,628504
1714452300,1160.5,1164.95,1160.3,1164.15,462840
1714453200,1163.95,1165.45,1162.95,1165.35,666768
1714454100,1165.35,1167.9,1163.25,1166.7,628928
1714455000,1166.65,1166.9,1162.45,1166.8,413490
1714455900,1166.9,1171.35,1166.05,1168.0,810204
1714456800,1168.0,1168.95,1163.55,1166.95,460027
1714457700,1166.95,1168.35,1164.05,1167.85,316243
1714458600,1167.85,1168.2,1164.85,1165.9,260282
1714459500,1165.9,1166.8,1164.3,1165.3,239134
1714460400,1165.3,1168.15,1163.25,1165.9,286352
1714461300,1165.95,1166.5,1161.55,1162.25,333168
1714462200,1162.1,1163.55,1158.35,1159.9,523905
1714463100,1159.45,1162.7,1158.35,1161.45,427700
1714464000,1161.45,1165.55,1161.0,1164.35,522005
1714464900,1164.3,1167.35,1163.0,1167.05,391388
1714465800,1167.35,1178.4,1167.0,1178.4,1367965
1714466700,1178.7,1182.9,1177.75,1178.85,800173
1714467600,1179.05,1179.8,1176.05,1176.5,627046
1714468500,1176.85,1176.9,1169.2,1172.35,1457502
1714469400,1172.4,1173.9,1162.85,1165.95,3006257
1714470300,1165.95,1166.75,1162.1,1162.45,1976677
1714621500,1156.0,1174.0,1156.0,1169.2,933516
1714622400,1169.0,1169.9,1164.45,1166.4,327193
1714623300,1166.2,1167.0,1158.5,1165.15,376952
1714624200,1165.0,1169.35,1164.95,1166.8,295161
1714625100,1166.2,1168.2,1162.25,1164.25,205714
1714626000,1163.9,1166.75,1163.6,1165.95,447486
1714626900,1165.4,1166.0,1161.5,1163.4,252086
1714627800,1163.0,1163.5,1156.65,1158.3,397700
1714628700,1158.5,1160.0,1155.0,1159.85,279549
1714629600,1159.6,1161.8,1157.0,1157.05,229976
1714630500,1157.05,1158.2,1154.6,1155.05,243250
1714631400,1155.05,1157.2,1154.3,1156.55,380932
1714632300,1156.45,1157.65,1155.4,1156.25,400256
1714633200,1156.1,1156.45,1155.05,1156.0,195979
1714634100,1155.95,1156.1,1154.5,1155.6,158993
1714635000,1155.65,1157.15,1155.5,1157.15,2877567
1714635900,1156.95,1157.15,1154.05,1155.45,188572
1714636800,1155.35,1155.75,1153.6,1154.85,181765
1714637700,1154.85,1155.75,1154.0,1154.1,246405
1714638600,1154.1,1154.95,1150.05,1150.15,283874
1714639500,1150.1,1152.25,1149.05,1150.45,301492
1714640400,1150.5,1152.35,1148.9,1150.5,353160
1714641300,1150.4,1153.95,1149.7,1150.6,253143
1714642200,1150.5,1151.85,1148.0,1150.15,1397245
1714643100,1150.05,1152.05,1149.0,1150.0,1093622
1714707900,1150.9,1163.25,1150.9,1159.7,697989
1714708800,1159.7,1160.0,1155.0,1158.25,194929
1714709700,1158.3,1159.0,1155.6,1157.55,124475
1714710600,1157.55,1158.55,1154.3,1156.1,308311
1714711500,1156.15,1156.65,1147.0,1148.75,559258
1714712400,1148.75,1152.55,1144.0,1145.05,984281
1714713300,1144.55,1148.1,1144.0,1144.65,481765
1714714200,1144.5,1145.6,1142.6,1144.8,182590
1714715100,1144.65,1145.1,1140.05,1140.45,199104
1714716000,1140.35,1141.8,1138.15,1141.05,510504
1714716900,1141.0,1144.0,1138.85,1143.3,450483
1714717800,1143.6,1145.4,1141.8,1142.35,270546
1714718700,1142.35,1144.85,1141.15,1142.65,186499
1714719600,1142.4,1147.15,1142.3,1145.1,498738
1714720500,1145.1,1145.6,1137.0,1138.85,257305
1714721400,1138.75,1141.45,1137.4,1139.0,224243
1714722300,1138.9,1142.0,1138.7,1141.5,204261
1714723200,1141.45,1142.0,1134.1,1138.35,409883
1714724100,1138.2,1141.45,1137.0,1139.75,201258
1714725000,1139.75,1141.7,1138.15,1141.25,152365
1714725900,1140.75,1141.8,1137.85,1140.1,201843
1714726800,1140.15,1141.95,1138.5,1141.55,255801
1714727700,1141.55,1143.45,1140.3,1142.7,563507
1714728600,1142.7,1143.25,1138.5,1142.5,1040101
1714729500,1142.45,1143.8,1140.0,1140.4,832612
1714967100,1143.9,1151.75,1135.65,1151.4,1067500
1714968000,1151.4,1154.0,1148.3,1153.45,502306
1714968900,1153.35,1154.9,1149.35,1150.3,360095
1714969800,1150.3,1155.0,1150.15,1151.4,407399
1714970700,1151.9,1152.9,1148.35,1150.65,444818
1714971600,1150.9,1152.9,1150.5,1152.1,218311
1714972500,1152.15,1154.9,1151.4,1153.95,216738
1714973400,1154.25,1156.0,1152.1,1153.4,157647
1714974300,1153.1,1155.0,1151.85,1152.05,115512
1714975200,1151.85,1152.05,1149.3,1150.15,104398
1714976100,1150.15,1150.95,1149.0,1150.95,124547
1714977000,1150.95,1150.95,1146.8,1147.25,125564
1714977900,1147.25,1147.8,1143.55,1144.75,117788
1714978800,1144.7,1146.1,1143.9,1144.15,94365
1714979700,1144.15,1144.95,1141.1,1143.2,114745
1714980600,1143.2,1144.5,1142.0,1142.4,95372
1714981500,1142.55,1144.4,1142.05,1142.25,110665
1714982400,1142.65,1145.75,1141.45,1145.5,143935
1714983300,1145.5,1145.5,1142.4,1143.25,139464
1714984200,1142.95,1144.75,1141.0,1142.0,188528
1714985100,1141.65,1144.35,1141.45,1142.3,157298
1714986000,1142.25,1143.0,1139.25,1141.15,412433
1714986900,1141.15,1145.95,1140.95,1143.65,435235
1714987800,1143.65,1145.2,1141.2,1144.05,952449
1714988700,1143.8,1145.75,1142.9,1144.5,681032
1715053500,1146.05,1148.8,1141.2,1142.5,336335
1715054400,1142.3,1143.15,1138.3,1140.05,188089
1715055300,1140.05,1141.2,1135.5,1135.9,235490
1715056200,1135.75,1135.85,1131.0,1133.85,294376
1715057100,1133.6,1134.9,1130.3,1131.85,303623
1715058000,1131.6,1132.8,1128.1,1129.05,161494
1715058900,1129.0,1132.0,1128.75,1130.7,197350
1715059800,1130.5,1132.75,1130.1,1131.65,317249
1715060700,1131.85,1133.1,1128.2,1131.45,2281305
1715061600,1131.45,1132.75,1128.8,1129.55,213925
1715062500,1129.6,1130.9,1126.2,1127.7,223836
1715063400,1127.7,1128.2,1124.05,1127.65,275054
1715064300,1127.65,1128.0,1125.7,1126.6,82590
1715065200,1126.6,1130.0,1126.15,1129.8,66130
1715066100,1129.8,1132.0,1129.45,1131.75,98877
1715067000,1132.0,1132.75,1129.1,1131.2,97127
1715067900,1131.05,1134.6,1130.95,1133.95,157995
1715068800,1133.9,1136.5,1133.7,1135.85,120587
1715069700,1135.75,1136.75,1133.1,1134.4,88599
1715070600,1134.4,1135.5,1133.3,1134.35,42539
1715071500,1134.35,1134.5,1129.7,1130.1,83362
1715072400,1130.1,1133.0,1129.9,1131.85,60548
1715073300,1131.85,1132.25,1129.15,1130.45,116468
1715074200,1130.35,1130.45,1126.4,1129.6,582437
1715075100,1129.3,1129.75,1124.8,1127.65,489727
1715139900,1124.65,1132.0,1123.7,1124.15,537771
1715140800,1123.95,1129.25,1123.1,1127.8,358781
1715141700,1127.4,1128.65,1122.5,1122.55,277823
1715142600,1122.65,1125.85,1122.2,1123.65,263946
1715143500,1123.35,1125.45,1118.25,1120.05,355369
1715144400,1119.9,1124.8,1118.65,1124.2,142317
1715145300,1123.8,1128.95,1123.6,1127.5,168945
1715146200,1127.5,1129.95,1126.4,1128.45,175363
1715147100,1128.45,1135.45,1126.3,1128.35,443869
1715148000,1128.85,1131.9,1127.6,1128.85,191552
1715148900,1128.85,1132.4,1127.55,1130.1,106253
1715149800,1130.1,1130.45,1127.4,1129.1,107483
1715150700,1129.05,1129.75,1124.65,1125.9,138293
1715151600,1126.05,1127.1,1124.9,1125.4,90917
1715152500,1124.95,1129.7,1124.95,1126.25,103618
1715153400,1126.25,1128.0,1123.15,1127.85,226399
1715154300,1127.85,1130.4,1127.55,1128.25,92307
1715155200,1128.1,1130.65,1124.6,1126.7,192083
1715156100,1126.75,1127.7,1124.65,1126.0,181484
1715157000,1126.0,1129.5,1125.35,1129.5,214566
1715157900,1129.5,1131.55,1127.45,1130.55,161323
1715158800,1130.6,1133.0,1128.25,1131.6,200179
1715159700,1131.05,1131.25,1128.3,1128.9,525734
1715160600,1128.8,1129.95,1126.2,1127.9,1820743
1715161500,1127.75,1132.9,1127.75,1132.0,1098425
1715226300,1122.0,1134.55,1122.0,1125.4,489271
1715227200,1125.4,1128.3,1124.4,1127.75,185237
1715228100,1127.6,1131.7,1127.0,1128.2,130302
1715229000,1128.3,1131.35,1127.0,1127.35,154681
1715229900,1127.4,1128.75,1119.4,1120.35,195701
1715230800,1120.35,1124.1,1120.05,1122.15,115087
1715231700,1122.5,1126.95,1121.3,1124.6,112842
1715232600,1124.6,1124.85,1121.25,1122.6,66542
1715233500,1122.45,1124.4,1120.55,1123.65,99414
1715234400,1123.6,1126.0,1122.75,1125.3,143077
1715235300,1125.3,1127.0,1124.55,1126.95,91337
1715236200,1127.0,1128.5,1125.65,1127.4,82640
1715237100,1127.7,1130.0,1127.35,1128.6,83461
1715238000,1128.75,1130.0,1126.75,1128.1,84726
1715238900,1128.1,1128.85,1122.1,1123.0,232629
1715239800,1123.0,1125.6,1122.9,1124.55,86434
1715240700,1125.0,1126.45,1123.65,1126.35,112486
1715241600,1125.95,1126.6,1125.0,1126.0,85294
1715242500,1126.4,1130.0,1125.45,1128.15,307110
1715243400,1128.2,1128.45,1122.0,1124.5,294176
1715244300,1124.25,1125.0,1121.1,1121.75,180182
1715245200,1121.85,1122.65,1117.55,1119.0,424180
1715246100,1118.95,1119.6,1113.5,1117.85,268628
1715247000,1117.8,1117.85,1115.1,1115.6,635388
1715247900,1115.65,1119.0,1112.2,1119.0,565446
1715312700,1123.7,1138.95,1119.3,1138.6,1728118
1715313600,1138.3,1140.0,1129.25,1132.8,580878
1715314500,1132.55,1133.75,1126.15,1132.9,400178
1715315400,1132.85,1134.55,1129.6,1130.55,399233
1715316300,1130.55,1131.95,1125.35,1126.05,208646
1715317200,1126.0,1130.5,1124.5,1128.8,151020
1715318100,1128.25,1128.7,1123.2,1125.05,130836
1715319000,1125.15,1126.7,1124.3,1124.6,90454
1715319900,1124.8,1130.3,1124.0,1129.35,212786
1715320800,1129.4,1129.85,1126.0,1126.9,124661
1715321700,1126.85,1127.05,1124.25,1126.6,122978
1715322600,1126.55,1127.6,1124.25,1124.25,113248
1715323500,1124.25,1126.65,1123.05,1124.5,96587
1715324400,1124.25,1125.0,1121.65,1122.8,113630
1715325300,1122.75,1122.75,1115.9,1116.0,235519
1715326200,1115.7,1116.45,1113.35,1116.1,211466
1715327100,1116.1,1118.5,1115.0,1118.5,160175
1715328000,1118.2,1120.15,1117.15,1119.6,144249
1715328900,1119.6,1121.05,1118.8,1120.4,109520
1715329800,1120.4,1120.45,1117.8,1118.65,98081
1715330700,1118.7,1120.0,1116.5,1117.45,194981
1715331600,1117.45,1118.8,1115.4,1117.0,159681
1715332500,1117.0,1117.9,1115.45,1116.4,244454
1715333400,1116.25,1121.85,1116.25,1120.5,742489
1715334300,1120.15,1122.5,1119.45,1122.25,468421
1715571900,1120.1,1124.55,1111.2,1113.7,342382
1715572800,1113.95,1120.6,1112.7,1120.5,307279
1715573700,1120.25,1120.65,1116.45,1118.85,210660
1715574600,1118.8,1120.35,1114.0,1117.45,222876
1715575500,1117.7,1117.85,1109.3,1110.55,120337
1715576400,1110.5,1110.7,1106.0,1107.5,194732
1715577300,1107.5,1108.9,1105.55,1106.5,80637
1715578200,1106.5,1109.9,1105.05,1108.35,177244
1715579100,1108.3,1110.25,1106.85,1108.1,189200
1715580000,1108.2,1112.1,1108.0,1109.55,191767
1715580900,1109.15,1109.9,1107.35,1107.85,65624
1715581800,1107.85,1110.0,1107.1,1109.25,71965
1715582700,1109.25,1113.75,1108.05,1113.05,135711
1715583600,1113.05,1117.0,1112.35,1115.4,210697
1715584500,1115.0,1116.95,1113.0,1116.2,117455
1715585400,1116.2,1118.0,1114.8,1117.7,78513
1715586300,1117.7,1118.65,1113.0,1113.8,79660
1715587200,1113.95,1114.0,1110.65,1113.35,158049
1715588100,1113.15,1130.0,1112.05,1129.45,481001
1715589000,1129.45,1131.2,1127.6,1130.2,292101
1715589900,1130.0,1133.8,1127.45,1128.2,172030
1715590800,1128.7,1133.0,1128.1,1130.35,321709
1715591700,1130.8,1133.7,1130.45,1131.35,282290
1715592600,1131.8,1133.7,1128.65,1132.5,641589
1715593500,1132.55,1135.4,1132.1,1133.9,367268
1715658300,1129.95,1136.1,1122.6,1127.3,560938
1715659200,1127.3,1129.45,1125.5,1127.2,366817
1715660100,1127.2,1128.45,1120.8,1124.3,281823
1715661000,1124.75,1124.9,1118.3,1120.3,192603
1715661900,1120.1,1122.75,1119.3,1121.3,226276
1715662800,1121.3,1124.25,1120.0,1123.9,178322
1715663700,1124.05,1124.05,1120.55,1121.2,102241
1715664600,1121.05,1124.75,1121.05,1124.2,110419
1715665500,1124.3,1124.4,1119.55,1119.7,111303
1715666400,1119.6,1121.75,1118.1,1121.05,108065
1715667300,1121.3,1122.5,1120.05,1122.3,72501
1715668200,1122.15,1122.5,1120.0,1120.8,107764
1715669100,1121.1,1122.4,1119.0,1121.3,154221
1715670000,1121.25,1122.0,1118.45,1118.8,173311
1715670900,1118.7,1122.75,1118.2,1122.0,188194
1715671800,1121.8,1123.0,1120.5,1121.2,143693
1715672700,1121.25,1122.3,1120.0,1122.2,112973
1715673600,1122.2,1123.95,1122.0,1123.65,133829
1715674500,1123.65,1126.0,1123.15,1125.85,167040
1715675400,1125.8,1127.3,1125.05,1125.8,200504
1715676300,1125.9,1126.5,1122.6,1125.95,194052
1715677200,1125.6,1126.05,1124.0,1124.85,127273
1715678100,1124.7,1125.85,1122.75,1122.75,358675
1715679000,1123.0,1124.55,1122.15,1122.7,658832
1715679900,1122.75,1124.0,1121.0,1123.05,439408
1715744700,1125.55,1130.9,1122.5,1123.5,255301
1715745600,1123.2,1126.0,1120.6,1125.5,231986
1715746500,1125.5,1131.2,1125.25,1126.05,279176
1715747400,1126.05,1126.95,1121.1,1121.9,244429
1715748300,1121.9,1125.25,1120.7,1120.7,310661
1715749200,1120.9,1123.95,1120.3,1121.2,98248
1715750100,1121.5,1123.4,1120.65,1121.95,74123
1715751000,1122.2,1125.0,1121.45,1122.0,157419
1715751900,1122.0,1123.75,1119.1,1119.25,156896
1715752800,1119.25,1121.45,1118.6,1120.7,151906
1715753700,1120.55,1124.45,1120.2,1124.1,149403
1715754600,1124.3,1126.0,1122.5,1124.8,115195
1715755500,1124.9,1125.85,1122.8,1124.35,87930
1715756400,1124.35,1126.0,1122.7,1123.5,114515
1715757300,1123.55,1124.0,1121.0,1122.15,81786
1715758200,1122.15,1123.15,1120.85,1121.45,58615
1715759100,1121.45,1123.25,1120.5,1121.95,78148
1715760000,1121.95,1122.0,1119.55,1121.85,87548
1715760900,1121.85,1124.9,1120.85,1123.95,124655
1715761800,1124.3,1127.2,1123.65,1126.7,260141
1715762700,1126.45,1127.0,1123.7,1124.45,318248
1715763600,1124.4,1128.35,1124.05,1126.1,308742
1715764500,1126.45,1127.45,1124.8,1126.25,183499
1715765400,1126.3,1129.7,1126.25,1128.95,811211
1715766300,1128.65,1129.3,1126.35,1128.0,696513
1715831100,1134.15,1134.5,1128.1,1128.65,581100
1715832000,1128.65,1131.2,1126.0,1126.0,396273
1715832900,1126.1,1129.8,1125.7,1128.65,271325
1715833800,1128.6,1130.0,1126.4,1127.7,248530
1715834700,1127.6,1128.15,1119.65,1121.25,441107
1715835600,1121.25,1122.2,1120.0,1121.7,205419
1715836500,1121.65,1121.65,1116.4,1116.5,295654
1715837400,1116.4,1118.45,1111.3,1114.95,278197
1715838300,1114.7,1118.55,1113.7,1117.25,315471
1715839200,1117.25,1120.75,1116.1,1120.5,264173
1715840100,1120.5,1122.75,1119.25,1122.15,322140
1715841000,1122.05,1132.45,1121.8,1132.35,411658
1715841900,1132.35,1133.6,1126.2,1127.95,402745
1715842800,1127.95,1128.55,1123.25,1127.8,298057
1715843700,1127.7,1128.6,1124.25,1125.7,298120
1715844600,1125.7,1126.0,1122.45,1123.25,262442
1715845500,1123.05,1123.45,1118.5,1120.05,371881
1715846400,1119.8,1120.8,1118.45,1120.05,265267
1715847300,1119.9,1126.1,1119.35,1123.85,520022
1715848200,1124.25,1126.15,1122.15,1122.6,470363
1715849100,1122.6,1126.85,1122.3,1126.65,392913
1715850000,1126.65,1132.7,1125.85,1132.1,806625
1715850900,1132.1,1136.5,1131.0,1135.8,711016
1715851800,1135.8,1139.2,1135.75,1138.2,1086778
1715852700,1138.15,1143.95,1137.1,1141.9,832409
1715917500,1132.0,1137.3,1126.1,1128.7,1509742
1715918400,1128.7,1131.9,1127.1,1131.25,357869
1715919300,1131.2,1140.95,1130.4,1138.7,443349
1715920200,1138.8,1139.25,1130.2,1130.55,1001386
1715921100,1130.1,1136.15,1128.35,1135.35,508019
1715922000,1135.45,1138.1,1133.8,1137.85,447864
1715922900,1137.4,1138.85,1136.25,1137.2,273213
1715923800,1137.55,1141.55,1136.85,1141.3,615183
1715924700,1141.4,1141.95,1138.45,1139.35,358352
1715925600,1139.3,1139.95,1137.25,1138.5,90626
1715926500,1138.45,1142.4,1138.0,1141.05,119657
1715927400,1141.05,1142.45,1138.95,1139.65,532243
1715928300,1139.65,1141.5,1139.05,1140.9,83635
1715929200,1140.85,1145.0,1139.75,1143.15,393069
1715930100,1143.1,1144.7,1141.75,1143.45,170794
1715931000,1143.4,1144.6,1142.15,1143.8,258949
1715931900,1143.4,1144.55,1141.75,1141.85,180448
1715932800,1141.85,1144.8,1140.4,1141.75,294102
1715933700,1141.8,1143.0,1141.0,1141.45,164829
1715934600,1141.45,1143.35,1141.45,1142.6,171802
1715935500,1142.65,1143.65,1141.85,1142.0,279231
1715936400,1142.1,1143.8,1142.0,1142.85,155991
1715937300,1142.65,1143.5,1139.45,1140.5,364001
1715938200,1140.55,1142.0,1137.3,1141.75,609309
1715939100,1141.75,1146.0,1140.95,1144.0,526254
1716003900,1142.0,1144.95,1137.05,1138.8,34714
1716004800,1138.9,1140.4,1138.85,1139.7,11465
1716005700,1139.7,1140.0,1137.1,1139.45,38376
1716012000,1140.0,1142.95,1137.0,1142.9,22637
1716012900,1142.9,1143.9,1141.25,1141.9,9804
1716013800,1141.9,1143.75,1141.5,1143.75,17132
1716014700,1143.1,1145.0,1142.0,1142.15,35384
1716263100,1136.0,1142.0,1133.0,1133.65,1432619
1716264000,1133.95,1135.25,1131.8,1133.0,381058
1716264900,1133.05,1134.75,1131.2,1131.9,227857
1716265800,1131.9,1133.0,1130.25,1131.05,178383
1716266700,1130.85,1134.4,1129.2,1134.0,244861
1716267600,1133.9,1135.7,1133.1,1134.7,209992
1716268500,1134.8,1137.0,1134.35,1135.35,171438
1716269400,1135.25,1139.75,1135.2,1139.65,208810
1716270300,1139.7,1141.05,1137.45,1140.45,228816
1716271200,1140.55,1140.9,1139.3,1140.5,134440
1716272100,1140.5,1142.7,1140.05,1141.2,160830
1716273000,1141.2,1142.6,1139.7,1141.3,244702
1716273900,1141.15,1141.65,1139.25,1141.2,135227
1716274800,1141.15,1142.5,1140.75,1141.45,167769
1716275700,1141.5,1145.75,1141.05,1144.45,223830
1716276600,1144.4,1145.3,1141.7,1142.05,216986
1716277500,1142.1,1142.4,1139.0,1139.45,460609
1716278400,1139.5,1140.7,1138.3,1138.4,256496
1716279300,1138.4,1139.85,1137.9,1138.35,213989
1716280200,1138.55,1139.95,1138.3,1139.7,212078
1716281100,1139.8,1141.2,1138.0,1138.3,312084
1716282000,1138.2,1139.8,1137.4,1138.6,240200
1716282900,1138.7,1139.05,1136.5,1137.05,225106
1716283800,1137.05,1139.55,1136.4,1137.6,959379
1716284700,1137.55,1138.35,1134.65,1137.7,713953
1716349500,1142.0,1142.0,1132.0,1133.65,940235
1716350400,1133.75,1135.6,1128.1,1128.55,418795
1716351300,1128.65,1130.35,1125.75,1129.25,423259
1716352200,1129.6,1132.4,1128.55,1129.8,196108
1716353100,1129.75,1131.85,1126.65,1127.3,266393
1716354000,1127.3,1128.95,1126.75,1127.15,218459
1716354900,1127.0,1129.95,1127.0,1128.1,122922
1716355800,1128.2,1128.45,1123.7,1124.6,397965
1716356700,1124.45,1125.2,1122.5,1124.6,212124
1716357600,1124.6,1126.05,1122.0,1125.0,132621
1716358500,1125.0,1127.35,1124.7,1125.65,155242
1716359400,1125.6,1129.9,1125.1,1127.3,158301
1716360300,1127.2,1128.8,1124.5,1125.5,162889
1716361200,1125.5,1126.65,1123.65,1124.65,158109
1716362100,1124.65,1124.85,1122.95,1124.35,116559
1716363000,1124.35,1124.5,1122.35,1123.7,350508
1716363900,1123.75,1125.9,1123.25,1125.1,173025
1716364800,1125.1,1125.6,1122.05,1123.65,284895
1716365700,1123.65,1131.35,1123.1,1130.0,489319
1716366600,1129.95,1130.5,1125.45,1126.25,264250
1716367500,1126.25,1129.6,1125.5,1128.85,208751
1716368400,1128.85,1130.85,1128.0,1129.05,238429
1716369300,1129.0,1129.15,1117.95,1120.65,571929
1716370200,1120.65,1128.65,1119.45,1127.75,1546161
1716371100,1127.7,1133.25,1127.65,1131.4,886368
1716435900,1126.0,1135.8,1125.75,1135.5,665532
1716436800,1135.2,1141.65,1133.95,1141.55,802989
1716437700,1141.3,1145.95,1140.0,1142.5,875625
1716438600,1142.3,1148.75,1140.8,1148.65,806679
1716439500,1148.65,1154.8,1147.85,1153.8,537121
1716440400,1153.8,1156.0,1152.25,1155.0,742770
1716441300,1154.6,1155.8,1150.5,1151.3,285075
1716442200,1151.1,1152.2,1149.5,1149.8,216321
1716443100,1150.0,1150.75,1148.5,1149.55,182234
1716444000,1149.6,1154.8,1149.55,1154.65,327054
1716444900,1154.6,1160.5,1154.05,1159.4,422638
1716445800,1159.45,1161.85,1158.1,1161.8,419043
1716446700,1161.4,1167.45,1161.0,1167.15,536063
1716447600,1167.0,1168.65,1165.0,1165.7,341431
1716448500,1165.7,1169.45,1164.6,1169.0,334875
1716449400,1169.0,1169.65,1164.25,1165.25,386385
1716450300,1165.1,1165.5,1160.55,1161.35,478565
1716451200,1161.35,1163.3,1159.2,1162.0,384571
1716452100,1162.0,1163.8,1157.7,1158.9,451374
1716453000,1158.95,1163.35,1158.6,1163.15,366807
1716453900,1163.05,1165.95,1162.9,1164.55,801885
1716454800,1164.55,1164.7,1161.2,1163.35,257904
1716455700,1163.35,1164.05,1159.2,1160.4,338935
1716456600,1160.2,1167.5,1160.2,1166.2,1125569
1716457500,1166.25,1167.3,1162.35,1164.0,730417
1716522300,1165.5,1174.65,1165.5,1168.55,873435
1716523200,1168.6,1171.9,1165.25,1168.35,362664
1716524100,1168.25,1170.0,1164.5,1165.35,325511
1716525000,1165.15,1166.7,1161.2,1162.0,269878
1716525900,1161.9,1166.95,1161.3,1163.1,207680
1716526800,1163.1,1163.2,1160.6,1162.2,217514
1716527700,1162.1,1163.8,1161.25,1162.75,163299
1716528600,1162.75,1165.9,1161.2,1162.0,274053
1716529500,1161.8,1164.9,1161.7,1162.5,166385
1716530400,1162.5,1163.5,1161.25,1163.15,193946
1716531300,1163.35,1166.45,1162.5,1166.2,276595
1716532200,1166.2,1168.65,1166.0,1167.9,380676
1716533100,1167.65,1168.7,1165.55,1167.15,196247
1716534000,1167.1,1170.6,1166.7,1169.5,199988
1716534900,1169.15,1173.0,1169.1,1172.0,241012
1716535800,1171.95,1174.85,1170.75,1174.05,494841
1716536700,1174.05,1175.0,1173.15,1173.95,230461
1716537600,1174.0,1174.0,1171.75,1172.6,329395
1716538500,1172.7,1174.0,1170.7,1171.0,367042
1716539400,1171.0,1173.4,1169.75,1173.0,340866
1716540300,1173.15,1175.0,1172.9,1174.25,276189
1716541200,1174.2,1176.8,1171.35,1176.3,525805
1716542100,1176.2,1176.4,1173.75,1175.8,250725
1716543000,1175.7,1177.0,1173.05,1174.1,712694
1716543900,1174.1,1174.65,1171.55,1172.95,936676
1716781500,1178.9,1181.7,1176.0,1176.95,693658
1716782400,1177.05,1178.75,1171.25,1177.65,438859
1716783300,1177.5,1179.1,1174.6,1175.2,274216
1716784200,1175.2,1177.1,1172.4,1175.95,377355
1716785100,1175.95,1178.65,1175.0,1176.6,176635
1716786000,1176.65,1176.95,1172.9,1174.6,200613
1716786900,1174.55,1175.05,1170.4,1172.7,254796
1716787800,1172.75,1173.65,1170.2,1171.45,168721
1716788700,1171.35,1172.95,1168.0,1169.4,200357
1716789600,1169.35,1172.55,1169.05,1172.2,177652
1716790500,1172.15,1182.0,1171.35,1180.3,352139
1716791400,1180.5,1182.5,1178.0,1182.25,388901
1716792300,1182.25,1187.0,1180.5,1186.35,540851
1716793200,1186.65,1191.7,1185.9,1191.2,442180
1716794100,1191.35,1193.9,1189.0,1192.35,446700
1716795000,1192.35,1194.35,1190.3,1191.5,347759
1716795900,1191.5,1192.8,1189.8,1189.95,221637
1716796800,1189.55,1192.15,1189.55,1191.65,245147
1716797700,1191.65,1194.0,1186.0,1189.65,439548
1716798600,1189.5,1194.0,1189.35,1193.35,531820
1716799500,1193.35,1196.0,1192.9,1194.55,567721
1716800400,1194.5,1195.4,1191.0,1191.7,401549
1716801300,1191.45,1193.05,1187.45,1187.55,806849
1716802200,1187.45,1191.95,1182.0,1187.2,1112849
1716803100,1186.75,1189.85,1182.85,1187.25,641074
1716867900,1188.0,1192.4,1183.7,1190.0,354368
1716868800,1190.0,1190.0,1182.9,1184.75,151743
1716869700,1184.85,1187.6,1183.0,1187.2,170470
1716870600,1187.25,1190.0,1184.0,1185.85,136318
1716871500,1185.85,1189.0,1184.7,1186.9,89413
1716872400,1186.9,1187.45,1181.45,1182.8,163134
1716873300,1182.5,1183.5,1182.0,1182.95,106953
1716874200,1183.0,1183.0,1181.7,1182.6,61172
1716875100,1182.8,1184.3,1182.15,1183.95,97431
1716876000,1183.95,1186.2,1181.25,1184.7,115042
1716876900,1184.85,1185.55,1181.95,1182.6,66546
1716877800,1182.35,1183.4,1179.0,1179.5,139075
1716878700,1179.5,1183.45,1179.05,1183.15,104419
1716879600,1182.85,1185.0,1179.5,1184.3,100506
1716880500,1184.3,1188.4,1183.9,1185.5,104527
1716881400,1185.9,1188.2,1184.65,1187.2,66536
1716882300,1187.2,1189.8,1186.3,1188.0,99681
1716883200,1188.05,1188.4,1184.45,1186.45,112434
1716884100,1186.7,1187.65,1184.7,1185.5,84833
1716885000,1185.65,1187.25,1184.7,1186.95,85516
1716885900,1186.9,1188.0,1186.0,1187.1,90003
1716886800,1187.1,1187.65,1185.05,1185.2,151526
1716887700,1185.1,1185.7,1183.2,1184.3,148639
1716888600,1184.2,1184.8,1181.65,1184.65,685828
1716889500,1184.7,1185.8,1180.0,1181.0,532497
1716954300,1172.0,1185.9,1172.0,1172.7,916804
1716955200,1172.25,1176.5,1171.45,1175.3,399203
1716956100,1175.3,1176.7,1174.4,1175.5,217257
1716957000,1175.5,1177.3,1166.8,1169.3,508461
1716957900,1169.35,1170.45,1164.05,1168.0,278050
1716958800,1168.05,1168.6,1165.0,1165.6,200763
1716959700,1165.4,1166.55,1164.0,1164.8,142584
1716960600,1164.5,1166.7,1164.4,1165.25,129331
1716961500,1165.5,1168.55,1162.45,1166.2,160663
1716962400,1166.25,1167.2,1164.0,1164.65,97544
1716963300,1164.65,1166.0,1163.7,1165.1,98839
1716964200,1165.1,1168.0,1164.35,1167.35,120280
1716965100,1167.35,1168.0,1165.2,1166.3,151264
1716966000,1166.35,1167.9,1165.85,1167.25,105001
1716966900,1167.4,1170.65,1166.4,1167.35,238914
1716967800,1166.95,1169.4,1166.55,1167.8,92013
1716968700,1168.3,1170.2,1167.2,1167.7,124593
1716969600,1167.7,1169.9,1165.0,1165.7,394550
1716970500,1165.3,1165.75,1160.55,1162.85,744182
1716971400,1162.25,1164.45,1160.2,1162.95,278502
1716972300,1163.0,1164.0,1161.45,1162.0,136708
1716973200,1162.0,1163.9,1160.15,1163.5,261775
1716974100,1163.45,1165.75,1157.25,1160.95,771121
1716975000,1161.0,1162.5,1156.9,1158.75,1698720
1716975900,1158.7,1165.0,1156.0,1164.95,1150885
1717040700,1155.2,1174.25,1155.0,1173.8,705792
1717041600,1174.4,1179.8,1171.75,1174.9,476832
1717042500,1175.0,1175.95,1171.15,1172.35,180343
1717043400,1172.05,1172.6,1167.0,1167.15,177015
1717044300,1167.1,1171.45,1166.2,1168.2,161303
1717045200,1168.2,1168.4,1163.5,1165.6,287680
1717046100,1165.7,1167.0,1163.05,1163.15,147098
1717047000,1163.35,1166.45,1162.5,1163.7,133623
1717047900,1163.7,1165.0,1161.85,1163.25,121314
1717048800,1163.75,1163.75,1158.15,1160.5,247659
1717049700,1160.5,1162.0,1158.4,1159.0,141189
1717050600,1159.0,1162.5,1159.0,1159.9,249246
1717051500,1160.1,1163.1,1158.85,1160.65,135090
1717052400,1160.65,1164.55,1160.1,1162.4,181260
1717053300,1162.4,1165.5,1160.8,1164.5,183925
1717054200,1164.5,1165.7,1163.95,1164.55,126018
1717055100,1164.25,1165.75,1163.7,1164.85,83393
1717056000,1164.9,1168.8,1164.2,1168.15,267116
1717056900,1168.2,1173.95,1167.2,1171.55,325924
1717057800,1171.9,1172.5,1169.25,1169.35,95221
1717058700,1169.6,1171.2,1167.55,1167.8,142845
1717059600,1167.5,1169.8,1166.1,1168.3,181540
1717060500,1168.3,1170.7,1165.5,1165.7,244723
1717061400,1165.75,1170.3,1163.55,1167.4,1344448
1717062300,1167.4,1173.0,1166.65,1172.0,886809
1717127100,1173.0,1178.0,1171.5,1172.35,881440
1717128000,1172.35,1175.1,1170.15,1172.3,245486
1717128900,1171.95,1172.6,1167.0,1167.2,237040
1717129800,1167.0,1168.7,1164.15,1164.45,226113
1717130700,1164.45,1165.35,1159.6,1162.4,210105
1717131600,1162.35,1163.45,1160.0,1161.2,168215
1717132500,1161.3,1163.95,1158.95,1159.6,92374
1717133400,1159.55,1161.15,1158.8,1161.05,83181
1717134300,1160.85,1161.5,1157.3,1159.4,117771
1717135200,1159.4,1170.0,1159.2,1167.6,200104
1717136100,1167.65,1170.0,1165.6,1167.5,206854
1717137000,1167.55,1168.7,1166.4,1166.55,130484
1717137900,1166.75,1168.45,1165.2,1166.45,129313
1717138800,1166.5,1168.2,1163.6,1166.45,211828
1717139700,1166.45,1166.45,1162.0,1163.95,115302
1717140600,1163.95,1165.45,1161.3,1162.9,265843
1717141500,1162.45,1166.15,1162.45,1166.0,110817
1717142400,1165.9,1166.8,1164.05,1165.6,151456
1717143300,1166.0,1168.0,1165.35,1166.8,272467
1717144200,1166.8,1167.7,1162.0,1164.05,322482
1717145100,1164.6,1164.7,1155.55,1156.25,521178
1717146000,1156.25,1157.75,1153.4,1154.9,585183
1717146900,1154.8,1160.45,1154.0,1159.5,431739
1717147800,1159.45,1163.0,1158.85,1160.2,2270923
1717148700,1160.2,1166.25,1160.1,1164.05,1869814
1717386300,1197.05,1230.0,1197.05,1203.35,3983305
1717387200,1204.35,1207.0,1193.4,1197.05,1112225
1717388100,1196.8,1208.25,1195.2,1205.3,976679
1717389000,1205.35,1209.35,1199.85,1207.95,764150
1717389900,1207.95,1212.9,1204.3,1212.7,496544
1717390800,1212.8,1215.6,1211.25,1212.55,546554
1717391700,1212.3,1220.7,1212.3,1219.9,520274
1717392600,1219.65,1224.0,1217.45,1220.1,979582
1717393500,1220.0,1227.0,1219.25,1226.7,1349383
1717394400,1226.7,1232.75,1224.4,1231.25,666121
1717395300,1231.05,1242.2,1230.55,1241.35,1129748
1717396200,1241.4,1241.8,1232.05,1234.0,685924
1717397100,1234.05,1235.25,1229.1,1230.7,356046
1717398000,1230.7,1231.8,1218.4,1220.6,468741
1717398900,1220.3,1224.95,1217.95,1223.3,559030
1717399800,1223.45,1225.0,1220.0,1223.8,439841
1717400700,1223.75,1224.0,1217.75,1218.1,408995
1717401600,1218.05,1218.2,1208.2,1214.3,1150032
1717402500,1214.35,1215.9,1211.55,1214.45,548728
1717403400,1214.45,1215.7,1211.5,1212.4,518213
1717404300,1212.45,1216.7,1210.1,1212.95,490323
1717405200,1213.05,1222.25,1211.45,1220.35,469039
1717406100,1220.35,1223.85,1217.6,1222.5,588864
1717407000,1222.4,1223.55,1219.35,1223.2,1641980
1717407900,1223.15,1230.0,1222.8,1230.0,1346605
1717472700,1224.0,1224.0,1158.25,1159.35,2405442
1717473600,1159.35,1187.7,1157.45,1166.8,1575542
1717474500,1167.3,1192.95,1166.5,1184.9,995313
1717475400,1184.9,1189.95,1180.45,1189.7,642363
1717476300,1189.4,1189.85,1169.65,1176.75,1184987
1717477200,1176.75,1181.2,1167.0,1169.1,778443
1717478100,1169.6,1174.0,1152.2,1156.85,568696
1717479000,1156.95,1158.0,1116.95,1144.75,841243
1717479900,1144.75,1169.85,1142.6,1163.1,753557
1717480800,1162.9,1165.65,1148.5,1150.0,735912
1717481700,1149.8,1155.6,1139.35,1139.65,492931
1717482600,1139.35,1139.85,1104.6,1124.95,814961
1717483500,1124.95,1141.05,1121.05,1122.65,648488
1717484400,1122.95,1136.0,1101.55,1134.2,951923
1717485300,1134.05,1143.55,1123.85,1133.2,672405
1717486200,1132.9,1142.8,1125.0,1142.8,1078034
1717487100,1142.65,1153.3,1134.5,1140.0,670636
1717488000,1139.9,1142.8,1125.25,1138.3,849822
1717488900,1138.7,1163.45,1138.5,1152.55,1339739
1717489800,1152.6,1152.85,1130.05,1150.45,764278
1717490700,1150.5,1151.45,1137.0,1137.05,550220
1717491600,1137.15,1154.45,1137.15,1142.65,1093538
1717492500,1142.65,1144.5,1128.95,1128.95,674315
1717493400,1129.1,1137.8,1120.45,1134.2,1804281
1717494300,1135.25,1149.0,1129.6,1138.0,1246992
1717559100,1138.0,1145.0,1117.45,1121.4,1737425
1717560000,1121.65,1131.45,1119.3,1123.25,1138161
1717560900,1123.2,1126.25,1110.7,1112.15,1372929
1717561800,1112.2,1128.6,1112.0,1128.05,859657
1717562700,1128.0,1129.75,1111.3,1113.2,851928
1717563600,1113.2,1123.05,1111.6,1122.35,410224
1717564500,1122.35,1131.4,1121.05,1130.15,367773
1717565400,1130.45,1144.8,1129.7,1144.75,464773
1717566300,1144.55,1152.0,1140.35,1149.45,646363
1717567200,1149.45,1152.85,1143.0,1143.05,295352
1717568100,1143.0,1143.55,1130.9,1136.6,614714
1717569000,1137.2,1141.25,1135.75,1139.0,385465
1717569900,1139.4,1146.85,1139.05,1146.3,277498
1717570800,1146.3,1154.2,1144.7,1148.85,437061
1717571700,1148.8,1157.2,1142.15,1156.6,659850
1717572600,1156.25,1158.6,1152.1,1154.1,609748
1717573500,1153.85,1159.95,1152.9,1159.75,580210
1717574400,1159.75,1162.9,1157.3,1161.4,622369
1717575300,1161.35,1165.0,1159.05,1164.0,655512
1717576200,1164.0,1176.35,1162.1,1172.0,1259877
1717577100,1172.2,1181.45,1166.5,1179.55,1131873
1717578000,1179.6,1191.2,1177.55,1187.25,1454694
1717578900,1187.45,1193.0,1180.5,1182.6,971499
1717579800,1182.6,1188.25,1181.0,1185.55,1809251
1717580700,1185.55,1186.55,1176.75,1180.5,1423810
1717645500,1192.1,1192.8,1177.4,1184.5,1196585
1717646400,1184.0,1190.0,1180.0,1180.0,440747
1717647300,1180.0,1182.5,1175.1,1177.65,323511
1717648200,1177.65,1183.0,1177.05,1180.6,323181
1717649100,1180.8,1191.05,1180.5,1190.35,438597
1717650000,1190.05,1195.9,1189.3,1194.3,651462
1717650900,1194.5,1194.7,1188.5,1194.4,202508
1717651800,1194.55,1194.95,1192.4,1194.85,150611
1717652700,1194.85,1195.5,1190.75,1191.35,243760
1717653600,1191.1,1192.15,1181.55,1183.9,643917
1717654500,1183.7,1185.0,1174.6,1179.0,362519
1717655400,1179.1,1180.25,1173.5,1174.25,317928
1717656300,1174.0,1178.6,1172.5,1174.85,198245
1717657200,1174.95,1178.65,1169.35,1171.0,197634
1717658100,1170.8,1174.25,1169.1,1170.3,377029
1717659000,1170.25,1170.25,1163.25,1166.55,344520
1717659900,1166.55,1170.8,1165.95,1170.0,278891
1717660800,1169.95,1175.5,1168.0,1174.25,573496
1717661700,1174.0,1175.0,1170.15,1173.55,375576
1717662600,1173.65,1174.15,1168.95,1169.85,486561
1717663500,1169.85,1170.45,1166.15,1168.6,230561
1717664400,1168.6,1169.5,1164.55,1168.05,580554
1717665300,1168.05,1170.85,1166.95,1169.8,620552
1717666200,1169.85,1171.95,1169.3,1170.95,1405016
1717667100,1171.0,1175.55,1167.95,1174.75,1041757
1717731900,1178.0,1180.6,1166.75,1177.5,714822
1717732800,1177.4,1180.35,1174.9,1177.0,119682
1717733700,1177.35,1178.7,1172.1,1176.4,145985
1717734600,1176.85,1178.05,1173.15,1173.55,241350
1717735500,1173.65,1174.0,1168.05,1173.6,146130
1717736400,1173.6,1179.9,1171.6,1178.65,177559
1717737300,1178.35,1183.6,1177.6,1182.2,198949
1717738200,1182.0,1182.2,1178.15,1179.9,248850
1717739100,1179.9,1180.8,1176.8,1177.5,92454
1717740000,1177.3,1186.1,1176.85,1186.0,411732
1717740900,1186.0,1193.4,1184.5,1191.2,875399
1717741800,1190.95,1194.0,1190.0,1191.1,374586
1717742700,1191.6,1193.0,1188.5,1192.5,235844
1717743600,1192.55,1192.95,1190.0,1192.0,160954
1717744500,1191.95,1194.0,1188.85,1191.35,224358
1717745400,1191.4,1192.85,1189.0,1192.3,214582
1717746300,1192.0,1192.5,1186.65,1191.35,326159
1717747200,1191.35,1195.2,1191.05,1194.5,416875
1717748100,1194.5,1195.0,1187.25,1187.95,390842
1717749000,1187.8,1189.9,1186.55,1189.0,262307
1717749900,1189.0,1192.3,1187.55,1190.0,424795
1717750800,1190.1,1191.0,1185.1,1186.0,522778
1717751700,1185.9,1191.35,1185.9,1189.05,376807
1717752600,1189.15,1190.45,1185.25,1186.35,709830
1717753500,1186.25,1189.75,1184.25,1188.0,569397
1717991100,1185.0,1212.0,1185.0,1211.0,1183132
1717992000,1210.7,1212.4,1201.25,1209.65,968380
1717992900,1209.5,1211.0,1200.6,1201.3,412864
1717993800,1201.05,1206.85,1196.95,1204.65,282798
1717994700,1204.75,1208.7,1202.1,1206.55,242119
1717995600,1206.5,1207.0,1203.7,1204.65,211227
1717996500,1204.65,1205.4,1202.35,1203.2,170961
1717997400,1203.2,1206.25,1200.2,1201.35,232347
1717998300,1201.35,1208.95,1200.85,1208.15,153950
1717999200,1208.15,1208.9,1205.0,1206.35,159057
1718000100,1206.3,1206.75,1203.35,1203.9,187408
1718001000,1203.9,1205.0,1201.25,1202.35,203761
1718001900,1202.35,1205.25,1201.25,1203.0,215825
1718002800,1203.05,1204.95,1202.35,1204.95,207939
1718003700,1204.95,1205.95,1202.95,1204.6,222324
1718004600,1204.85,1208.0,1204.85,1206.7,2463884
1718005500,1206.7,1207.85,1205.0,1205.1,183622
1718006400,1205.1,1210.0,1204.55,1210.0,165146
1718007300,1210.0,1211.0,1207.4,1211.0,170181
1718008200,1210.75,1211.0,1208.95,1209.8,150940
1718009100,1209.8,1210.35,1207.15,1207.95,312647
1718010000,1207.7,1209.25,1200.35,1204.2,325364
1718010900,1204.15,1204.8,1202.1,1203.85,220976
1718011800,1203.45,1204.35,1198.75,1201.05,509840
1718012700,1200.9,1201.05,1195.2,1196.95,437743
1718077500,1204.45,1204.45,1192.7,1197.3,381094
1718078400,1197.3,1197.3,1190.45,1196.45,304319
1718079300,1196.85,1202.45,1196.45,1201.3,399726
1718080200,1201.15,1206.95,1200.2,1205.15,332454
1718081100,1205.1,1208.5,1203.65,1205.85,199547
1718082000,1205.8,1209.25,1205.0,1208.35,96440
1718082900,1207.9,1209.35,1206.1,1207.0,100743
1718083800,1206.95,1207.0,1204.0,1205.15,93270
1718084700,1205.15,1205.95,1202.75,1202.95,145886
1718085600,1203.0,1203.65,1202.6,1202.65,168992
1718086500,1202.8,1203.85,1199.8,1200.3,193207
1718087400,1200.25,1202.4,1198.15,1200.25,164089
1718088300,1200.2,1202.15,1200.0,1200.45,80408
1718089200,1200.4,1201.25,1198.0,1200.2,340930
1718090100,1200.15,1205.55,1200.1,1203.2,2316845
1718091000,1203.05,1206.5,1202.5,1205.4,221603
1718091900,1205.55,1207.0,1202.05,1202.55,269054
1718092800,1202.55,1203.4,1200.35,1202.45,359086
1718093700,1202.45,1203.65,1200.0,1201.05,285265
1718094600,1201.0,1201.35,1197.4,1199.35,477672
1718095500,1199.35,1200.0,1196.65,1200.0,271455
1718096400,1199.95,1200.35,1195.45,1195.7,313465
1718097300,1195.7,1198.5,1194.3,1198.0,437274
1718098200,1197.9,1198.25,1193.0,1193.35,913031
1718099100,1193.35,1195.0,1191.3,1193.0,522960
1718163900,1192.1,1194.9,1187.55,1193.2,341717
1718164800,1193.4,1197.5,1192.15,1197.45,184174
1718165700,1197.4,1201.5,1195.7,1200.85,282790
1718166600,1201.15,1206.15,1199.45,1205.05,433662
1718167500,1205.05,1205.4,1201.5,1203.7,253944
1718168400,1203.5,1204.5,1201.55,1204.0,125911
1718169300,1203.8,1204.1,1200.0,1200.25,147275
1718170200,1200.25,1200.95,1197.15,1198.05,152067
1718171100,1198.0,1198.6,1193.85,1194.2,161505
1718172000,1194.2,1195.55,1192.55,1195.0,194706
1718172900,1194.7,1199.0,1194.3,1198.75,206630
1718173800,1198.5,1198.85,1195.2,1196.35,183492
1718174700,1196.15,1197.1,1194.1,1194.7,113427
1718175600,1194.7,1196.0,1192.65,1193.75,142650
1718176500,1193.75,1194.4,1191.0,1194.4,174081
1718177400,1194.5,1197.5,1194.2,1197.5,143793
1718178300,1197.45,1198.25,1195.75,1196.95,141578
1718179200,1196.95,1199.5,1196.35,1198.0,134897
1718180100,1197.95,1199.0,1195.0,1195.75,192604
1718181000,1195.35,1196.6,1194.05,1195.5,229992
1718181900,1195.55,1195.9,1191.6,1191.9,970499
1718182800,1191.9,1193.95,1190.3,1191.75,185191
1718183700,1191.75,1192.0,1189.45,1189.9,284967
1718184600,1189.85,1190.3,1186.3,1188.95,1108699
1718185500,1189.3,1190.85,1184.1,1186.0,706434
1718250300,1201.8,1202.0,1192.05,1193.75,600862
1718251200,1193.75,1195.35,1189.0,1190.45,163764
1718252100,1189.7,1192.8,1189.7,1190.95,153615
1718253000,1190.95,1192.0,1185.15,1189.0,431980
1718253900,1188.65,1190.0,1187.0,1187.0,104619
1718254800,1187.2,1188.5,1187.0,1187.8,94358
1718255700,1187.35,1189.0,1187.0,1187.65,83956
1718256600,1187.55,1190.65,1187.0,1187.8,140085
1718257500,1187.55,1187.8,1182.55,1185.7,197910
1718258400,1185.75,1186.55,1183.0,1183.15,80255
1718259300,1183.0,1186.25,1182.0,1184.85,107579
1718260200,1184.85,1185.45,1182.9,1184.8,65624
1718261100,1184.6,1185.7,1183.7,1185.2,64286
1718262000,1185.45,1186.95,1184.25,1185.05,79771
1718262900,1185.2,1187.95,1184.2,1186.4,131849
1718263800,1186.5,1187.95,1185.25,1186.9,95888
1718264700,1186.9,1187.0,1183.9,1184.3,93023
1718265600,1184.4,1185.0,1183.8,1184.35,58306
1718266500,1184.2,1185.0,1180.65,1184.8,154013
1718267400,1184.8,1185.0,1178.45,1179.9,158107
1718268300,1180.0,1181.1,1177.25,1178.7,140690
1718269200,1178.75,1179.3,1177.0,1177.95,128534
1718270100,1177.65,1178.0,1175.1,1177.7,251542
1718271000,1177.7,1177.7,1173.6,1173.9,1024913
1718271900,1173.9,1175.5,1173.45,1175.5,715175
1718336700,1180.95,1180.95,1171.0,1172.1,442375
1718337600,1172.35,1173.1,1170.0,1171.5,118857
1718338500,1171.3,1181.25,1171.0,1181.0,210195
1718339400,1181.05,1184.65,1181.0,1183.05,254412
1718340300,1183.2,1183.75,1178.6,1179.8,152060
1718341200,1179.85,1181.95,1178.5,1180.45,78806
1718342100,1180.45,1181.5,1178.15,1178.65,99920
1718343000,1178.9,1179.0,1177.65,1178.4,66321
1718343900,1178.3,1178.9,1177.5,1177.65,67346
1718344800,1177.65,1179.3,1176.4,1177.8,107786
1718345700,1177.8,1178.0,1176.6,1177.95,85495
1718346600,1177.95,1178.5,1175.15,1175.75,104321
1718347500,1175.8,1176.25,1173.65,1174.3,89057
1718348400,1174.4,1174.85,1172.9,1174.25,73615
1718349300,1174.2,1176.95,1174.1,1175.75,116204
1718350200,1175.8,1180.0,1175.75,1178.45,105339
1718351100,1178.5,1179.6,1178.0,1178.15,107812
1718352000,1178.1,1181.95,1178.1,1180.5,138538
1718352900,1180.45,1180.95,1177.1,1178.9,109662
1718353800,1179.0,1179.4,1177.35,1178.85,115902
1718354700,1178.8,1179.3,1178.0,1178.75,141270
1718355600,1178.8,1181.15,1177.0,1178.4,221022
1718356500,1178.4,1179.95,1177.65,1179.4,173674
1718357400,1179.75,1183.0,1178.8,1181.15,762504
1718358300,1181.3,1183.05,1177.6,1181.0,508164
1718682300,1194.0,1194.0,1181.15,1186.85,866792
1718683200,1186.85,1191.15,1184.55,1189.05,242782
1718684100,1189.05,1190.9,1188.0,1190.0,174962
1718685000,1190.0,1190.0,1187.0,1187.25,147714
1718685900,1187.5,1189.1,1184.3,1185.7,182519
1718686800,1185.7,1189.05,1185.7,1187.8,99649
1718687700,1187.8,1188.5,1185.1,1186.1,95198
1718688600,1186.25,1187.0,1184.6,1185.4,139860
1718689500,1185.45,1188.5,1185.0,1187.0,185733
1718690400,1187.0,1189.0,1186.0,1188.6,159702
1718691300,1189.0,1189.95,1187.75,1189.05,153833
1718692200,1189.05,1189.75,1185.9,1185.9,189978
1718693100,1185.9,1186.0,1183.55,1183.55,298115
1718694000,1184.0,1184.8,1182.45,1183.1,157471
1718694900,1183.1,1183.85,1182.05,1183.15,201630
1718695800,1183.65,1186.0,1183.15,1185.35,133496
1718696700,1185.5,1187.0,1185.05,1186.95,123709
1718697600,1187.0,1187.9,1186.1,1187.85,110830
1718698500,1187.9,1189.0,1186.7,1188.1,136544
1718699400,1188.2,1189.55,1187.5,1188.7,131798
1718700300,1188.65,1189.8,1188.1,1189.1,141299
1718701200,1189.05,1190.0,1187.85,1189.65,263108
1718702100,1189.6,1191.9,1189.15,1191.7,405807
1718703000,1191.6,1193.35,1190.6,1193.0,1259347
1718703900,1193.0,1193.15,1188.65,1190.0,835090
1718768700,1193.0,1200.65,1185.5,1199.0,941223
1718769600,1199.0,1207.0,1198.1,1206.95,1435565
1718770500,1206.55,1210.0,1201.2,1208.0,1497868
1718771400,1208.45,1208.75,1204.4,1204.7,479664
1718772300,1204.75,1206.0,1195.6,1195.75,399626
1718773200,1195.6,1196.8,1191.65,1195.55,322151
1718774100,1195.25,1203.85,1193.05,1203.15,294554
1718775000,1202.85,1205.9,1200.85,1202.1,333783
1718775900,1202.3,1203.45,1196.0,1199.1,167904
1718776800,1199.1,1201.5,1197.15,1200.75,121992
1718777700,1200.9,1203.4,1200.0,1201.35,90327
1718778600,1201.15,1203.7,1198.9,1203.7,175014
1718779500,1204.2,1207.0,1203.55,1205.4,311082
1718780400,1205.4,1209.25,1204.65,1207.95,367227
1718781300,1208.0,1215.45,1206.0,1212.45,494067
1718782200,1212.7,1215.85,1210.1,1215.4,346971
1718783100,1215.25,1216.25,1212.85,1214.1,465782
1718784000,1214.0,1218.55,1213.9,1217.7,577708
1718784900,1217.7,1220.8,1215.6,1220.45,567433
1718785800,1220.45,1229.7,1219.85,1229.4,996093
1718786700,1229.85,1232.5,1225.1,1229.75,852652
1718787600,1229.95,1243.35,1229.1,1238.15,1439305
1718788500,1238.15,1240.45,1227.55,1229.05,1028800
1718789400,1229.05,1231.3,1221.3,1225.55,2694118
1718790300,1225.2,1230.0,1224.2,1229.0,1585789
1718855100,1230.1,1234.8,1225.05,1226.5,989254
1718856000,1226.85,1230.9,1225.0,1227.0,432539
1718856900,1227.3,1229.9,1220.4,1224.15,322348
1718857800,1224.15,1224.75,1221.55,1223.7,169772
1718858700,1223.9,1226.85,1221.5,1224.8,137674
1718859600,1224.75,1227.5,1223.0,1226.8,155180
1718860500,1226.75,1229.35,1225.25,1229.2,189413
1718861400,1229.3,1234.55,1228.95,1229.55,241030
1718862300,1229.8,1233.0,1228.7,1231.7,100576
1718863200,1232.1,1235.0,1231.45,1234.7,169445
1718864100,1234.7,1236.85,1234.05,1235.4,160496
1718865000,1235.4,1237.0,1233.75,1235.0,151097
1718865900,1235.1,1237.85,1234.1,1235.6,270647
1718866800,1236.05,1236.4,1232.55,1233.9,175578
1718867700,1233.6,1235.55,1232.7,1234.8,190862
1718868600,1234.8,1236.0,1232.85,1233.25,146878
1718869500,1233.4,1239.8,1233.25,1237.55,241971
1718870400,1237.45,1239.0,1234.6,1238.7,240334
1718871300,1238.95,1238.95,1233.15,1233.6,255785
1718872200,1234.05,1236.85,1233.3,1236.25,228852
1718873100,1235.65,1239.55,1235.65,1238.65,250300
1718874000,1238.7,1239.0,1236.7,1237.65,210995
1718874900,1237.65,1239.0,1234.55,1235.85,494369
1718875800,1235.9,1240.9,1235.05,1239.9,1319832
1718876700,1239.35,1241.5,1236.55,1238.0,961348
1718941500,1246.0,1246.0,1234.15,1236.55,822195
1718942400,1236.55,1238.35,1231.15,1231.8,310248
1718943300,1231.8,1232.5,1228.45,1231.65,271740
1718944200,1231.55,1233.55,1230.0,1230.4,199755
1718945100,1230.4,1233.0,1230.4,1232.45,185289
1718946000,1232.45,1232.5,1228.15,1229.0,206210
1718946900,1229.0,1229.45,1226.6,1228.0,302088
1718947800,1228.0,1229.25,1226.05,1226.35,187620
1718948700,1226.35,1226.8,1223.95,1224.6,207139
1718949600,1224.05,1227.55,1223.75,1226.25,147893
1718950500,1226.25,1226.8,1224.3,1224.8,112187
1718951400,1224.8,1231.35,1224.2,1230.1,17343148
1718952300,1230.25,1233.9,1227.5,1231.95,337031
1718953200,1231.9,1233.4,1229.1,1230.75,316157
1718954100,1230.95,1234.8,1230.0,1231.85,227784
1718955000,1231.5,1231.8,1226.5,1227.0,307148
1718955900,1227.05,1230.05,1226.1,1227.65,151397
1718956800,1227.65,1230.0,1226.85,1228.3,77742
1718957700,1228.3,1233.95,1227.55,1231.35,312955
1718958600,1231.35,1235.5,1230.35,1233.8,250766
1718959500,1233.55,1233.9,1226.35,1226.45,559791
1718960400,1226.45,1231.7,1226.0,1231.15,431167
1718961300,1231.1,1237.45,1230.85,1235.85,598099
1718962200,1235.7,1240.75,1233.0,1237.35,3250480
1718963100,1237.35,1239.75,1232.0,1232.1,2194694
1719200700,1231.0,1235.75,1225.1,1226.4,671579
1719201600,1226.4,1229.45,1225.5,1228.1,348065
1719202500,1228.0,1229.9,1226.0,1228.85,170860
1719203400,1228.85,1233.35,1227.6,1231.25,255966
1719204300,1231.45,1231.9,1227.9,1229.7,173599
1719205200,1229.7,1232.0,1228.45,1230.85,212017
1719206100,1230.85,1231.15,1226.35,1226.65,220536
1719207000,1226.7,1230.0,1226.45,1226.65,313718
1719207900,1226.65,1231.0,1226.5,1228.4,272657
1719208800,1228.5,1229.1,1225.35,1226.35,177472
1719209700,1226.4,1229.55,1225.05,1229.3,132241
1719210600,1229.3,1230.95,1228.45,1230.3,109326
1719211500,1230.3,1234.15,1230.0,1231.75,202856
1719212400,1231.8,1233.5,1228.55,1229.85,325628
1719213300,1229.85,1230.6,1228.0,1228.6,148160
1719214200,1228.6,1231.3,1227.7,1231.15,136606
1719215100,1230.75,1233.55,1228.4,1231.0,233531
1719216000,1231.0,1231.35,1228.7,1230.0,192453
1719216900,1230.3,1231.15,1228.15,1229.85,120417
1719217800,1229.85,1230.65,1228.1,1229.0,126647
1719218700,1229.0,1229.6,1227.3,1228.7,146352
1719219600,1229.1,1230.3,1228.0,1229.35,215021
1719220500,1229.25,1229.45,1227.1,1228.15,392666
1719221400,1228.2,1229.8,1226.9,1228.05,718017
1719222300,1228.05,1230.55,1227.2,1229.65,659802
1719287100,1234.45,1234.8,1226.0,1231.8,600619
1719288000,1231.95,1236.65,1230.35,1236.15,384642
1719288900,1235.45,1243.0,1235.15,1242.85,464298
1719289800,1242.5,1250.95,1241.1,1248.25,571587
1719290700,1248.3,1251.9,1246.35,1247.95,496592
1719291600,1248.0,1250.9,1245.6,1249.95,274050
1719292500,1249.6,1251.6,1248.3,1250.05,275978
1719293400,1250.1,1250.75,1246.65,1247.5,343619
1719294300,1247.35,1248.25,1246.25,1246.75,250906
1719295200,1246.95,1247.65,1244.35,1247.0,227267
1719296100,1246.8,1250.1,1246.1,1248.85,292514
1719297000,1249.0,1250.6,1248.35,1250.6,282828
1719297900,1250.6,1256.95,1249.3,1253.8,1191961
1719298800,1254.0,1259.2,1253.55,1258.1,881056
1719299700,1258.35,1261.2,1257.25,1259.55,734046
1719300600,1259.95,1264.0,1258.1,1263.85,587796
1719301500,1263.95,1267.5,1263.7,1266.2,858732
1719302400,1266.2,1267.15,1264.05,1265.2,481403
1719303300,1265.2,1267.15,1262.0,1262.65,833087
1719304200,1262.65,1265.65,1260.1,1264.4,670901
1719305100,1264.2,1265.4,1260.25,1261.5,686899
1719306000,1261.65,1267.65,1261.35,1266.55,768222
1719306900,1266.1,1270.4,1265.6,1265.8,893070
1719307800,1265.8,1272.85,1265.0,1272.0,2782081
1719308700,1272.1,1278.75,1270.6,1272.65,1772068
1719373500,1281.1,1281.45,1264.2,1265.05,1361702
1719374400,1265.0,1269.95,1262.0,1265.65,431937
1719375300,1265.55,1267.85,1262.2,1263.55,350674
1719376200,1263.45,1263.65,1259.25,1260.0,522104
1719377100,1260.0,1263.95,1259.2,1261.5,144655
1719378000,1261.5,1263.25,1260.0,1260.2,113630
1719378900,1260.1,1262.0,1259.6,1259.8,367855
1719379800,1259.7,1268.45,1259.7,1266.9,475160
1719380700,1266.9,1274.95,1266.8,1273.05,462091
1719381600,1273.5,1276.15,1271.9,1272.45,311536
1719382500,1271.95,1274.65,1270.8,1271.0,153617
1719383400,1271.0,1274.1,1270.0,1271.8,151581
1719384300,1271.95,1272.2,1267.0,1267.4,342627
1719385200,1267.4,1270.4,1267.05,1269.95,159111
1719386100,1269.95,1273.0,1269.4,1270.3,252762
1719387000,1270.3,1272.95,1267.0,1271.2,238250
1719387900,1271.5,1274.7,1270.1,1273.5,363523
1719388800,1273.5,1274.2,1271.8,1273.05,262840
1719389700,1273.35,1273.95,1272.1,1273.15,176486
1719390600,1273.25,1275.9,1272.8,1275.8,331417
1719391500,1275.35,1279.55,1275.25,1278.85,410591
1719392400,1279.2,1292.95,1277.85,1290.8,1546805
1719393300,1291.0,1291.1,1284.5,1286.45,939353
1719394200,1286.45,1288.0,1280.0,1286.0,2370893
1719395100,1285.65,1288.95,1282.75,1284.0,1714307
1719459900,1310.0,1310.0,1281.55,1282.0,2343462
1719460800,1281.55,1285.55,1280.0,1280.85,342142
1719461700,1281.35,1291.0,1280.85,1290.9,374497
1719462600,1291.0,1298.0,1290.2,1297.0,409564
1719463500,1297.0,1302.0,1296.65,1301.65,334109
1719464400,1301.25,1302.5,1288.0,1288.2,337796
1719465300,1288.85,1289.4,1283.75,1288.65,286967
1719466200,1288.65,1294.6,1286.8,1293.0,236295
1719467100,1292.95,1293.6,1287.55,1288.8,280787
1719468000,1288.8,1290.15,1286.45,1290.05,240866
1719468900,1290.05,1292.65,1288.05,1292.5,341301
1719469800,1292.55,1297.7,1292.05,1297.35,366710
1719470700,1297.55,1297.55,1292.0,1293.7,369262
1719471600,1293.9,1295.55,1292.25,1293.55,9464488
1719472500,1293.55,1294.6,1287.05,1287.4,763702
1719473400,1287.45,1289.9,1287.3,1289.3,172200
1719474300,1289.35,1290.25,1287.5,1287.75,211510
1719475200,1287.8,1289.3,1286.1,1287.95,181578
1719476100,1288.05,1290.0,1286.7,1289.0,231427
1719477000,1289.0,1290.15,1286.8,1289.45,291510
1719477900,1289.45,1290.15,1286.95,1287.25,389595
1719478800,1287.7,1293.05,1286.5,1292.0,782789
1719479700,1292.1,1295.8,1290.3,1292.15,837728
1719480600,1291.85,1292.8,1285.0,1288.0,1785486
1719481500,1288.05,1292.05,1287.85,1288.05,934135
1719546300,1283.1,1289.9,1280.5,1282.0,593962
1719547200,1282.0,1288.0,1280.5,1284.55,207892
1719548100,1284.55,1287.2,1279.5,1280.0,222300
1719549000,1280.25,1284.8,1280.0,1283.85,105874
1719549900,1283.9,1285.0,1281.6,1284.2,117625
1719550800,1284.2,1285.25,1281.65,1284.0,168036
1719551700,1284.0,1284.55,1279.0,1281.7,127726
1719552600,1281.7,1282.0,1280.2,1281.25,75310
1719553500,1281.2,1281.6,1274.0,1274.4,181514
1719554400,1274.2,1279.6,1273.4,1279.6,163403
1719555300,1279.55,1279.75,1274.35,1275.3,98484
1719556200,1275.3,1276.55,1273.05,1274.25,97144
1719557100,1273.9,1274.6,1268.5,1270.5,240325
1719558000,1270.5,1273.0,1269.3,1272.75,118523
1719558900,1272.75,1273.45,1268.35,1269.55,113023
1719559800,1269.6,1269.95,1265.3,1269.75,139082
1719560700,1269.45,1270.0,1266.8,1267.9,296524
1719561600,1267.95,1270.0,1265.75,1269.15,286280
1719562500,1269.25,1270.0,1267.25,1268.1,233807
1719563400,1268.4,1275.1,1268.1,1274.75,196643
1719564300,1274.75,1277.0,1272.0,1272.7,170298
1719565200,1272.75,1274.95,1268.75,1271.55,368313
1719566100,1271.55,1275.5,1270.55,1270.9,315131
1719567000,1270.65,1271.4,1263.4,1264.0,1313827
1719567900,1263.6,1266.8,1261.6,1263.8,1214516
1719805500,1273.0,1273.0,1258.85,1264.45,733375
1719806400,1264.5,1271.4,1264.5,1271.4,288250
1719807300,1271.15,1273.0,1269.25,1270.7,232863
1719808200,1271.0,1272.3,1265.3,1267.05,288470
1719809100,1267.05,1268.25,1264.3,1266.3,156892
1719810000,1266.6,1268.6,1265.5,1267.0,222296
1719810900,1267.05,1267.45,1261.7,1263.05,178786
1719811800,1263.2,1264.7,1262.4,1264.25,137272
1719812700,1264.0,1269.3,1263.7,1268.15,217876
1719813600,1267.95,1269.6,1266.5,1268.3,99655
1719814500,1268.35,1268.75,1265.3,1266.3,121823
1719815400,1266.25,1269.45,1266.0,1267.0,134200
1719816300,1267.0,1269.9,1266.35,1267.5,104060
1719817200,1267.3,1268.0,1265.95,1267.4,131084
1719818100,1267.4,1268.0,1266.3,1266.5,111278
1719819000,1266.5,1267.35,1265.55,1266.1,80686
1719819900,1266.1,1267.35,1263.5,1263.9,130946
1719820800,1263.65,1264.2,1260.9,1261.85,277278
1719821700,1261.85,1263.0,1260.35,1262.0,148321
1719822600,1262.0,1262.95,1259.5,1261.55,141656
1719823500,1261.6,1261.7,1256.45,1257.5,340326
1719824400,1257.45,1261.9,1257.15,1260.05,329844
1719825300,1260.05,1262.4,1258.8,1262.0,321842
1719826200,1262.2,1264.5,1260.9,1263.05,507371
1719827100,1263.35,1263.35,1258.45,1259.7,360270
1719891900,1265.0,1267.85,1251.0,1252.25,580094
1719892800,1252.25,1254.0,1246.55,1246.55,635493
1719893700,1246.5,1249.0,1243.5,1245.0,614075
1719894600,1245.2,1252.75,1243.5,1250.55,468704
1719895500,1250.55,1257.95,1250.0,1255.5,271792
1719896400,1255.5,1260.6,1254.95,1258.0,324190
1719897300,1257.9,1258.0,1254.05,1255.7,165693
1719898200,1255.9,1256.05,1252.25,1254.9,141562
1719899100,1254.9,1256.5,1253.05,1254.0,105554
1719900000,1253.95,1254.5,1246.5,1247.2,234973
1719900900,1247.5,1249.95,1243.75,1249.1,724678
1719901800,1249.0,1251.55,1247.25,1247.9,238319
1719902700,1247.55,1249.2,1238.7,1240.4,400068
1719903600,1240.7,1245.4,1240.25,1241.6,258014
1719904500,1241.6,1242.0,1238.25,1239.75,274322
1719905400,1239.75,1247.85,1239.65,1246.8,360135
1719906300,1246.3,1247.0,1243.0,1245.7,146845
1719907200,1246.25,1250.75,1245.65,1248.05,180630
1719908100,1248.5,1259.0,1248.05,1258.8,568390
1719909000,1258.75,1262.95,1256.0,1256.95,534937
1719909900,1256.6,1258.9,1254.05,1255.0,399960
1719910800,1254.8,1258.0,1253.25,1256.5,444988
1719911700,1256.85,1259.55,1255.1,1258.2,521120
1719912600,1258.25,1258.25,1250.45,1250.9,796643
1719913500,1251.05,1256.2,1250.0,1250.0,553659
1719978300,1260.0,1265.8,1243.6,1260.1,2568093
1719979200,1260.0,1277.7,1258.85,1276.6,1665269
1719980100,1276.95,1281.0,1274.75,1277.7,862541
1719981000,1277.6,1279.9,1275.0,1277.15,276121
1719981900,1277.55,1282.0,1275.0,1282.0,370236
1719982800,1282.0,1283.75,1279.65,1281.55,599050
1719983700,1281.05,1281.95,1279.8,1279.8,283615
1719984600,1280.0,1281.3,1276.3,1278.8,271296
1719985500,1278.45,1278.5,1274.95,1277.2,381644
1719986400,1277.2,1278.9,1274.6,1275.9,231505
1719987300,1276.0,1277.2,1274.0,1274.0,156677
1719988200,1274.05,1275.5,1272.7,1275.05,191136
1719989100,1275.25,1278.15,1274.75,1278.1,154774
1719990000,1278.25,1282.3,1278.05,1281.9,310773
1719990900,1281.95,1285.0,1281.6,1285.0,497902
1719991800,1284.95,1286.3,1281.35,1282.8,511601
1719992700,1282.8,1287.4,1282.3,1286.25,399700
1719993600,1285.95,1287.6,1285.25,1286.5,194221
1719994500,1286.5,1287.2,1282.55,1285.05,240562
1719995400,1285.1,1288.6,1283.0,1284.15,646745
1719996300,1284.2,1286.95,1283.1,1284.7,307007
1719997200,1284.7,1285.9,1282.5,1283.5,481495
1719998100,1283.55,1283.55,1280.1,1281.9,617096
1719999000,1282.05,1282.55,1278.1,1279.55,1707039
1719999900,1279.55,1281.6,1276.2,1276.2,1244229
1720064700,1288.0,1289.25,1281.2,1286.95,468229
1720065600,1286.25,1291.85,1285.95,1289.35,287399
1720066500,1289.05,1292.85,1288.75,1291.3,316644
1720067400,1291.3,1293.0,1287.0,1287.05,151208
1720068300,1287.0,1287.5,1284.0,1286.0,162648
1720069200,1285.7,1286.55,1276.2,1277.5,266400
1720070100,1277.4,1277.55,1273.0,1273.1,163611
1720071000,1273.1,1274.1,1270.7,1272.55,148834
1720071900,1272.6,1274.4,1272.45,1274.25,89318
1720072800,1274.25,1275.15,1273.05,1275.1,90147
1720073700,1275.0,1275.9,1268.5,1269.45,186230
1720074600,1269.4,1272.0,1268.5,1270.05,91788
1720075500,1270.0,1272.35,1269.0,1272.3,76322
1720076400,1272.15,1277.0,1271.0,1276.2,114271
1720077300,1276.35,1279.75,1276.35,1279.05,229259
1720078200,1279.05,1280.2,1276.3,1280.0,158941
1720079100,1280.2,1281.25,1277.4,1278.75,121513
1720080000,1278.75,1279.25,1277.5,1278.35,82059
1720080900,1278.35,1278.55,1276.75,1277.85,108605
1720081800,1277.85,1281.35,1275.1,1278.7,123067
1720082700,1278.95,1280.15,1277.25,1279.5,242146
1720083600,1279.45,1284.05,1278.35,1281.5,443052
1720084500,1281.0,1282.6,1279.8,1280.55,160755
1720085400,1280.55,1283.5,1278.75,1279.7,318552
1720086300,1279.75,1282.5,1277.3,1277.8,215954
1720151100,1272.0,1290.0,1270.9,1281.95,946834
1720152000,1282.1,1283.0,1273.5,1281.05,636497
1720152900,1281.1,1281.9,1274.25,1277.35,435706
1720153800,1277.15,1280.8,1275.55,1278.95,248504
1720154700,1279.0,1284.4,1277.5,1283.85,730842
1720155600,1283.85,1286.4,1282.05,1283.6,316977
1720156500,1283.6,1290.6,1283.6,1289.9,302610
1720157400,1289.9,1290.95,1287.9,1290.4,187971
1720158300,1290.4,1295.4,1288.15,1292.5,300318
1720159200,1292.5,1294.85,1291.4,1292.1,241363
1720160100,1292.25,1293.35,1286.2,1287.4,243914
1720161000,1287.4,1290.55,1285.85,1286.0,198577
1720161900,1286.0,1287.0,1284.3,1284.3,408456
1720162800,1284.55,1286.55,1283.5,1284.8,117374
1720163700,1284.75,1288.35,1284.35,1287.6,96540
1720164600,1287.65,1287.95,1282.5,1282.75,178618
1720165500,1282.7,1284.3,1282.5,1282.8,311568
1720166400,1282.8,1285.0,1281.35,1281.95,129980
1720167300,1281.95,1282.15,1278.05,1280.3,128735
1720168200,1280.3,1281.85,1278.7,1281.1,190573
1720169100,1281.1,1285.9,1281.05,1284.35,292173
1720170000,1284.35,1285.95,1282.5,1282.85,284200
1720170900,1282.85,1283.3,1281.35,1281.95,365652
1720171800,1282.0,1290.8,1281.95,1289.25,668964
1720172700,1289.35,1289.7,1282.2,1283.65,628943
1720410300,1285.0,1297.4,1279.6,1282.0,484547
1720411200,1281.75,1287.5,1280.5,1281.0,869483
1720412100,1281.05,1283.7,1280.55,1282.95,149950
1720413000,1282.4,1289.2,1282.4,1285.85,167109
1720413900,1285.8,1287.5,1283.15,1286.65,78887
1720414800,1286.65,1287.45,1281.25,1284.3,104009
1720415700,1284.6,1287.75,1284.05,1286.4,81523
1720416600,1286.85,1287.35,1284.35,1286.85,62478
1720417500,1286.55,1287.6,1285.25,1286.1,48809
1720418400,1285.55,1286.45,1282.7,1283.0,87298
1720419300,1282.95,1287.0,1282.7,1285.35,97409
1720420200,1285.35,1286.6,1284.05,1284.95,84449
1720421100,1285.2,1287.8,1284.2,1287.45,74832
1720422000,1287.7,1288.85,1286.65,1287.8,68118
1720422900,1288.15,1291.0,1287.8,1289.65,79935
1720423800,1289.75,1289.9,1287.1,1287.65,52251
1720424700,1287.95,1290.35,1287.2,1287.55,81431
1720425600,1287.65,1288.35,1286.0,1287.15,50280
1720426500,1287.15,1291.2,1286.45,1289.65,96339
1720427400,1289.65,1290.65,1286.85,1287.15,138401
1720428300,1287.05,1289.4,1286.95,1288.65,125195
1720429200,1288.7,1289.5,1285.0,1285.25,118468
1720430100,1285.35,1287.05,1283.55,1285.9,248944
1720431000,1286.25,1289.1,1286.15,1286.9,359535
1720431900,1287.0,1290.55,1286.05,1289.0,406831
1720496700,1284.0,1295.0,1280.3,1280.45,1071384
1720497600,1280.45,1284.85,1279.2,1284.5,340363
1720498500,1284.3,1284.55,1281.5,1282.55,268061
1720499400,1282.6,1284.2,1281.05,1283.1,265276
1720500300,1283.0,1285.7,1282.85,1285.45,170422
1720501200,1285.35,1286.95,1285.15,1286.1,209905
1720502100,1286.05,1286.6,1285.0,1286.0,533743
1720503000,1286.05,1290.95,1286.05,1290.6,397571
1720503900,1290.6,1291.85,1287.95,1288.0,216065
1720504800,1288.0,1288.55,1287.0,1288.0,235040
1720505700,1288.0,1288.5,1286.65,1287.55,182467
1720506600,1287.55,1287.65,1285.8,1286.85,164198
1720507500,1286.9,1286.95,1286.0,1286.25,117125
1720508400,1286.25,1288.05,1285.3,1287.3,241920
1720509300,1287.3,1288.0,1286.65,1287.4,178535
1720510200,1287.35,1288.0,1286.35,1286.9,127860
1720511100,1286.95,1288.1,1286.3,1287.9,161730
1720512000,1287.85,1288.0,1286.75,1287.1,97241
1720512900,1287.0,1287.85,1286.4,1286.8,101675
1720513800,1286.75,1287.95,1285.95,1287.2,152286
1720514700,1287.3,1288.4,1286.2,1287.95,149763
1720515600,1288.0,1288.65,1286.45,1286.7,256178
1720516500,1286.7,1288.5,1286.55,1286.8,260091
1720517400,1286.8,1291.2,1286.6,1291.05,524332
1720518300,1291.05,1291.2,1286.15,1287.4,506523
1720583100,1284.2,1291.4,1275.45,1277.9,1646476
1720584000,1277.9,1285.35,1276.8,1282.55,267749
1720584900,1282.5,1287.7,1277.9,1286.75,216829
1720585800,1286.85,1289.1,1285.25,1288.0,199811
1720586700,1288.0,1289.3,1284.0,1287.4,207967
1720587600,1287.45,1292.4,1281.4,1282.15,280337
1720588500,1282.15,1282.15,1275.15,1277.5,329418
1720589400,1277.55,1283.45,1276.2,1283.05,129220
1720590300,1283.15,1284.95,1280.85,1284.9,133753
1720591200,1284.9,1285.0,1281.25,1281.8,146275
1720592100,1281.75,1286.35,1281.05,1285.5,251788
1720593000,1285.5,1286.65,1284.15,1286.1,123595
1720593900,1285.85,1288.5,1285.1,1288.05,147941
1720594800,1288.1,1288.55,1285.9,1286.95,132813
1720595700,1286.95,1291.0,1286.55,1290.3,204593
1720596600,1290.45,1292.25,1288.7,1291.9,256380
1720597500,1291.95,1292.25,1290.15,1290.35,176127
1720598400,1290.35,1291.35,1285.9,1287.75,270124
1720599300,1287.75,1288.45,1286.95,1287.9,134919
1720600200,1287.85,1288.55,1286.75,1288.0,251313
1720601100,1288.15,1291.7,1287.25,1291.55,226629
1720602000,1291.55,1293.75,1290.3,1292.25,375244
1720602900,1292.25,1293.2,1286.7,1289.1,468273
1720603800,1288.9,1294.0,1287.85,1292.35,1549471
1720604700,1292.35,1293.5,1288.05,1291.05,893226
1720669500,1301.05,1301.4,1289.6,1291.7,665006
1720670400,1291.75,1293.75,1290.0,1291.75,210317
1720671300,1291.6,1295.25,1290.2,1295.25,167040
1720672200,1295.1,1296.25,1290.7,1290.7,210219
1720673100,1291.15,1291.2,1282.3,1282.3,278899
1720674000,1282.25,1285.0,1281.05,1282.75,174033
1720674900,1282.4,1284.95,1282.05,1282.1,149267
1720675800,1281.75,1282.5,1278.0,1279.9,267069
1720676700,1279.35,1279.85,1277.05,1277.05,182456
1720677600,1277.1,1283.35,1276.95,1282.05,215962
1720678500,1282.05,1283.0,1280.8,1282.35,96600
1720679400,1282.25,1282.5,1277.4,1279.45,179094
1720680300,1279.1,1283.65,1278.3,1283.15,153896
1720681200,1282.95,1283.65,1281.0,1282.95,101460
1720682100,1283.0,1283.85,1281.15,1281.95,128289
1720683000,1281.95,1283.75,1281.85,1282.2,132930
1720683900,1282.1,1284.0,1282.05,1283.55,219964
1720684800,1283.4,1285.7,1282.75,1284.9,182565
1720685700,1284.9,1291.95,1284.85,1291.75,287839
1720686600,1291.75,1297.75,1290.85,1294.85,598315
1720687500,1294.8,1295.85,1291.9,1294.05,306367
1720688400,1294.35,1296.4,1293.25,1293.95,395584
1720689300,1293.9,1298.65,1293.9,1298.0,762995
1720690200,1298.0,1298.4,1294.0,1296.65,1082141
1720691100,1296.9,1299.95,1295.7,1299.3,700082
1720755900,1293.9,1309.7,1293.9,1308.5,583925
1720756800,1308.4,1318.8,1308.4,1318.5,598912
1720757700,1318.5,1319.65,1308.5,1309.8,491751
1720758600,1309.75,1316.95,1309.75,1315.15,239284
1720759500,1314.95,1324.35,1314.5,1323.15,817967
1720760400,1323.1,1323.65,1320.3,1320.9,277367
1720761300,1320.9,1331.4,1319.4,1331.4,981550
1720762200,1331.05,1339.65,1330.9,1332.95,1061755
1720763100,1333.1,1335.0,1329.55,1331.5,311765
1720764000,1331.55,1333.0,1327.55,1330.2,220696
1720764900,1330.2,1332.5,1328.2,1328.6,199606
1720765800,1328.6,1329.7,1325.55,1325.6,274017
1720766700,1325.65,1326.2,1317.8,1320.75,355270
1720767600,1320.75,1323.15,1317.65,1319.6,304340
1720768500,1319.65,1321.35,1318.7,1319.2,254188
1720769400,1319.1,1323.0,1318.8,1321.7,265976
1720770300,1321.75,1323.55,1320.0,1320.4,158648
1720771200,1320.0,1322.5,1319.25,1319.6,161710
1720772100,1319.3,1321.1,1318.4,1320.0,150331
1720773000,1320.15,1322.8,1319.8,1322.6,271174
1720773900,1322.7,1323.8,1318.4,1319.65,416685
1720774800,1319.3,1319.55,1312.3,1313.95,804888
1720775700,1313.65,1315.5,1311.25,1314.4,230621
1720776600,1314.9,1320.95,1312.55,1317.35,1066568
1720777500,1317.25,1318.15,1314.0,1317.0,779782
1721015100,1316.7,1322.65,1307.55,1312.1,402947
1721016000,1312.15,1314.85,1309.0,1310.2,317025
1721016900,1309.9,1313.0,1309.25,1309.95,131371
1721017800,1310.0,1311.5,1306.05,1309.85,218526
1721018700,1309.65,1311.45,1308.8,1310.75,239569
1721019600,1310.5,1320.25,1310.5,1316.7,497074
1721020500,1317.15,1317.2,1312.1,1314.9,319582
1721021400,1314.9,1316.45,1314.2,1314.95,219472
1721022300,1315.0,1316.0,1311.6,1315.55,579892
1721023200,1315.6,1315.9,1312.85,1315.25,181280
1721024100,1314.95,1315.5,1305.0,1313.85,554182
1721025000,1313.95,1314.5,1310.05,1313.65,172118
1721025900,1313.65,1314.0,1309.4,1310.95,98427
1721026800,1310.45,1313.7,1310.45,1312.35,85141
1721027700,1312.15,1313.5,1311.4,1312.55,214974
1721028600,1312.2,1318.0,1312.0,1317.0,411168
1721029500,1317.45,1324.4,1316.55,1320.25,938440
1721030400,1320.25,1321.75,1317.45,1318.1,236574
1721031300,1318.1,1320.45,1312.0,1312.6,283757
1721032200,1312.6,1314.5,1309.35,1313.3,297161
1721033100,1313.3,1316.4,1312.95,1315.7,154378
1721034000,1315.55,1316.4,1312.65,1315.55,350947
1721034900,1315.0,1315.4,1308.35,1310.7,520574
1721035800,1310.6,1311.0,1306.05,1307.2,2647150
1721036700,1307.05,1309.0,1306.25,1308.45,1465213
1721101500,1307.45,1318.45,1303.25,1303.5,392676
1721102400,1303.25,1306.0,1301.0,1303.9,273779
1721103300,1304.0,1304.8,1301.5,1302.95,416401
1721104200,1302.4,1304.1,1300.35,1303.2,197952
1721105100,1303.15,1308.7,1303.05,1307.55,139885
1721106000,1307.7,1307.9,1305.1,1306.1,248362
1721106900,1305.85,1306.8,1304.0,1306.2,103909
1721107800,1305.85,1306.95,1303.05,1304.0,129842
1721108700,1304.0,1304.8,1303.6,1304.75,58588
1721109600,1304.6,1304.8,1303.5,1304.35,78076
1721110500,1304.3,1304.5,1301.95,1302.2,100317
1721111400,1302.2,1303.15,1301.95,1302.2,66331
1721112300,1302.15,1303.95,1301.7,1303.0,88551
1721113200,1303.0,1304.3,1302.75,1303.0,71151
1721114100,1303.05,1304.2,1302.55,1303.45,97949
1721115000,1303.5,1304.25,1302.55,1303.3,123867
1721115900,1303.35,1304.0,1300.65,1301.2,159257
1721116800,1301.1,1303.0,1300.05,1302.4,190030
1721117700,1302.3,1305.35,1302.0,1305.0,147356
1721118600,1305.0,1307.0,1303.25,1304.0,163717
1721119500,1303.95,1304.0,1302.0,1303.4,237241
1721120400,1303.1,1305.4,1301.85,1304.05,333160
1721121300,1304.05,1304.45,1299.7,1300.5,276414
1721122200,1300.5,1305.35,1300.5,1303.95,847944
1721123100,1304.0,1306.95,1303.15,1304.8,490240
1721274300,1300.0,1318.0,1300.0,1306.75,671566
1721275200,1306.65,1314.7,1306.5,1312.0,203909
1721276100,1311.95,1318.6,1311.5,1312.85,332489
1721277000,1312.7,1313.0,1307.1,1307.75,512543
1721277900,1307.75,1309.8,1307.65,1309.0,155348
1721278800,1308.9,1309.0,1304.6,1305.85,600119
1721279700,1305.9,1306.05,1301.4,1304.5,339889
1721280600,1304.15,1305.8,1301.4,1302.05,76937
1721281500,1301.8,1303.8,1300.25,1302.2,134653
1721282400,1301.95,1302.9,1297.1,1297.4,187689
1721283300,1297.4,1298.0,1294.5,1297.65,267521
1721284200,1298.0,1303.45,1297.35,1302.8,147954
1721285100,1302.75,1305.5,1301.05,1302.2,204280
1721286000,1302.2,1305.0,1301.2,1303.95,145202
1721286900,1303.85,1306.0,1303.35,1304.7,191638
1721287800,1304.7,1309.1,1304.0,1308.0,252526
1721288700,1308.0,1309.1,1305.7,1308.55,176573
1721289600,1308.55,1309.3,1306.25,1307.75,73734
1721290500,1307.5,1309.0,1306.25,1308.75,142418
1721291400,1308.65,1313.3,1308.65,1312.8,242324
1721292300,1313.0,1314.0,1310.85,1312.7,293484
1721293200,1313.0,1313.0,1308.4,1311.0,188010
1721294100,1310.65,1312.6,1305.95,1307.5,219407
1721295000,1307.45,1311.45,1307.0,1310.3,538681
1721295900,1310.3,1311.0,1308.2,1310.0,488308
1721360700,1305.65,1309.0,1295.45,1304.0,471212
1721361600,1303.55,1305.0,1301.0,1303.0,158636
1721362500,1303.0,1303.3,1296.15,1296.25,225042
1721363400,1296.45,1300.0,1295.0,1299.55,132523
1721364300,1299.35,1302.0,1298.05,1299.6,278978
1721365200,1299.6,1302.5,1299.0,1300.0,79329
1721366100,1299.95,1302.0,1297.7,1299.25,69199
1721367000,1299.25,1303.0,1297.0,1302.05,74839
1721367900,1302.05,1302.6,1299.35,1301.4,46774
1721368800,1301.75,1302.7,1298.6,1299.45,35917
1721369700,1299.3,1300.65,1298.0,1300.2,47198
1721370600,1300.0,1301.85,1299.2,1300.85,28144
1721371500,1301.0,1301.95,1298.6,1301.85,71231
1721372400,1301.7,1302.6,1299.2,1300.65,54264
1721373300,1300.55,1300.55,1298.0,1298.05,59770
1721374200,1298.05,1299.2,1295.85,1297.4,152793
1721375100,1297.05,1300.95,1295.8,1298.75,152162
1721376000,1298.55,1299.95,1295.15,1295.7,120492
1721376900,1295.45,1296.6,1293.2,1294.65,156599
1721377800,1294.65,1297.3,1294.25,1295.15,120548
1721378700,1295.0,1298.1,1294.0,1297.6,111266
1721379600,1297.6,1298.1,1294.2,1295.25,248723
1721380500,1295.25,1298.1,1293.0,1293.0,290913
1721381400,1293.1,1295.15,1291.25,1291.35,697636
1721382300,1291.45,1296.0,1288.2,1293.8,611323
1721619900,1283.35,1292.35,1278.2,1285.55,591838
1721620800,1285.6,1286.7,1283.55,1285.65,199032
1721621700,1285.75,1289.25,1284.3,1288.65,205962
1721622600,1288.65,1290.75,1286.3,1289.8,147825
1721623500,1289.65,1290.9,1283.65,1284.55,350065
1721624400,1284.5,1289.35,1283.8,1287.45,211740
1721625300,1287.4,1289.0,1285.7,1286.2,119525
1721626200,1286.35,1287.5,1284.55,1286.75,163432
1721627100,1286.75,1287.4,1285.2,1286.9,143551
1721628000,1286.65,1287.5,1284.5,1284.75,183722
1721628900,1284.85,1285.0,1282.2,1282.5,138157
1721629800,1282.6,1287.0,1282.5,1285.25,182605
1721630700,1285.25,1286.45,1284.0,1284.65,152647
1721631600,1284.9,1287.5,1282.95,1286.3,116388
1721632500,1286.6,1287.5,1284.7,1286.9,120573
1721633400,1286.9,1286.9,1284.05,1284.6,98897
1721634300,1284.6,1288.65,1284.35,1287.5,138449
1721635200,1287.85,1287.95,1284.35,1284.6,145450
1721636100,1284.6,1285.9,1283.0,1283.25,182129
1721637000,1283.25,1284.25,1282.1,1282.8,313592
1721637900,1283.0,1283.9,1281.95,1282.6,190304
1721638800,1282.55,1286.7,1281.5,1285.55,342043
1721639700,1285.55,1288.15,1284.3,1286.9,391962
1721640600,1286.9,1287.9,1281.5,1281.65,989387
1721641500,1281.65,1286.2,1279.7,1286.2,875923
1721706300,1288.5,1291.1,1280.45,1282.8,532633
1721707200,1282.8,1286.6,1277.55,1282.2,270212
1721708100,1282.55,1286.8,1281.7,1285.85,200299
1721709000,1285.65,1286.0,1281.5,1284.0,87248
1721709900,1284.0,1284.6,1278.5,1279.75,325912
1721710800,1279.95,1285.0,1278.1,1280.8,164780
1721711700,1280.75,1284.7,1280.15,1284.25,117727
1721712600,1284.05,1288.45,1282.7,1284.4,328798
1721713500,1283.9,1284.8,1269.4,1279.05,517074
1721714400,1278.7,1280.45,1273.15,1275.8,153349
1721715300,1275.55,1279.95,1273.05,1276.15,149895
1721716200,1276.0,1281.55,1275.5,1276.25,144684
1721717100,1276.2,1277.7,1261.35,1262.55,521503
1721718000,1262.55,1281.8,1262.05,1273.15,528990
1721718900,1273.5,1273.5,1259.2,1259.7,259876
1721719800,1259.9,1261.5,1251.7,1253.0,582871
1721720700,1253.15,1266.35,1251.0,1263.5,798727
1721721600,1263.95,1266.5,1260.15,1262.2,360381
1721722500,1262.3,1267.45,1258.95,1264.7,287991
1721723400,1264.65,1271.75,1263.6,1270.6,274149
1721724300,1270.25,1271.0,1264.65,1266.4,184382
1721725200,1265.9,1283.0,1265.9,1275.5,733534
1721726100,1275.55,1276.2,1258.5,1259.65,299246
1721727000,1259.0,1267.5,1258.65,1263.25,560118
1721727900,1262.9,1265.85,1260.55,1264.1,404401
1721792700,1262.9,1266.7,1255.75,1258.3,444119
1721793600,1258.3,1267.35,1248.7,1253.9,343887
1721794500,1253.0,1264.05,1251.5,1259.7,287549
1721795400,1259.3,1260.5,1249.7,1250.9,179144
1721796300,1250.6,1255.0,1240.15,1241.2,395012
1721797200,1241.75,1249.9,1241.1,1243.7,382179
1721798100,1243.95,1248.45,1241.25,1244.5,313752
1721799000,1244.7,1245.95,1240.55,1242.3,330485
1721799900,1241.95,1243.5,1236.0,1236.75,529985
1721800800,1236.9,1239.7,1230.55,1234.2,618969
1721801700,1234.55,1238.5,1232.4,1234.15,336495
1721802600,1233.75,1236.8,1232.1,1235.15,217047
1721803500,1235.5,1236.5,1226.65,1231.35,616988
1721804400,1231.65,1234.9,1229.7,1230.95,253291
1721805300,1230.55,1235.0,1230.2,1234.1,204803
1721806200,1233.65,1238.3,1232.1,1238.05,195437
1721807100,1238.15,1240.0,1235.4,1236.3,193849
1721808000,1236.65,1246.7,1235.5,1244.85,563101
1721808900,1244.55,1245.0,1233.5,1233.5,194473
1721809800,1233.95,1234.6,1227.25,1229.0,244249
1721810700,1229.25,1237.65,1228.4,1237.15,424467
1721811600,1236.7,1243.5,1234.2,1237.0,632612
1721812500,1237.0,1240.5,1236.0,1238.1,816602
1721813400,1238.1,1239.45,1235.15,1237.35,814662
1721814300,1237.3,1246.3,1236.0,1242.55,809677
1721879100,1200.0,1200.0,1168.0,1168.7,6301001
1721880000,1168.75,1169.95,1162.05,1168.05,2707258
1721880900,1168.0,1169.5,1162.1,1167.95,1589180
1721881800,1167.8,1169.0,1160.55,1161.1,947988
1721882700,1161.3,1165.0,1155.5,1156.7,2132560
1721883600,1156.6,1161.45,1156.6,1157.6,1427219
1721884500,1157.35,1161.2,1157.0,1160.4,909658
1721885400,1160.6,1162.5,1159.1,1161.65,1123471
1721886300,1161.65,1162.85,1158.0,1159.45,1403141
1721887200,1159.35,1160.9,1156.2,1159.75,807096
1721888100,1159.75,1160.9,1158.0,1159.25,673825
1721889000,1159.25,1160.3,1156.55,1159.95,702693
1721889900,1159.95,1160.15,1158.0,1159.2,719230
1721890800,1159.0,1159.6,1156.0,1157.1,459861
1721891700,1157.35,1158.4,1157.0,1158.2,610431
1721892600,1158.15,1159.75,1157.5,1159.05,525326
1721893500,1159.0,1160.0,1158.05,1159.95,515210
1721894400,1159.9,1161.0,1159.35,1160.05,481383
1721895300,1160.0,1163.8,1159.5,1163.35,487498
1721896200,1163.5,1168.25,1163.35,1165.8,962161
1721897100,1165.7,1166.5,1164.55,1165.95,482764
1721898000,1166.0,1168.4,1165.95,1167.55,842167
1721898900,1167.6,1175.5,1166.6,1175.0,2010097
1721899800,1175.0,1175.85,1170.95,1175.1,1751725
1721900700,1175.1,1179.4,1173.95,1176.0,2403110
1721965500,1165.0,1174.0,1155.25,1171.0,1605678
1721966400,1170.95,1180.65,1170.5,1180.05,708098
1721967300,1180.1,1182.0,1177.05,1181.75,679510
1721968200,1181.6,1183.15,1175.25,1176.45,621625
1721969100,1176.7,1178.15,1174.25,1175.7,564092
1721970000,1175.45,1177.2,1172.45,1172.8,304798
1721970900,1172.95,1173.1,1166.0,1166.0,719537
1721971800,1165.95,1170.95,1165.0,1165.15,2173876
1721972700,1165.1,1165.3,1163.0,1163.3,695116
1721973600,1163.55,1164.0,1161.45,1163.7,691612
1721974500,1163.7,1166.5,1162.5,1165.95,846407
1721975400,1165.95,1166.55,1162.8,1163.4,413530
1721976300,1163.45,1167.0,1163.15,1165.8,396580
1721977200,1165.8,1168.9,1165.6,1168.5,607541
1721978100,1168.5,1169.5,1166.55,1168.65,529238
1721979000,1168.6,1173.85,1168.5,1173.45,406292
1721979900,1173.65,1176.0,1172.75,1175.2,497806
1721980800,1175.0,1177.4,1174.0,1175.1,700752
1721981700,1175.1,1177.85,1175.05,1176.3,820509
1721982600,1176.25,1178.75,1175.0,1178.2,481560
1721983500,1178.2,1178.8,1174.8,1177.1,323405
1721984400,1177.05,1179.25,1175.95,1176.2,378346
1721985300,1176.15,1180.55,1175.0,1180.1,564606
1721986200,1180.0,1180.35,1175.7,1177.3,1712268
1721987100,1177.1,1177.8,1174.0,1176.0,1109806
1722224700,1182.35,1184.5,1174.85,1175.8,1452746
1722225600,1175.95,1180.45,1175.95,1177.0,706235
1722226500,1177.1,1180.1,1175.0,1179.85,810412
1722227400,1179.9,1180.45,1176.0,1176.75,450710
1722228300,1176.55,1177.75,1174.35,1175.8,298556
1722229200,1175.85,1176.8,1171.85,1171.85,351830
1722230100,1171.85,1180.1,1171.15,1179.75,460713
1722231000,1179.55,1187.2,1179.0,1185.0,757760
1722231900,1185.0,1187.8,1183.8,1186.25,356153
1722232800,1186.3,1189.8,1185.05,1188.9,285919
1722233700,1188.9,1194.6,1188.1,1189.2,721892
1722234600,1189.65,1194.25,1174.4,1177.65,1450688
1722235500,1177.7,1179.85,1163.65,1174.6,2261126
1722236400,1175.0,1181.75,1171.85,1180.25,617880
1722237300,1180.3,1182.95,1175.45,1180.35,411094
1722238200,1180.8,1183.0,1170.65,1171.15,498558
1722239100,1171.15,1177.25,1171.0,1175.95,306106
1722240000,1175.95,1179.2,1175.95,1178.1,468721
1722240900,1178.0,1179.0,1172.75,1174.0,332330
1722241800,1174.1,1174.1,1169.95,1170.0,759012
1722242700,1170.0,1174.95,1168.55,1174.85,610630
1722243600,1174.95,1176.75,1172.5,1173.65,835101
1722244500,1173.6,1177.0,1171.45,1173.7,1209065
1722245400,1174.0,1174.4,1167.2,1168.5,1604624
1722246300,1168.75,1171.45,1168.0,1169.25,1576883
1722311100,1164.1,1170.55,1160.2,1166.95,1570417
1722312000,1166.6,1172.45,1166.55,1172.35,678725
1722312900,1172.3,1172.45,1165.55,1170.05,534725
1722313800,1170.1,1171.75,1167.15,1170.55,435164
1722314700,1170.55,1174.0,1170.0,1172.9,387215
1722315600,1172.9,1180.0,1172.2,1177.85,899381
1722316500,1178.25,1178.25,1171.5,1173.55,860828
1722317400,1173.55,1175.95,1173.3,1173.5,296037
1722318300,1173.85,1177.9,1173.25,1176.85,302732
1722319200,1177.0,1178.6,1176.8,1178.1,423963
1722320100,1178.1,1178.1,1175.45,1176.85,435744
1722321000,1176.85,1177.0,1175.1,1176.35,323795
1722321900,1176.35,1177.45,1175.3,1176.1,329077
1722322800,1176.15,1176.5,1173.3,1173.5,489912
1722323700,1173.3,1175.0,1172.5,1173.85,1478994
1722324600,1173.9,1179.95,1171.5,1173.2,953600
1722325500,1173.15,1174.65,1168.5,1169.25,534898
1722326400,1169.3,1172.45,1168.6,1171.9,325956
1722327300,1171.9,1174.15,1171.4,1173.0,569586
1722328200,1172.95,1173.2,1171.5,1172.85,341747
1722329100,1172.8,1177.8,1172.8,1175.6,1462960
1722330000,1175.45,1177.95,1174.4,1176.9,457888
1722330900,1176.75,1178.1,1172.95,1174.1,748299
1722331800,1174.15,1175.15,1168.35,1170.05,1762149
1722332700,1170.0,1171.55,1166.0,1167.3,1480987
1722397500,1157.0,1164.9,1154.0,1162.55,4357104
1722398400,1162.5,1164.65,1160.15,1161.9,699530
1722399300,1161.9,1163.05,1158.15,1159.9,508591
1722400200,1159.9,1163.2,1159.5,1162.85,253632
1722401100,1162.85,1163.5,1160.2,1162.0,299594
1722402000,1162.0,1162.65,1158.35,1160.0,642817
1722402900,1160.0,1160.8,1159.0,1160.3,237326
1722403800,1160.35,1161.8,1158.6,1159.55,277546
1722404700,1159.55,1161.2,1158.0,1158.55,459855
1722405600,1158.55,1162.5,1157.65,1161.55,374017
1722406500,1161.9,1163.7,1161.35,1162.55,512368
1722407400,1162.75,1163.5,1161.95,1162.95,318924
1722408300,1162.95,1167.0,1162.5,1166.65,436148
1722409200,1166.65,1167.0,1165.0,1166.05,269168
1722410100,1166.0,1167.8,1165.45,1167.05,232874
1722411000,1167.05,1169.0,1166.05,1168.2,320300
1722411900,1168.2,1170.0,1166.25,1169.55,361951
1722412800,1169.25,1171.0,1166.5,1168.25,377318
1722413700,1168.25,1169.5,1166.05,1168.25,268266
1722414600,1168.25,1168.7,1164.0,1165.9,393386
1722415500,1165.95,1166.2,1164.7,1165.5,328732
1722416400,1165.5,1168.5,1165.45,1166.35,504848
1722417300,1166.35,1168.1,1164.8,1165.7,626186
1722418200,1165.65,1167.0,1163.4,1166.75,2192636
1722419100,1166.9,1168.75,1165.15,1167.8,2093657
1722483900,1168.0,1175.65,1168.0,1173.45,1754907
1722484800,1173.45,1173.5,1168.55,1170.35,333522
1722485700,1170.35,1170.55,1166.7,1168.3,225571
1722486600,1168.35,1168.85,1165.45,1166.9,273946
1722487500,1166.45,1169.0,1166.45,1168.8,139739
1722488400,1168.85,1170.55,1168.8,1170.1,176834
1722489300,1170.1,1171.15,1168.0,1169.2,444384
1722490200,1169.1,1171.5,1168.85,1170.75,723324
1722491100,1170.7,1171.5,1170.0,1171.15,129973
1722492000,1171.1,1171.5,1170.15,1170.75,566584
1722492900,1170.3,1171.0,1168.8,1170.45,156656
1722493800,1170.2,1170.65,1169.85,1170.0,170114
1722494700,1170.3,1170.5,1166.1,1167.25,269059
1722495600,1167.4,1170.0,1167.05,1169.65,164496
1722496500,1169.6,1170.0,1168.5,1168.75,156438
1722497400,1168.7,1172.4,1168.5,1171.95,473437
1722498300,1171.9,1172.15,1170.0,1170.0,206960
1722499200,1170.0,1170.85,1170.0,1170.45,201599
1722500100,1170.4,1172.35,1170.4,1171.85,213732
1722501000,1171.85,1172.1,1168.9,1169.0,291987
1722501900,1169.0,1172.25,1168.5,1171.5,620323
1722502800,1171.55,1174.0,1170.8,1173.05,513774
1722503700,1173.3,1173.35,1171.6,1171.95,686176
1722504600,1171.7,1174.3,1171.6,1172.05,1236061
1722505500,1172.0,1172.7,1170.15,1172.0,1059156
1722570300,1164.0,1166.55,1159.15,1165.45,695808
1722571200,1165.1,1167.8,1161.6,1162.5,431993
1722572100,1162.3,1163.7,1157.2,1158.6,452009
1722573000,1158.7,1160.6,1158.1,1160.4,319431
1722573900,1160.15,1161.5,1158.05,1160.9,266298
1722574800,1160.9,1165.5,1160.85,1161.75,390436
1722575700,1161.75,1164.9,1160.7,1162.7,251839
1722576600,1162.75,1163.0,1159.6,1160.6,263955
1722577500,1160.6,1160.6,1156.4,1157.6,287380
1722578400,1157.6,1158.5,1156.1,1158.0,236472
1722579300,1158.0,1159.25,1157.9,1158.25,338756
1722580200,1158.25,1159.05,1158.0,1158.5,236304
1722581100,1158.55,1159.3,1158.15,1158.55,306821
1722582000,1158.5,1160.7,1157.0,1159.9,254481
1722582900,1159.7,1160.6,1158.05,1160.3,253164
1722583800,1160.3,1161.2,1160.25,1160.85,200070
1722584700,1160.65,1163.5,1160.65,1163.45,245695
1722585600,1163.5,1165.0,1162.1,1162.95,391596
1722586500,1162.9,1164.25,1162.2,1163.95,168510
1722587400,1163.95,1164.75,1162.55,1163.25,265956
1722588300,1163.25,1164.9,1161.7,1164.65,329557
1722589200,1164.5,1165.75,1163.0,1165.0,657264
1722590100,1165.05,1165.65,1162.05,1163.4,566031
1722591000,1163.45,1163.6,1159.25,1161.55,1885103
1722591900,1161.55,1162.55,1160.25,1161.9,885612
1722829500,1142.0,1151.45,1130.55,1134.85,1611862
1722830400,1134.6,1140.0,1132.45,1139.15,520727
1722831300,1139.1,1139.3,1135.3,1138.4,481432
1722832200,1138.4,1139.35,1134.0,1134.9,443019
1722833100,1134.9,1136.85,1130.05,1130.1,655509
1722834000,1130.15,1131.85,1127.05,1129.7,595664
1722834900,1129.7,1130.0,1125.7,1127.4,657385
1722835800,1127.4,1130.2,1126.5,1127.3,546012
1722836700,1127.2,1128.35,1124.3,1126.55,574391
1722837600,1126.55,1126.9,1125.0,1125.9,601314
1722838500,1125.95,1126.95,1125.0,1125.5,355541
1722839400,1125.65,1127.85,1125.05,1127.0,334597
1722840300,1127.05,1130.05,1126.8,1129.0,303525
1722841200,1128.95,1129.2,1126.35,1128.2,301671
1722842100,1128.25,1130.0,1126.65,1127.0,255063
1722843000,1127.0,1129.5,1125.85,1129.5,386814
1722843900,1129.4,1131.95,1127.6,1128.4,395812
1722844800,1128.6,1130.7,1127.9,1128.6,270468
1722845700,1128.6,1131.55,1128.05,1130.75,292887
1722846600,1130.65,1131.55,1130.0,1130.65,291355
1722847500,1130.65,1132.45,1128.05,1131.0,290775
1722848400,1130.85,1133.65,1130.1,1133.45,327575
1722849300,1133.45,1134.0,1130.85,1133.65,398533
1722850200,1133.35,1136.0,1132.55,1134.9,547307
1722851100,1135.05,1135.1,1130.05,1131.5,573589
1722915900,1140.0,1151.0,1140.0,1142.8,761657
1722916800,1142.5,1143.2,1139.5,1140.1,248312
1722917700,1140.2,1141.9,1137.0,1137.85,315144
1722918600,1137.7,1138.6,1133.5,1134.2,290302
1722919500,1134.2,1135.75,1131.5,1132.45,304138
1722920400,1132.4,1132.9,1127.0,1128.7,342933
1722921300,1128.75,1135.85,1128.7,1135.2,298417
1722922200,1135.2,1135.95,1133.35,1135.8,121573
1722923100,1135.7,1138.85,1133.8,1135.6,147476
1722924000,1135.6,1138.9,1135.2,1138.6,150508
1722924900,1138.5,1138.85,1136.75,1138.55,129281
1722925800,1138.55,1139.9,1138.05,1138.35,111717
1722926700,1138.45,1138.6,1136.9,1137.15,110962
1722927600,1137.15,1137.5,1134.5,1135.5,153919
1722928500,1135.3,1137.2,1134.45,1135.3,115587
1722929400,1135.3,1136.35,1134.0,1135.55,98419
1722930300,1135.55,1137.95,1134.95,1137.9,182508
1722931200,1137.95,1138.45,1130.05,1134.15,480406
1722932100,1134.2,1134.8,1128.0,1130.75,358827
1722933000,1130.75,1131.35,1128.1,1129.2,254002
1722933900,1129.2,1132.65,1127.35,1129.3,394082
1722934800,1129.3,1130.5,1126.2,1126.2,429676
1722935700,1126.25,1128.2,1123.75,1125.95,750249
1722936600,1126.0,1127.4,1123.1,1125.1,1175918
1722937500,1125.3,1128.25,1125.25,1127.3,844952
1723002300,1138.8,1143.55,1134.0,1143.05,452211
1723003200,1142.85,1144.8,1140.55,1142.65,264954
1723004100,1142.6,1143.4,1137.5,1137.7,248391
1723005000,1137.65,1138.4,1133.4,1136.25,407350
1723005900,1136.3,1136.95,1132.1,1134.35,223906
1723006800,1134.4,1141.0,1134.0,1136.9,214527
1723007700,1136.7,1137.45,1131.2,1131.65,197449
1723008600,1131.55,1132.75,1127.0,1129.35,293092
1723009500,1129.15,1130.0,1127.05,1129.0,203326
1723010400,1129.05,1130.7,1128.75,1130.45,187273
1723011300,1130.45,1130.9,1129.8,1130.05,148650
1723012200,1130.05,1131.5,1128.3,1128.55,126851
1723013100,1128.55,1136.4,1128.5,1134.85,242342
1723014000,1134.6,1135.9,1132.55,1133.65,101694
1723014900,1133.6,1135.0,1131.7,1132.4,209574
1723015800,1132.4,1133.3,1130.9,1132.7,203635
1723016700,1132.75,1134.1,1130.9,1131.2,233718
1723017600,1131.1,1134.85,1131.0,1134.05,303915
1723018500,1134.05,1135.6,1132.75,1135.45,151583
1723019400,1135.3,1135.45,1131.8,1133.9,456388
1723020300,1133.4,1136.0,1131.75,1131.75,1024043
1723021200,1131.95,1133.05,1130.65,1132.35,458644
1723022100,1132.1,1133.3,1131.3,1133.15,459103
1723023000,1133.1,1138.65,1133.1,1137.55,923150
1723023900,1137.55,1141.0,1137.0,1140.85,634501
1723088700,1133.1,1137.7,1130.55,1134.75,334091
1723089600,1134.75,1137.3,1133.55,1134.3,136554
1723090500,1134.25,1135.55,1129.0,1129.8,220413
1723091400,1129.8,1133.2,1126.0,1128.6,258995
1723092300,1128.5,1132.6,1127.4,1132.1,209014
1723093200,1132.1,1132.55,1127.65,1128.4,368486
1723094100,1128.35,1130.1,1126.3,1128.05,321434
1723095000,1128.05,1132.8,1127.1,1131.85,1065677
1723095900,1131.8,1135.85,1130.6,1133.3,187112
1723096800,1133.2,1133.8,1130.0,1130.0,118711
1723097700,1130.15,1135.5,1130.0,1134.15,133962
1723098600,1134.1,1135.0,1130.2,1135.0,132896
1723099500,1135.0,1137.85,1132.85,1136.85,195972
1723100400,1136.9,1139.9,1136.7,1138.65,173387
1723101300,1138.65,1139.5,1132.65,1134.75,137352
1723102200,1134.75,1136.2,1131.9,1134.0,216497
1723103100,1134.0,1137.8,1132.4,1132.85,315325
1723104000,1132.65,1138.35,1131.65,1137.85,375300
1723104900,1137.85,1138.8,1134.6,1135.4,240025
1723105800,1135.4,1138.35,1134.85,1137.0,289323
1723106700,1137.0,1139.7,1136.05,1138.0,249115
1723107600,1138.0,1140.0,1136.1,1139.3,293380
1723108500,1139.25,1142.8,1138.4,1140.0,492917
1723109400,1140.2,1140.2,1137.5,1138.05,814082
1723110300,1138.05,1138.45,1133.75,1134.0,621504
1723175100,1152.0,1152.45,1140.2,1142.3,900710
1723176000,1142.3,1144.3,1140.55,1143.4,198651
1723176900,1143.3,1150.6,1142.0,1150.4,331522
1723177800,1150.1,1155.7,1150.1,1150.95,470301
1723178700,1150.95,1153.5,1149.0,1151.0,216598
1723179600,1150.9,1152.2,1148.0,1148.65,200935
1723180500,1148.65,1150.65,1147.0,1148.35,107152
1723181400,1148.4,1151.2,1147.55,1151.1,166344
1723182300,1151.05,1152.8,1150.5,1151.4,122792
1723183200,1151.25,1153.8,1150.25,1151.7,166413
1723184100,1151.7,1154.6,1151.65,1154.5,131920
1723185000,1154.5,1154.65,1149.5,1149.85,751057
1723185900,1149.9,1151.05,1149.6,1149.95,86733
1723186800,1149.9,1150.0,1148.35,1148.8,82925
1723187700,1148.9,1149.05,1146.6,1146.9,196451
1723188600,1146.9,1147.0,1145.05,1145.5,302385
1723189500,1145.5,1146.65,1145.45,1145.9,174014
1723190400,1145.85,1147.55,1145.2,1146.85,103617
1723191300,1146.9,1148.0,1146.25,1147.0,96112
1723192200,1147.0,1148.55,1146.6,1147.7,155966
1723193100,1147.2,1147.95,1146.0,1146.15,96857
1723194000,1146.0,1146.65,1144.0,1144.35,97627
1723194900,1144.2,1145.35,1143.25,1145.0,83277
1723195800,1145.0,1146.65,1141.0,1142.35,431324
1723196700,1142.3,1143.0,1139.95,1142.35,590160
1723434300,1146.0,1146.0,1135.85,1143.6,532418
1723435200,1143.85,1148.3,1142.95,1145.85,185873
1723436100,1145.8,1146.9,1143.6,1145.4,142149
1723437000,1145.45,1149.05,1144.3,1148.0,102035
1723437900,1148.2,1152.9,1146.85,1150.7,422505
1723438800,1150.95,1156.05,1150.7,1154.6,471724
1723439700,1154.6,1158.0,1153.05,1157.5,306036
1723440600,1157.5,1159.75,1156.65,1159.65,293809
1723441500,1159.7,1160.75,1156.0,1157.4,235912
1723442400,1157.35,1158.1,1155.65,1157.25,151339
1723443300,1157.25,1159.6,1157.25,1158.55,144645
1723444200,1158.6,1159.95,1157.8,1158.45,113088
1723445100,1158.8,1160.0,1156.85,1158.05,179624
1723446000,1158.25,1161.6,1156.7,1160.85,308810
1723446900,1160.85,1162.4,1160.2,1160.7,137435
1723447800,1160.95,1162.75,1160.7,1161.7,196144
1723448700,1161.7,1162.85,1160.75,1162.75,207716
1723449600,1162.8,1165.7,1162.7,1164.55,448718
1723450500,1164.5,1166.75,1164.0,1166.3,224170
1723451400,1166.1,1167.85,1163.55,1167.5,373163
1723452300,1167.5,1169.1,1165.5,1167.4,577752
1723453200,1167.35,1167.6,1164.35,1165.5,316194
1723454100,1165.8,1167.0,1162.05,1162.15,493459
1723455000,1162.4,1165.5,1161.0,1163.5,1225767
1723455900,1163.75,1166.15,1162.0,1163.35,1286998
1723520700,1161.35,1179.6,1160.95,1172.45,1356976
1723521600,1171.9,1175.85,1169.5,1174.75,311740
1723522500,1174.65,1177.3,1172.55,1173.5,281805
1723523400,1173.1,1175.4,1170.2,1172.7,157785
1723524300,1172.55,1174.2,1170.0,1171.7,174736
1723525200,1171.55,1173.85,1171.05,1171.6,142477
1723526100,1171.35,1174.5,1171.1,1173.85,83226
1723527000,1173.45,1174.35,1171.2,1172.6,115012
1723527900,1171.9,1172.35,1167.45,1168.7,385628
1723528800,1168.8,1171.0,1167.85,1170.45,90018
1723529700,1170.35,1171.4,1169.6,1171.15,71670
1723530600,1171.05,1171.4,1167.4,1167.75,95210
1723531500,1167.75,1170.45,1166.5,1169.9,93751
1723532400,1169.9,1169.9,1166.1,1167.0,96588
1723533300,1166.65,1167.0,1161.1,1161.8,176470
1723534200,1161.8,1163.6,1160.55,1163.25,166716
1723535100,1163.0,1164.95,1162.55,1163.2,60885
1723536000,1162.85,1165.0,1162.85,1163.45,120129
1723536900,1163.1,1164.4,1162.4,1162.8,219922
1723537800,1162.55,1165.2,1158.85,1162.95,238325
1723538700,1162.75,1164.0,1159.3,1160.35,102613
1723539600,1160.3,1160.7,1157.15,1157.75,138113
1723540500,1157.75,1160.0,1155.4,1157.0,370983
1723541400,1157.1,1161.9,1157.1,1158.95,697357
1723542300,1158.9,1161.6,1158.3,1160.65,431900
1723607100,1159.0,1159.0,1149.4,1150.05,424541
1723608000,1150.05,1154.15,1148.65,1153.8,360344
1723608900,1153.55,1155.65,1151.1,1151.3,251157
1723609800,1151.3,1151.85,1149.45,1151.2,150791
1723610700,1151.6,1154.65,1150.75,1152.2,200699
1723611600,1152.2,1153.9,1151.9,1152.7,106023
1723612500,1152.75,1153.8,1151.7,1152.75,140018
1723613400,1152.75,1153.45,1150.5,1150.75,107197
1723614300,1150.5,1152.4,1149.55,1152.0,90181
1723615200,1152.35,1152.35,1150.85,1151.1,38602
1723616100,1151.1,1153.0,1150.95,1152.15,68217
1723617000,1152.3,1153.65,1151.25,1151.55,111868
1723617900,1151.55,1151.9,1149.25,1150.05,124243
1723618800,1150.0,1150.85,1149.5,1149.9,83784
1723619700,1149.85,1152.35,1149.5,1151.7,145827
1723620600,1151.7,1152.0,1150.2,1151.2,68452
1723621500,1151.2,1151.55,1150.45,1151.55,83442
1723622400,1151.4,1152.0,1150.95,1151.6,62812
1723623300,1151.6,1151.85,1150.05,1151.0,93807
1723624200,1151.0,1152.45,1149.45,1151.9,255918
1723625100,1151.9,1152.3,1150.25,1150.75,195382
1723626000,1150.85,1152.45,1150.1,1151.0,257501
1723626900,1151.5,1153.8,1150.65,1153.4,350502
1723627800,1153.15,1154.7,1152.1,1153.1,680839
1723628700,1153.05,1153.5,1151.45,1152.65,569604
1723779900,1166.4,1166.4,1157.0,1164.45,847405
1723780800,1164.4,1164.7,1156.0,1157.45,272602
1723781700,1157.35,1158.55,1154.3,1154.5,193202
1723782600,1154.4,1156.35,1152.1,1155.4,169110
1723783500,1155.4,1156.65,1150.25,1150.75,179003
1723784400,1151.35,1153.25,1149.6,1153.15,184681
1723785300,1153.15,1153.4,1150.6,1151.85,123478
1723786200,1151.85,1152.0,1149.75,1150.65,73095
1723787100,1150.6,1154.0,1150.25,1153.5,295195
1723788000,1153.6,1156.95,1153.45,1156.35,441529
1723788900,1156.35,1159.0,1155.5,1158.55,552757
1723789800,1158.15,1162.8,1157.9,1160.7,296861
1723790700,1160.7,1162.5,1159.0,1160.55,138753
1723791600,1160.4,1165.75,1160.2,1164.3,239710
1723792500,1164.3,1165.9,1162.9,1164.45,154307
1723793400,1164.25,1168.4,1163.6,1167.35,136242
1723794300,1167.2,1167.9,1164.35,1165.7,108287
1723795200,1165.35,1168.15,1164.9,1167.75,110556
1723796100,1167.8,1170.0,1166.75,1167.7,186392
1723797000,1167.75,1169.2,1167.1,1167.25,103181
1723797900,1167.2,1168.4,1166.0,1167.1,119355
1723798800,1166.95,1167.05,1163.9,1164.7,185702
1723799700,1164.35,1166.05,1163.45,1165.75,260718
1723800600,1165.75,1169.2,1165.3,1166.6,476256
1723801500,1166.6,1167.0,1165.55,1166.8,258034
1724039100,1169.0,1171.3,1163.95,1164.1,1056309
1724040000,1164.05,1166.5,1162.0,1162.45,295502
1724040900,1162.45,1162.75,1158.05,1159.1,277264
1724041800,1159.0,1159.7,1155.75,1155.75,227262
1724042700,1155.95,1157.3,1154.5,1154.9,175357
1724043600,1154.8,1158.3,1154.8,1157.95,126692
1724044500,1157.95,1158.8,1156.6,1158.7,108379
1724045400,1158.7,1158.7,1156.25,1157.9,93793
1724046300,1157.9,1160.2,1157.4,1158.35,173373
1724047200,1157.9,1158.6,1156.5,1157.4,311837
1724048100,1157.1,1158.0,1156.5,1157.6,119681
1724049000,1157.5,1157.7,1155.3,1155.6,147055
1724049900,1155.6,1156.6,1153.0,1154.2,190717
1724050800,1154.2,1155.15,1153.6,1154.2,165137
1724051700,1154.15,1155.3,1153.5,1153.85,169522
1724052600,1153.8,1154.85,1153.75,1154.85,94192
1724053500,1154.85,1156.0,1153.05,1153.25,150129
1724054400,1153.05,1154.05,1151.45,1152.0,208989
1724055300,1152.05,1152.7,1150.2,1151.55,280529
1724056200,1151.5,1152.25,1150.8,1151.3,206535
1724057100,1151.3,1153.3,1150.85,1152.9,208757
1724058000,1152.9,1154.85,1152.5,1154.1,273622
1724058900,1154.1,1154.35,1151.7,1152.0,333823
1724059800,1152.0,1153.95,1151.25,1152.6,715844
1724060700,1152.55,1155.45,1152.4,1155.0,580906
1724125500,1158.0,1161.0,1154.65,1159.95,370068
1724126400,1160.0,1165.85,1159.5,1165.45,239053
1724127300,1165.1,1168.0,1163.85,1168.0,165460
1724128200,1167.95,1170.7,1166.35,1169.9,327152
1724129100,1169.9,1170.0,1167.5,1169.75,126115
1724130000,1169.5,1172.0,1169.45,1170.1,178378
1724130900,1170.0,1172.0,1169.05,1171.7,128382
1724131800,1171.45,1175.0,1170.45,1174.0,225324
1724132700,1173.9,1177.0,1173.05,1173.6,303284
1724133600,1173.65,1175.4,1172.55,1173.9,751783
1724134500,1173.9,1175.8,1173.7,1174.0,238479
1724135400,1174.0,1174.05,1171.85,1173.15,136083
1724136300,1173.1,1175.85,1173.05,1175.3,111535
1724137200,1175.4,1175.4,1172.0,1172.25,73710
1724138100,1172.25,1173.85,1171.0,1173.15,79968
1724139000,1173.15,1173.45,1171.3,1171.55,81443
1724139900,1171.55,1172.75,1170.0,1170.3,106242
1724140800,1170.1,1171.7,1169.5,1171.6,77201
1724141700,1171.25,1172.35,1170.55,1170.6,83318
1724142600,1170.9,1171.35,1168.5,1168.7,85183
1724143500,1168.7,1169.9,1167.55,1169.6,117950
1724144400,1169.5,1170.9,1168.75,1169.4,113734
1724145300,1169.4,1170.45,1168.85,1169.4,136835
1724146200,1169.4,1170.0,1166.1,1167.7,1806681
1724147100,1167.9,1169.5,1164.8,1165.5,658295
1724211900,1166.6,1170.55,1162.25,1164.05,336785
1724212800,1164.05,1165.7,1162.0,1164.2,290109
1724213700,1164.25,1166.65,1163.4,1164.9,292208
1724214600,1164.9,1166.2,1163.65,1164.9,125274
1724215500,1164.9,1168.9,1164.0,1167.5,125123
1724216400,1167.55,1169.5,1165.3,1166.35,137666
1724217300,1166.3,1168.05,1166.05,1167.15,128684
1724218200,1167.15,1167.65,1161.5,1166.0,219603
1724219100,1165.9,1175.7,1165.9,1173.6,358713
1724220000,1173.6,1175.0,1169.2,1169.95,313842
1724220900,1169.95,1171.65,1168.55,1169.0,425568
1724221800,1168.95,1173.05,1168.4,1170.5,182927
1724222700,1170.75,1173.7,1170.1,1170.5,111567
1724223600,1170.85,1171.05,1169.5,1170.5,219239
1724224500,1170.55,1172.15,1169.35,1170.4,266109
1724225400,1170.0,1171.0,1168.85,1170.95,215484
1724226300,1170.95,1171.0,1165.5,1169.25,623139
1724227200,1168.8,1170.2,1167.6,1169.95,369688
1724228100,1169.9,1171.45,1169.55,1170.75,171843
1724229000,1170.8,1172.65,1170.0,1171.8,333002
1724229900,1171.75,1172.2,1169.5,1171.0,417460
1724230800,1170.95,1172.0,1168.8,1171.8,302158
1724231700,1171.75,1175.0,1171.25,1174.6,802186
1724232600,1174.6,1175.25,1171.6,1174.45,1746968
1724233500,1174.5,1178.0,1173.9,1176.4,965049
1724298300,1179.7,1181.0,1172.0,1174.45,566692
1724299200,1174.5,1176.25,1171.75,1175.5,258262
1724300100,1175.5,1177.15,1173.8,1177.1,271025
1724301000,1177.1,1178.0,1175.0,1176.4,119554
1724301900,1176.55,1177.0,1175.6,1176.75,124430
1724302800,1176.75,1177.55,1175.6,1176.2,122560
1724303700,1175.75,1177.0,1175.15,1176.25,96701
1724304600,1175.9,1176.5,1175.15,1176.1,106316
1724305500,1176.1,1176.5,1174.55,1175.0,114379
1724306400,1175.0,1178.0,1174.3,1176.9,133959
1724307300,1176.75,1177.2,1173.15,1174.65,258424
1724308200,1175.0,1176.2,1174.3,1175.4,61920
1724309100,1175.55,1176.3,1175.05,1175.15,64583
1724310000,1175.35,1176.1,1175.0,1175.95,120033
1724310900,1175.7,1176.5,1175.1,1176.05,79071
1724311800,1176.05,1176.2,1173.7,1175.0,83805
1724312700,1174.95,1175.7,1174.15,1174.15,78768
1724313600,1174.35,1175.7,1173.5,1175.65,130965
1724314500,1175.6,1175.65,1174.0,1175.0,179030
1724315400,1175.0,1175.4,1174.05,1174.45,147003
1724316300,1174.6,1175.0,1170.55,1171.1,285850
1724317200,1171.15,1173.95,1170.4,1172.65,243287
1724318100,1172.8,1173.25,1170.05,1171.95,245651
1724319000,1171.95,1172.0,1168.95,1169.9,1003834
1724319900,1169.85,1170.85,1169.1,1170.0,944429
1724384700,1170.0,1173.95,1167.0,1172.4,393026
1724385600,1172.45,1172.45,1168.5,1170.95,142959
1724386500,1170.95,1172.9,1170.4,1171.7,152627
1724387400,1171.7,1171.9,1168.05,1169.15,472406
1724388300,1169.2,1171.45,1168.0,1171.0,113642
1724389200,1171.0,1171.75,1169.4,1171.0,141719
1724390100,1170.75,1171.45,1169.65,1170.55,193477
1724391000,1170.6,1171.95,1170.0,1170.45,235591
1724391900,1170.45,1172.0,1170.4,1171.85,58724
1724392800,1171.85,1171.85,1169.15,1169.2,403377
1724393700,1169.2,1169.9,1168.65,1169.9,28029
1724394600,1169.9,1170.5,1169.55,1170.0,80904
1724395500,1170.0,1170.65,1169.35,1170.1,52730
1724396400,1170.0,1170.6,1169.0,1170.0,38170
1724397300,1169.9,1170.75,1169.4,1170.7,50407
1724398200,1170.7,1171.15,1170.15,1171.0,84575
1724399100,1170.95,1171.0,1169.5,1170.0,160090
1724400000,1169.95,1170.4,1169.5,1170.0,72893
1724400900,1170.0,1170.0,1168.8,1170.0,78968
1724401800,1170.0,1170.75,1168.4,1168.95,112477
1724402700,1168.8,1169.6,1167.75,1167.9,121912
1724403600,1167.9,1168.4,1166.25,1168.0,425510
1724404500,1167.75,1167.95,1165.85,1166.45,239608
1724405400,1166.4,1166.75,1163.5,1165.8,732115
1724406300,1165.8,1169.5,1165.4,1167.6,535807
1724643900,1171.7,1174.85,1166.1,1173.35,352688
1724644800,1173.2,1174.6,1171.4,1174.0,253775
1724645700,1173.8,1175.25,1172.65,1173.4,343365
1724646600,1173.35,1174.0,1171.95,1173.25,71211
1724647500,1173.3,1174.0,1172.6,1172.8,59256
1724648400,1172.75,1172.9,1170.85,1172.9,57968
1724649300,1172.4,1172.8,1170.3,1171.7,146708
1724650200,1171.7,1172.15,1170.2,1171.25,29571
1724651100,1171.45,1171.85,1169.55,1169.9,38902
1724652000,1169.9,1171.55,1169.55,1170.35,45481
1724652900,1170.3,1170.3,1169.0,1170.0,42995
1724653800,1170.0,1170.45,1168.05,1168.9,87983
1724654700,1168.45,1170.6,1168.0,1170.45,59175
1724655600,1170.4,1172.5,1170.0,1170.3,63243
1724656500,1170.65,1172.0,1170.0,1171.8,27625
1724657400,1171.95,1171.95,1169.9,1170.5,64476
1724658300,1170.65,1170.9,1169.9,1170.1,46800
1724659200,1170.0,1170.55,1169.25,1170.0,546035
1724660100,1170.05,1170.65,1169.3,1170.05,65547
1724661000,1170.35,1170.65,1169.1,1169.95,101567
1724661900,1169.95,1170.35,1169.25,1170.15,77379
1724662800,1170.15,1170.95,1169.8,1170.0,50988
1724663700,1170.05,1170.8,1169.4,1170.1,171944
1724664600,1170.0,1170.85,1169.4,1170.0,316219
1724665500,1170.05,1172.8,1169.4,1171.7,271555
1724730300,1170.0,1174.75,1167.0,1167.35,278986
1724731200,1167.2,1168.25,1165.0,1166.0,133448
1724732100,1165.65,1172.3,1164.25,1170.45,247875
1724733000,1170.45,1175.0,1169.8,1171.45,156602
1724733900,1171.2,1173.15,1168.45,1168.85,85348
1724734800,1168.5,1173.8,1166.85,1172.3,158822
1724735700,1172.25,1174.8,1171.3,1172.2,173913
1724736600,1172.25,1173.65,1172.05,1172.4,292364
1724737500,1172.35,1175.0,1172.2,1174.85,758059
1724738400,1174.65,1178.7,1174.45,1177.75,395868
1724739300,1177.7,1178.0,1175.35,1175.35,89408
1724740200,1175.4,1177.85,1174.45,1176.85,104255
1724741100,1176.8,1177.0,1175.05,1176.0,123517
1724742000,1175.95,1177.45,1175.65,1177.0,319165
1724742900,1177.0,1179.5,1176.9,1178.0,399247
1724743800,1177.85,1182.5,1177.65,1182.2,265802
1724744700,1182.25,1182.75,1176.8,1178.3,272204
1724745600,1178.45,1182.45,1178.0,1181.7,168771
1724746500,1182.0,1184.85,1180.6,1183.95,298732
1724747400,1183.9,1184.25,1182.15,1183.8,284071
1724748300,1183.8,1184.6,1181.7,1181.7,313441
1724749200,1182.0,1184.5,1181.0,1181.3,277863
1724750100,1181.3,1183.55,1178.4,1182.6,953736
1724751000,1182.55,1183.9,1179.85,1181.1,1584439
1724751900,1181.15,1181.75,1177.1,1177.9,565541
1724816700,1177.0,1181.7,1174.45,1178.65,303674
1724817600,1178.6,1180.05,1177.0,1177.9,132432
1724818500,1177.9,1178.55,1174.6,1175.7,150221
1724819400,1175.6,1175.6,1171.75,1174.5,148198
1724820300,1174.5,1176.6,1172.8,1175.6,86076
1724821200,1175.6,1176.0,1173.1,1174.0,84834
1724822100,1174.0,1174.2,1172.4,1173.8,88781
1724823000,1173.95,1174.15,1170.0,1172.0,141441
1724823900,1171.85,1173.0,1171.1,1171.9,103586
1724824800,1171.65,1173.0,1170.25,1172.7,127097
1724825700,1172.8,1173.35,1171.1,1171.1,74292
1724826600,1171.4,1171.8,1170.2,1170.9,98972
1724827500,1171.05,1173.95,1170.7,1173.2,205945
1724828400,1173.4,1174.95,1171.55,1172.0,128457
1724829300,1172.0,1172.4,1171.0,1171.45,100825
1724830200,1171.95,1172.4,1170.3,1170.8,124792
1724831100,1170.9,1171.4,1170.25,1170.4,112260
1724832000,1170.85,1171.05,1170.0,1170.15,129634
1724832900,1170.2,1171.3,1169.65,1170.5,111189
1724833800,1170.6,1171.8,1170.35,1171.7,117117
1724834700,1171.45,1172.1,1170.3,1170.8,225050
1724835600,1170.55,1172.0,1170.1,1171.6,280977
1724836500,1171.6,1173.05,1171.15,1171.95,495043
1724837400,1172.3,1172.5,1169.5,1170.65,1312404
1724838300,1170.8,1171.55,1169.35,1169.9,598414
1724903100,1169.0,1172.0,1163.4,1166.75,644099
1724904000,1167.15,1168.6,1165.25,1167.0,487519
1724904900,1167.0,1171.4,1166.4,1170.25,497238
1724905800,1170.2,1172.5,1170.05,1171.0,214670
1724906700,1171.0,1172.85,1169.45,1172.65,209021
1724907600,1172.65,1174.7,1172.2,1173.95,219691
1724908500,1173.95,1175.4,1173.15,1175.35,179958
1724909400,1175.2,1177.0,1175.0,1176.5,157125
1724910300,1176.15,1176.75,1175.0,1175.65,103914
1724911200,1175.7,1176.65,1173.7,1174.0,92968
1724912100,1173.85,1176.25,1173.3,1175.55,77127
1724913000,1175.55,1177.9,1175.35,1177.9,72229
1724913900,1177.85,1179.4,1176.1,1179.4,132042
1724914800,1179.35,1179.9,1176.55,1176.6,115551
1724915700,1176.8,1177.3,1174.65,1175.1,381093
1724916600,1175.15,1177.5,1175.1,1176.75,92332
1724917500,1176.7,1177.5,1175.2,1176.1,227355
1724918400,1176.15,1177.7,1175.3,1176.15,150093
1724919300,1175.95,1176.55,1175.0,1176.05,118739
1724920200,1176.0,1176.75,1172.15,1175.85,620532
1724921100,1175.85,1176.0,1171.9,1173.45,189054
1724922000,1173.4,1173.95,1171.15,1172.3,187600
1724922900,1172.3,1177.85,1171.95,1176.6,472564
1724923800,1176.85,1177.9,1173.8,1175.0,683555
1724924700,1174.65,1177.4,1174.05,1175.0,964005
1724989500,1177.0,1182.95,1175.0,1180.5,306265
1724990400,1180.5,1181.6,1176.7,1177.55,153158
1724991300,1177.55,1179.0,1175.0,1175.95,85903
1724992200,1175.9,1177.8,1174.0,1176.6,104029
1724993100,1176.6,1179.0,1176.05,1177.2,98068
1724994000,1177.3,1178.75,1176.2,1176.85,98651
1724994900,1176.9,1176.95,1174.7,1175.2,78119
1724995800,1175.2,1176.8,1174.95,1176.45,71727
1724996700,1176.45,1177.1,1172.65,1175.0,241892
1724997600,1175.0,1177.0,1175.0,1176.45,49756
1724998500,1176.45,1178.0,1176.1,1177.2,105094
1724999400,1177.25,1179.55,1177.2,1178.95,96760
1725000300,1179.0,1180.5,1178.4,1180.35,92496
1725001200,1180.35,1181.3,1179.15,1179.7,82174
1725002100,1179.75,1180.25,1178.8,1179.4,79764
1725003000,1179.4,1179.9,1178.4,1178.65,105263
1725003900,1179.0,1179.0,1176.6,1177.1,213168
1725004800,1177.15,1177.9,1176.35,1177.0,117306
1725005700,1176.85,1177.95,1176.4,1177.0,135261
1725006600,1177.05,1177.8,1176.45,1177.3,298858
1725007500,1177.3,1178.5,1176.1,1176.55,272249
1725008400,1176.55,1176.75,1175.3,1175.95,188368
1725009300,1175.9,1176.05,1174.0,1175.9,699102
1725010200,1175.9,1177.85,1171.85,1175.75,3497891
1725011100,1175.8,1179.8,1173.75,1179.0,2918539
1725248700,1176.0,1179.6,1174.1,1177.65,337460
1725249600,1178.05,1179.7,1177.1,1178.05,219738
1725250500,1178.0,1182.75,1178.0,1181.15,203018
1725251400,1181.3,1182.2,1180.45,1181.6,128369
1725252300,1181.7,1181.8,1179.8,1181.2,146520
1725253200,1181.2,1183.65,1180.5,1182.85,147646
1725254100,1182.9,1186.5,1181.65,1184.3,168949
1725255000,1183.95,1186.4,1182.2,1183.0,110402
1725255900,1183.1,1184.65,1182.0,1183.3,92961
1725256800,1183.3,1183.75,1180.05,1181.15,96286
1725257700,1181.15,1181.8,1180.25,1180.95,110380
1725258600,1180.6,1181.7,1180.0,1181.15,93456
1725259500,1181.15,1182.0,1180.2,1180.6,109385
1725260400,1180.75,1182.0,1180.05,1180.55,156302
1725261300,1180.6,1182.0,1179.55,1180.75,183557
1725262200,1180.75,1182.4,1180.0,1182.05,145508
1725263100,1182.2,1183.95,1182.0,1183.5,218495
1725264000,1183.7,1184.4,1182.7,1183.4,144393
1725264900,1183.5,1185.5,1182.85,1185.1,136791
1725265800,1185.1,1194.0,1185.05,1191.4,857137
1725266700,1191.1,1191.65,1187.25,1188.45,288120
1725267600,1188.45,1192.35,1188.45,1191.1,275369
1725268500,1191.1,1191.25,1189.0,1190.1,293416
1725269400,1190.2,1190.95,1186.0,1189.85,967556
1725270300,1189.9,1190.65,1186.75,1189.0,800971
1725335100,1188.0,1189.65,1185.05,1187.4,293858
1725336000,1187.45,1190.65,1186.7,1186.7,170865
1725336900,1186.7,1188.65,1184.3,1186.15,172532
1725337800,1185.65,1187.0,1184.65,1184.9,90622
1725338700,1184.9,1185.5,1181.0,1182.15,120951
1725339600,1182.35,1183.85,1181.8,1183.2,82374
1725340500,1183.25,1183.95,1181.05,1181.05,86357
1725341400,1181.1,1181.9,1178.15,1178.15,182284
1725342300,1178.15,1182.0,1176.7,1179.55,153028
1725343200,1179.65,1180.8,1179.05,1180.45,103325
1725344100,1180.45,1181.6,1179.3,1181.35,188824
1725345000,1181.35,1182.4,1180.7,1181.85,174448
1725345900,1181.85,1183.1,1181.1,1181.6,162127
1725346800,1181.95,1182.4,1181.3,1182.0,142535
1725347700,1182.05,1183.1,1182.0,1182.95,135024
1725348600,1183.0,1183.45,1182.0,1183.1,129638
1725349500,1183.1,1184.5,1182.3,1183.9,149384
1725350400,1183.9,1183.95,1182.35,1182.95,136681
1725351300,1182.95,1183.25,1178.45,1181.35,283651
1725352200,1181.35,1182.65,1180.7,1182.25,266431
1725353100,1182.25,1182.5,1180.75,1181.8,251247
1725354000,1181.8,1185.1,1181.55,1184.85,369002
1725354900,1184.85,1187.8,1184.3,1186.9,688188
1725355800,1187.1,1193.55,1186.6,1192.6,2025706
1725356700,1192.7,1193.55,1190.15,1191.0,1360630
1725421500,1182.7,1189.65,1177.5,1179.05,704035
1725422400,1178.9,1180.4,1177.0,1178.1,295699
1725423300,1178.0,1180.1,1177.55,1178.05,167396
1725424200,1178.0,1180.0,1178.0,1179.75,115039
1725425100,1179.75,1180.5,1178.65,1179.1,131537
1725426000,1178.95,1179.4,1174.1,1176.95,401081
1725426900,1176.9,1178.0,1175.25,1176.05,119923
1725427800,1175.85,1176.65,1174.7,1175.15,125590
1725428700,1175.15,1175.5,1173.8,1174.0,167939
1725429600,1174.4,1176.35,1173.65,1175.85,79455
1725430500,1175.9,1176.3,1174.5,1175.1,54410
1725431400,1174.75,1177.0,1174.4,1176.3,79390
1725432300,1176.7,1176.7,1174.85,1175.5,85584
1725433200,1175.4,1176.3,1174.55,1175.9,94377
1725434100,1175.6,1176.05,1173.3,1174.25,149477
1725435000,1174.15,1175.55,1173.45,1175.35,120411
1725435900,1175.2,1177.15,1175.15,1176.95,133941
1725436800,1176.95,1177.6,1175.2,1176.75,142092
1725437700,1176.8,1177.4,1175.65,1176.4,172927
1725438600,1176.3,1178.15,1176.2,1177.5,260309
1725439500,1177.3,1178.6,1176.95,1177.85,258256
1725440400,1177.75,1179.2,1177.75,1178.5,257549
1725441300,1178.4,1178.65,1175.6,1175.85,426423
1725442200,1175.9,1178.3,1175.5,1178.15,986949
1725443100,1177.95,1179.95,1176.65,1179.0,997173
1725507900,1182.0,1182.85,1177.7,1178.45,296433
1725508800,1178.35,1178.95,1175.0,1176.3,114415
1725509700,1176.15,1178.95,1176.05,1177.65,73895
1725510600,1177.35,1178.1,1176.05,1176.7,81190
1725511500,1176.75,1177.0,1174.3,1174.3,93675
1725512400,1174.5,1175.7,1173.45,1174.5,77467
1725513300,1174.5,1176.0,1174.0,1174.65,73869
1725514200,1174.65,1176.95,1173.9,1176.75,90900
1725515100,1176.6,1177.0,1175.0,1175.0,78270
1725516000,1175.0,1178.3,1175.0,1178.05,99228
1725516900,1178.0,1178.5,1176.8,1178.2,99063
1725517800,1178.15,1179.0,1178.0,1178.3,44155
1725518700,1178.3,1178.5,1178.0,1178.05,61419
1725519600,1178.3,1180.45,1176.75,1179.55,88525
1725520500,1179.55,1181.0,1179.15,1180.3,94916
1725521400,1180.0,1180.7,1179.1,1179.75,68615
1725522300,1179.75,1180.4,1178.05,1179.8,106091
1725523200,1179.8,1180.85,1179.3,1180.65,75645
1725524100,1180.5,1181.45,1179.9,1180.45,70519
1725525000,1180.45,1181.3,1180.2,1181.3,82429
1725525900,1181.2,1181.55,1179.45,1179.8,139543
1725526800,1179.45,1180.75,1177.0,1177.8,177300
1725527700,1177.8,1179.3,1177.5,1178.2,125696
1725528600,1178.2,1181.35,1177.7,1180.7,1268081
1725529500,1180.7,1182.2,1180.0,1180.0,652314
1725594300,1176.0,1181.35,1173.95,1179.0,195465
1725595200,1179.0,1180.4,1174.25,1174.25,189470
1725596100,1174.25,1174.3,1167.25,1170.2,237645
1725597000,1170.2,1171.15,1165.25,1166.35,169236
1725597900,1166.25,1171.8,1164.2,1171.8,257708
1725598800,1171.65,1171.85,1166.8,1167.15,205464
1725599700,1167.05,1168.8,1166.0,1166.1,142958
1725600600,1166.05,1170.2,1166.0,1170.05,281754
1725601500,1170.0,1170.9,1167.8,1168.45,154677
1725602400,1168.45,1169.35,1166.05,1166.7,159305
1725603300,1166.7,1167.4,1166.0,1166.05,124195
1725604200,1166.05,1167.15,1166.0,1166.5,263252
1725605100,1166.35,1167.95,1166.05,1166.15,113562
1725606000,1166.15,1167.3,1165.15,1165.5,349037
1725606900,1165.5,1165.6,1159.15,1160.3,203270
1725607800,1160.0,1160.55,1157.65,1159.6,307110
1725608700,1159.55,1160.65,1158.6,1160.05,282984
1725609600,1160.05,1160.45,1158.05,1159.0,262151
1725610500,1158.95,1159.95,1158.3,1158.3,182457
1725611400,1158.2,1159.45,1158.0,1159.0,201087
1725612300,1158.65,1159.8,1155.8,1158.6,491429
1725613200,1158.65,1159.95,1153.8,1154.4,659022
1725614100,1154.2,1155.95,1150.8,1155.9,1041580
1725615000,1155.85,1160.5,1155.85,1158.95,1939343
1725615900,1158.85,1161.75,1156.0,1158.75,1460178
1725853500,1158.0,1158.75,1145.0,1151.05,656613
1725854400,1151.05,1156.3,1150.7,1155.5,265282
1725855300,1155.5,1155.8,1151.25,1152.0,255758
1725856200,1152.0,1152.0,1149.35,1150.55,250956
1725857100,1150.55,1152.5,1149.6,1151.65,214987
1725858000,1151.6,1156.6,1151.05,1156.55,247140
1725858900,1156.5,1158.75,1156.1,1156.65,225932
1725859800,1156.65,1158.05,1156.6,1158.05,119252
1725860700,1158.05,1160.6,1156.85,1157.45,191766
1725861600,1157.4,1158.3,1155.05,1157.65,116282
1725862500,1157.75,1161.55,1157.4,1158.7,144506
1725863400,1158.45,1158.85,1155.2,1155.85,132272
1725864300,1155.9,1157.7,1151.55,1154.55,397717
1725865200,1154.35,1158.95,1153.05,1157.55,340432
1725866100,1157.5,1159.0,1154.3,1156.9,175745
1725867000,1156.9,1158.5,1156.65,1158.05,157376
1725867900,1158.05,1166.25,1157.55,1165.2,416937
1725868800,1165.35,1167.45,1161.85,1162.25,206465
1725869700,1162.05,1166.5,1161.95,1165.95,217032
1725870600,1165.95,1167.25,1165.0,1166.2,221187
1725871500,1166.2,1168.25,1164.85,1165.15,248654
1725872400,1165.15,1169.15,1163.85,1168.75,254003
1725873300,1168.75,1175.6,1168.25,1172.75,448833
1725874200,1173.0,1173.45,1169.4,1169.85,1051082
1725875100,1169.85,1172.9,1168.3,1170.3,744239
1725939900,1178.9,1185.9,1173.35,1184.65,1139425
1725940800,1184.7,1189.25,1183.75,1185.5,754395
1725941700,1185.55,1190.85,1183.3,1184.6,756426
1725942600,1184.6,1185.45,1182.3,1184.15,219670
1725943500,1183.85,1186.9,1183.85,1186.7,202215
1725944400,1186.7,1190.25,1186.45,1187.7,257341
1725945300,1187.65,1187.85,1183.25,1185.85,251264
1725946200,1185.95,1187.0,1184.0,1186.05,119356
1725947100,1186.2,1188.45,1185.45,1187.2,126515
1725948000,1187.2,1188.0,1185.05,1186.4,169953
1725948900,1186.35,1188.5,1185.65,1187.95,140144
1725949800,1187.75,1188.45,1186.75,1187.75,124116
1725950700,1187.95,1188.0,1185.4,1186.3,132329
1725951600,1186.15,1186.5,1182.85,1185.45,190170
1725952500,1185.4,1185.45,1182.7,1183.8,186321
1725953400,1183.8,1186.6,1183.15,1185.05,184369
1725954300,1185.25,1189.0,1184.75,1188.55,182058
1725955200,1188.55,1189.0,1184.1,1186.9,161970
1725956100,1186.95,1188.75,1186.3,1188.3,218215
1725957000,1188.25,1188.9,1186.95,1187.95,144801
1725957900,1187.9,1188.25,1186.25,1186.55,161158
1725958800,1186.6,1187.1,1184.65,1186.55,289480
1725959700,1186.55,1188.0,1185.2,1187.35,513151
1725960600,1187.25,1190.0,1183.65,1187.5,1424888
1725961500,1187.25,1188.7,1185.1,1186.55,673975
1726026300,1187.2,1188.7,1181.0,1183.25,314395
1726027200,1183.5,1190.7,1183.2,1190.45,179812
1726028100,1190.45,1191.5,1188.0,1189.7,114844
1726029000,1189.7,1192.5,1189.1,1190.75,123013
1726029900,1190.55,1191.9,1189.55,1190.95,74029
1726030800,1190.6,1194.85,1190.0,1194.0,283798
1726031700,1194.0,1194.0,1186.65,1188.6,135853
1726032600,1188.5,1190.9,1187.75,1190.45,78856
1726033500,1190.5,1190.5,1186.75,1187.9,122112
1726034400,1187.9,1189.4,1183.0,1185.65,312086
1726035300,1185.55,1188.0,1184.0,1186.6,175147
1726036200,1186.55,1188.5,1185.45,1187.3,108817
1726037100,1187.3,1187.6,1184.0,1185.05,83489
1726038000,1185.05,1187.3,1184.85,1185.0,72956
1726038900,1184.95,1185.9,1183.2,1184.4,74978
1726039800,1184.2,1185.65,1183.45,1184.25,73511
1726040700,1184.25,1187.35,1182.85,1186.55,141136
1726041600,1186.5,1186.55,1184.25,1185.45,55049
1726042500,1185.3,1186.85,1184.4,1185.5,81708
1726043400,1185.3,1185.8,1182.75,1184.3,254601
1726044300,1184.25,1186.45,1183.7,1186.25,488612
1726045200,1186.25,1187.45,1185.35,1186.1,217770
1726046100,1186.0,1188.0,1185.0,1185.4,651068
1726047000,1185.35,1187.5,1184.8,1185.35,991513
1726047900,1185.4,1188.7,1183.55,1188.7,790947
1726112700,1190.1,1191.0,1185.0,1188.55,193647
1726113600,1188.6,1188.6,1181.55,1184.15,113544
1726114500,1184.15,1184.2,1179.75,1180.45,90939
1726115400,1180.15,1181.9,1178.25,1180.1,68669
1726116300,1180.1,1180.45,1176.75,1179.3,97028
1726117200,1179.3,1182.95,1179.2,1182.0,177486
1726118100,1182.0,1183.75,1180.6,1183.7,122442
1726119000,1183.8,1185.6,1183.05,1184.0,111342
1726119900,1184.15,1185.7,1181.0,1183.05,158101
1726120800,1183.15,1186.7,1182.25,1185.3,100681
1726121700,1185.25,1186.15,1183.45,1185.15,89682
1726122600,1185.4,1185.9,1183.3,1185.0,92088
1726123500,1185.0,1186.0,1182.9,1185.5,176974
1726124400,1185.5,1186.35,1183.55,1185.75,270795
1726125300,1185.75,1187.0,1184.45,1186.65,208890
1726126200,1186.8,1188.0,1185.0,1186.25,101449
1726127100,1186.55,1188.5,1185.05,1187.1,134774
1726128000,1187.1,1188.6,1185.6,1188.4,118370
1726128900,1188.4,1189.25,1187.8,1188.6,101253
1726129800,1188.6,1200.75,1188.55,1199.8,1083741
1726130700,1199.6,1201.85,1197.9,1199.7,743629
1726131600,1199.75,1201.35,1196.1,1196.9,149066
1726132500,1196.9,1199.8,1195.8,1197.6,335999
1726133400,1197.7,1205.7,1197.7,1205.35,1733787
1726134300,1205.15,1205.35,1201.35,1202.6,1016771
1726199100,1209.9,1209.9,1201.55,1203.7,478047
1726200000,1203.6,1205.5,1201.0,1204.25,144067
1726200900,1204.5,1205.95,1202.2,1202.45,129549
1726201800,1202.45,1205.85,1202.25,1204.8,150627
1726202700,1204.75,1209.5,1204.6,1208.85,188717
1726203600,1209.1,1209.5,1207.2,1208.0,132860
1726204500,1208.0,1208.8,1205.85,1207.75,101995
1726205400,1207.75,1211.65,1207.15,1209.9,176813
1726206300,1209.9,1209.9,1207.55,1208.9,120415
1726207200,1208.7,1210.0,1207.15,1208.9,51153
1726208100,1208.4,1211.5,1208.25,1211.25,60870
1726209000,1211.2,1213.9,1211.05,1213.2,125646
1726209900,1213.2,1214.8,1212.05,1214.5,114111
1726210800,1214.5,1214.5,1210.55,1210.95,96657
1726211700,1210.65,1212.0,1209.4,1211.1,94389
1726212600,1211.0,1211.75,1209.1,1210.3,83335
1726213500,1210.0,1210.85,1208.0,1208.0,84181
1726214400,1208.0,1211.45,1207.35,1210.3,232047
1726215300,1210.65,1212.5,1209.5,1212.5,82138
1726216200,1212.5,1215.8,1212.0,1213.75,193259
1726217100,1214.15,1216.75,1213.35,1216.25,470870
1726218000,1216.4,1216.6,1214.7,1216.25,732079
1726218900,1216.25,1217.9,1214.5,1217.6,776153
1726219800,1217.35,1219.55,1216.2,1216.2,1211783
1726220700,1216.25,1217.75,1213.1,1214.95,730238
1726458300,1222.0,1230.35,1215.0,1229.35,516386
1726459200,1229.1,1229.85,1225.75,1228.7,188865
1726460100,1228.55,1231.25,1227.85,1229.9,258134
1726461000,1229.8,1230.35,1223.7,1224.05,207032
1726461900,1224.1,1228.0,1223.0,1226.9,105202
1726462800,1227.2,1230.0,1226.75,1228.95,180795
1726463700,1229.0,1229.55,1226.1,1227.0,96148
1726464600,1226.9,1228.75,1226.1,1228.5,68593
1726465500,1228.55,1228.9,1226.35,1227.55,52414
1726466400,1227.45,1228.0,1226.55,1227.45,66908
1726467300,1227.7,1229.5,1226.75,1228.2,109088
1726468200,1228.3,1230.75,1227.8,1229.8,161109
1726469100,1229.8,1229.8,1227.0,1228.25,81379
1726470000,1228.5,1229.9,1227.8,1228.5,76938
1726470900,1228.5,1230.4,1228.5,1229.0,109936
1726471800,1228.85,1229.2,1227.25,1228.1,143192
1726472700,1228.2,1230.5,1227.85,1230.35,88020
1726473600,1230.5,1231.0,1229.0,1229.8,68669
1726474500,1229.9,1230.4,1228.8,1230.4,77805
1726475400,1230.4,1230.95,1229.0,1230.75,90992
1726476300,1230.75,1233.9,1229.5,1232.65,236139
1726477200,1232.75,1234.0,1232.0,1233.2,185672
1726478100,1233.2,1233.9,1231.55,1232.4,277989
1726479000,1232.0,1233.5,1230.0,1230.1,341024
1726479900,1230.2,1231.45,1228.85,1230.35,249977
1726544700,1235.2,1235.35,1227.6,1230.8,361846
1726545600,1231.1,1235.0,1230.35,1232.15,164785
1726546500,1232.15,1234.35,1229.25,1229.65,177395
1726547400,1229.7,1235.7,1229.0,1233.0,248000
1726548300,1233.25,1234.5,1231.15,1234.0,78287
1726549200,1233.95,1237.6,1233.3,1235.2,174027
1726550100,1235.3,1237.65,1234.55,1237.35,223403
1726551000,1237.25,1238.0,1235.7,1236.5,152526
1726551900,1236.5,1238.4,1235.75,1236.15,120830
1726552800,1236.15,1237.0,1234.45,1235.0,60990
1726553700,1235.0,1237.75,1234.3,1237.75,163881
1726554600,1237.7,1240.6,1237.05,1239.5,597794
1726555500,1239.5,1240.6,1238.0,1239.55,233845
1726556400,1239.35,1240.35,1237.95,1238.4,215698
1726557300,1238.8,1240.4,1237.35,1239.8,250792
1726558200,1239.75,1240.0,1237.75,1239.4,234691
1726559100,1239.4,1240.4,1237.0,1239.0,319142
1726560000,1239.0,1239.1,1236.2,1238.15,244285
1726560900,1238.05,1238.35,1236.6,1236.9,137594
1726561800,1237.0,1237.55,1233.6,1235.45,319815
1726562700,1235.2,1236.65,1232.15,1233.15,729012
1726563600,1233.15,1235.15,1229.5,1234.85,735206
1726564500,1234.85,1237.45,1234.8,1236.65,431728
1726565400,1236.25,1236.6,1230.0,1230.35,971073
1726566300,1230.45,1232.15,1228.5,1228.5,683600
1726631100,1231.9,1232.8,1225.0,1230.55,243845
1726632000,1230.8,1233.0,1227.6,1231.7,227193
1726632900,1231.7,1234.0,1230.25,1232.65,100455
1726633800,1232.95,1234.9,1232.45,1234.45,172481
1726634700,1234.15,1236.75,1233.9,1234.35,150697
1726635600,1234.4,1239.5,1233.15,1239.5,228926
1726636500,1239.5,1240.85,1236.0,1237.7,333434
1726637400,1237.75,1239.4,1236.75,1239.15,164557
1726638300,1239.1,1240.8,1238.0,1238.5,187716
1726639200,1238.85,1239.45,1237.1,1237.45,185519
1726640100,1237.45,1241.15,1235.65,1240.2,357011
1726641000,1240.15,1243.6,1239.35,1242.5,546524
1726641900,1242.5,1246.9,1242.15,1245.05,338759
1726642800,1245.05,1249.25,1243.8,1248.35,289594
1726643700,1248.3,1249.95,1247.0,1248.6,381233
1726644600,1248.6,1250.4,1244.0,1245.85,380749
1726645500,1245.45,1248.2,1244.25,1245.05,245614
1726646400,1245.05,1246.15,1240.65,1241.25,289837
1726647300,1241.6,1245.05,1241.1,1244.85,275182
1726648200,1244.8,1245.0,1241.75,1242.55,236846
1726649100,1242.5,1244.95,1241.3,1244.2,210596
1726650000,1244.15,1247.75,1242.2,1243.0,397912
1726650900,1243.1,1244.75,1241.8,1242.05,348077
1726651800,1242.2,1244.85,1239.55,1241.15,980708
1726652700,1241.8,1242.4,1233.65,1235.2,936210
1726717500,1248.45,1260.1,1243.1,1256.0,834456
1726718400,1256.05,1261.7,1254.35,1259.55,362705
1726719300,1260.0,1261.0,1253.0,1255.2,296955
1726720200,1255.4,1259.45,1254.05,1254.3,215992
1726721100,1254.3,1256.4,1248.55,1250.0,196539
1726722000,1249.7,1252.4,1248.55,1251.15,124905
1726722900,1251.25,1256.65,1251.0,1253.95,214694
1726723800,1254.2,1254.5,1249.7,1252.8,174638
1726724700,1252.85,1252.85,1245.0,1245.9,221561
1726725600,1246.0,1248.7,1245.3,1247.0,251719
1726726500,1247.3,1248.6,1243.65,1243.65,173766
1726727400,1244.0,1246.0,1242.65,1244.25,159383
1726728300,1244.0,1244.15,1239.35,1239.8,307501
1726729200,1239.65,1241.75,1239.05,1240.0,355077
1726730100,1240.0,1244.65,1239.2,1239.2,424498
1726731000,1239.55,1241.1,1239.2,1240.0,221882
1726731900,1240.0,1242.2,1239.0,1240.55,419672
1726732800,1240.55,1243.7,1239.7,1242.8,197384
1726733700,1242.65,1244.2,1241.7,1243.25,174202
1726734600,1243.55,1245.7,1242.8,1244.5,124709
1726735500,1244.4,1245.3,1242.1,1244.45,160540
1726736400,1244.45,1245.8,1242.65,1244.15,294882
1726737300,1243.9,1245.75,1241.8,1244.25,298552
1726738200,1244.9,1244.9,1241.45,1242.9,1332878
1726739100,1242.85,1245.95,1241.0,1244.8,910361
1726803900,1244.0,1246.8,1231.1,1235.3,715004
1726804800,1235.3,1238.75,1233.6,1237.8,292570
1726805700,1237.8,1244.35,1234.35,1243.55,397480
1726806600,1243.85,1246.2,1241.05,1241.5,245040
1726807500,1241.5,1243.25,1238.5,1242.65,250078
1726808400,1242.5,1248.25,1242.5,1246.9,422298
1726809300,1246.9,1247.5,1241.6,1242.45,300262
1726810200,1242.45,1242.7,1239.3,1242.1,280605
1726811100,1242.4,1242.7,1238.4,1239.4,189698
1726812000,1239.55,1241.9,1238.0,1239.7,101028
1726812900,1239.75,1241.4,1235.9,1236.7,133085
1726813800,1236.95,1240.9,1236.45,1239.75,159706
1726814700,1239.9,1241.6,1239.0,1240.55,154306
1726815600,1240.55,1245.85,1239.85,1243.5,680112
1726816500,1243.2,1247.4,1242.95,1243.05,494413
1726817400,1243.2,1244.15,1241.75,1242.55,238640
1726818300,1242.45,1243.75,1240.5,1241.6,328634
1726819200,1241.6,1242.0,1229.9,1235.55,1043604
1726820100,1234.7,1241.9,1234.1,1239.45,600839
1726821000,1239.0,1242.25,1237.2,1237.9,399846
1726821900,1237.9,1240.8,1234.15,1237.0,536052
1726822800,1237.0,1240.5,1235.25,1235.8,414083
1726823700,1235.6,1245.0,1235.55,1242.6,1158792
1726824600,1242.65,1247.05,1242.25,1242.8,3220679
1726825500,1242.85,1250.0,1241.35,1249.95,2247437
1727063100,1251.5,1252.0,1241.6,1243.75,460207
1727064000,1243.75,1248.0,1242.35,1243.0,165640
1727064900,1243.35,1245.8,1242.3,1243.5,97406
1727065800,1243.4,1244.6,1242.1,1243.2,73006
1727066700,1243.2,1245.0,1242.0,1243.65,141654
1727067600,1243.65,1245.0,1242.1,1242.75,233217
1727068500,1242.75,1243.45,1240.55,1241.95,72294
1727069400,1241.95,1246.0,1240.7,1245.8,256520
1727070300,1245.8,1247.3,1244.55,1245.0,191858
1727071200,1245.4,1245.9,1243.35,1245.35,98177
1727072100,1245.35,1246.4,1243.75,1245.95,64074
1727073000,1245.9,1246.7,1244.65,1245.55,86538
1727073900,1245.9,1246.7,1244.65,1244.7,61793
1727074800,1244.7,1246.0,1242.8,1245.4,270859
1727075700,1244.8,1245.8,1243.5,1244.4,58496
1727076600,1244.4,1246.85,1244.15,1245.95,118720
1727077500,1246.3,1246.75,1245.2,1245.45,74318
1727078400,1245.65,1250.0,1245.4,1249.8,242161
1727079300,1249.15,1251.3,1248.5,1250.7,207253
1727080200,1250.6,1252.45,1249.05,1250.45,286266
1727081100,1250.9,1251.6,1248.35,1248.8,399707
1727082000,1248.45,1250.55,1247.6,1250.0,242603
1727082900,1250.25,1252.25,1247.05,1247.55,318032
1727083800,1247.4,1248.85,1245.0,1245.95,802601
1727084700,1246.4,1247.85,1244.6,1246.0,439040
1727149500,1241.1,1247.1,1239.2,1240.25,718979
1727150400,1240.3,1240.8,1238.0,1239.9,280901
1727151300,1239.6,1240.5,1237.1,1237.25,278765
1727152200,1237.25,1238.25,1235.4,1237.8,170586
1727153100,1237.9,1238.8,1236.7,1237.35,140503
1727154000,1237.3,1237.7,1235.35,1237.0,227422
1727154900,1237.0,1239.5,1236.65,1239.15,136921
1727155800,1239.15,1239.45,1236.6,1238.3,211656
1727156700,1238.05,1238.95,1236.5,1237.3,175821
1727157600,1237.3,1239.4,1236.3,1238.1,175842
1727158500,1238.1,1240.0,1238.0,1239.65,196265
1727159400,1239.65,1240.3,1238.7,1239.05,219636
1727160300,1239.0,1241.7,1238.95,1241.6,320458
1727161200,1241.6,1243.5,1240.65,1242.05,197828
1727162100,1242.05,1243.5,1240.9,1242.65,237037
1727163000,1242.65,1244.2,1242.15,1243.65,216793
1727163900,1243.7,1244.5,1243.05,1244.0,201396
1727164800,1244.05,1244.1,1240.0,1241.9,376781
1727165700,1241.9,1242.6,1239.6,1240.95,289569
1727166600,1241.0,1242.4,1239.9,1241.7,553341
1727167500,1241.7,1242.15,1238.1,1239.9,449239
1727168400,1240.35,1240.5,1237.8,1238.4,416999
1727169300,1238.35,1244.5,1238.0,1239.9,1002947
1727170200,1239.9,1240.5,1237.7,1239.5,1360670
1727171100,1239.45,1240.65,1238.9,1240.5,669109
1727235900,1238.0,1241.85,1231.1,1238.15,522556
1727236800,1238.35,1240.9,1237.25,1238.75,238620
1727237700,1238.75,1248.0,1238.6,1245.3,292108
1727238600,1245.0,1247.75,1241.7,1242.55,217697
1727239500,1242.7,1247.15,1242.15,1245.65,125378
1727240400,1245.7,1251.2,1245.65,1249.5,187312
1727241300,1249.5,1250.0,1246.55,1248.2,88627
1727242200,1248.05,1251.5,1248.05,1250.7,161587
1727243100,1250.7,1254.0,1250.0,1253.7,172374
1727244000,1253.6,1254.85,1251.35,1253.25,241678
1727244900,1253.25,1254.2,1252.05,1253.95,143948
1727245800,1253.95,1258.95,1252.5,1257.55,271814
1727246700,1257.6,1261.75,1256.5,1257.05,485017
1727247600,1256.95,1257.6,1255.2,1256.5,127407
1727248500,1256.35,1258.3,1254.0,1254.0,147345
1727249400,1254.2,1256.7,1252.9,1254.0,183746
1727250300,1254.45,1256.5,1253.6,1254.55,126751
1727251200,1254.55,1254.85,1252.55,1253.7,100935
1727252100,1253.7,1257.25,1253.3,1256.0,135918
1727253000,1255.9,1257.7,1255.7,1256.6,142687
1727253900,1256.6,1259.8,1256.25,1258.95,202040
1727254800,1258.9,1262.25,1258.0,1261.0,444487
1727255700,1261.1,1264.8,1259.9,1264.2,498720
1727256600,1264.05,1271.0,1263.9,1268.05,983152
1727257500,1268.1,1270.35,1265.7,1269.15,611198
1727322300,1267.55,1275.0,1262.25,1273.65,631409
1727323200,1273.65,1275.65,1271.0,1271.0,188684
1727324100,1270.95,1275.0,1270.1,1274.05,173587
1727325000,1274.2,1279.5,1274.2,1276.8,257602
1727325900,1276.75,1279.9,1276.15,1278.5,167847
1727326800,1278.15,1278.4,1275.4,1275.75,161903
1727327700,1275.85,1276.35,1272.5,1272.65,166384
1727328600,1272.8,1273.0,1268.75,1271.45,149900
1727329500,1271.7,1272.5,1265.0,1265.8,210493
1727330400,1265.8,1267.25,1264.25,1266.55,148249
1727331300,1266.7,1267.85,1265.1,1266.0,108669
1727332200,1265.55,1269.1,1265.0,1265.95,139303
1727333100,1265.65,1271.5,1265.5,1270.65,264260
1727334000,1270.65,1273.1,1269.85,1272.55,201162
1727334900,1272.6,1273.5,1270.75,1271.05,124824
1727335800,1271.05,1272.0,1269.3,1269.65,137185
1727336700,1269.8,1273.75,1268.5,1272.35,158777
1727337600,1272.35,1273.45,1270.05,1270.4,214728
1727338500,1270.4,1271.0,1268.55,1271.0,202014
1727339400,1270.85,1271.35,1266.9,1269.9,271734
1727340300,1269.95,1275.85,1269.85,1271.1,210405
1727341200,1271.15,1280.75,1270.05,1277.1,642308
1727342100,1277.55,1280.0,1276.25,1277.65,673092
1727343000,1277.55,1281.65,1274.5,1275.25,921674
1727343900,1274.9,1277.55,1272.85,1274.0,741781
1727408700,1273.0,1274.85,1269.5,1272.4,260855
1727409600,1272.2,1277.95,1271.65,1277.9,167944
1727410500,1278.0,1281.4,1277.15,1280.1,241056
1727411400,1280.1,1281.55,1279.3,1279.3,139456
1727412300,1279.4,1281.0,1278.05,1280.25,255949
1727413200,1280.25,1280.85,1278.3,1278.35,140400
1727414100,1278.35,1279.15,1275.4,1275.5,178922
1727415000,1275.6,1279.7,1275.0,1278.05,186975
1727415900,1278.05,1278.75,1276.3,1276.9,225137
1727416800,1276.9,1277.2,1273.0,1273.75,910335
1727417700,1273.8,1275.4,1272.35,1273.6,185555
1727418600,1273.55,1275.15,1272.5,1273.25,348968
1727419500,1273.25,1273.5,1271.2,1272.3,190147
1727420400,1272.3,1274.95,1271.65,1271.8,203350
1727421300,1271.8,1273.25,1270.0,1270.5,245676
1727422200,1270.45,1271.05,1269.15,1270.3,214518
1727423100,1270.2,1270.65,1265.1,1265.15,263057
1727424000,1265.15,1266.0,1263.05,1265.75,332677
1727424900,1265.35,1266.0,1261.85,1265.1,455810
1727425800,1264.8,1265.35,1257.25,1258.0,530468
1727426700,1258.0,1262.8,1257.95,1261.9,393985
1727427600,1261.9,1265.1,1261.5,1264.2,299650
1727428500,1264.3,1266.25,1262.15,1264.55,475989
1727429400,1264.8,1275.75,1264.8,1274.75,3893211
1727430300,1274.75,1276.3,1273.55,1275.1,2631910
1727667900,1263.5,1275.0,1257.05,1258.65,562996
1727668800,1258.7,1259.15,1253.05,1254.15,263050
1727669700,1254.3,1254.3,1246.0,1246.55,352046
1727670600,1246.6,1250.35,1246.4,1246.55,517894
1727671500,1246.65,1248.6,1244.05,1246.4,231473
1727672400,1246.2,1248.8,1243.55,1248.6,155037
1727673300,1248.6,1250.65,1246.55,1250.25,199136
1727674200,1250.25,1254.75,1249.55,1252.45,194288
1727675100,1252.5,1254.65,1251.8,1252.95,151948
1727676000,1252.7,1253.05,1248.35,1248.55,135689
1727676900,1248.55,1248.7,1246.05,1248.3,112352
1727677800,1248.3,1249.7,1245.35,1245.8,145903
1727678700,1245.9,1246.55,1243.05,1243.55,151103
1727679600,1243.55,1244.3,1242.0,1242.3,181224
1727680500,1242.3,1243.05,1241.1,1242.5,126730
1727681400,1242.5,1244.85,1242.0,1242.4,125219
1727682300,1242.35,1242.75,1240.9,1241.45,110921
1727683200,1241.35,1243.15,1240.55,1241.7,157110
1727684100,1241.65,1241.8,1239.05,1239.35,137792
1727685000,1239.35,1239.95,1237.1,1239.1,149975
1727685900,1239.1,1240.45,1238.0,1240.0,229513
1727686800,1240.0,1240.45,1235.75,1236.3,304378
1727687700,1236.35,1241.0,1236.2,1238.15,625024
1727688600,1238.15,1238.75,1230.3,1233.15,2045767
1727689500,1233.05,1233.1,1229.35,1231.6,1098640
1727754300,1228.1,1242.95,1228.1,1237.85,660267
1727755200,1237.55,1239.0,1234.2,1236.6,325331
1727756100,1236.7,1239.0,1234.1,1238.25,309044
1727757000,1238.1,1238.75,1232.5,1232.95,226037
1727757900,1232.75,1234.1,1231.55,1233.6,179738
1727758800,1233.6,1234.0,1231.3,1231.9,166373
1727759700,1231.9,1235.4,1231.0,1235.4,153537
1727760600,1234.8,1237.2,1234.25,1236.3,178225
1727761500,1236.0,1238.45,1235.65,1236.25,1436963
1727762400,1236.1,1236.65,1234.3,1236.25,321447
1727763300,1236.15,1236.75,1235.2,1235.7,270651
1727764200,1235.7,1235.9,1233.2,1233.9,615512
1727765100,1233.45,1236.6,1233.45,1236.2,158037
1727766000,1236.0,1237.55,1235.1,1235.85,238891
1727766900,1235.85,1237.05,1235.45,1237.0,172185
1727767800,1237.0,1237.1,1234.0,1234.6,278382
1727768700,1234.5,1234.65,1231.2,1233.8,559690
1727769600,1233.7,1234.1,1230.95,1232.35,219589
1727770500,1232.35,1232.6,1230.35,1231.9,246603
1727771400,1231.9,1232.5,1227.65,1228.55,272569
1727772300,1228.55,1228.95,1225.05,1227.2,607200
1727773200,1227.1,1227.25,1225.4,1226.5,464998
1727774100,1226.15,1228.85,1226.0,1226.95,670284
1727775000,1227.15,1229.0,1225.2,1226.0,1451837
1727775900,1225.75,1228.0,1224.65,1227.5,980327
1727927100,1207.5,1219.15,1207.5,1209.15,1927747
1727928000,1209.5,1213.95,1205.45,1213.2,1426940
1727928900,1213.05,1215.75,1209.0,1209.3,593336
1727929800,1209.05,1209.35,1200.7,1201.15,628227
1727930700,1201.15,1201.15,1198.15,1199.0,284985
1727931600,1199.0,1200.6,1198.0,1198.35,350543
1727932500,1198.25,1199.95,1198.1,1198.65,281571
1727933400,1198.65,1199.55,1197.25,1197.85,160150
1727934300,1197.8,1198.05,1194.5,1196.2,232140
1727935200,1196.05,1196.85,1193.1,1193.55,284458
1727936100,1193.45,1195.35,1192.4,1194.65,299338
1727937000,1195.0,1197.05,1193.4,1195.2,295495
1727937900,1195.2,1197.05,1193.45,1193.75,419712
1727938800,1193.75,1193.75,1188.8,1189.0,479390
1727939700,1189.05,1189.3,1186.9,1187.85,309569
1727940600,1187.85,1188.4,1186.65,1187.8,359949
1727941500,1187.2,1190.85,1186.15,1190.75,512255
1727942400,1190.3,1190.95,1186.75,1187.15,389049
1727943300,1187.15,1188.0,1181.15,1182.25,585300
1727944200,1182.3,1183.5,1178.85,1182.2,1230777
1727945100,1182.2,1182.2,1177.65,1179.55,962530
1727946000,1179.55,1180.05,1177.6,1179.95,674687
1727946900,1179.95,1180.15,1177.15,1178.0,988937
1727947800,1178.1,1178.65,1173.1,1175.05,1719127
1727948700,1175.0,1180.5,1173.3,1178.0,1904180
1728013500,1175.5,1186.65,1174.0,1175.7,625921
1728014400,1175.6,1185.0,1174.1,1183.9,537285
1728015300,1183.85,1185.15,1182.7,1184.3,213306
1728016200,1184.15,1185.4,1178.6,1180.05,410168
1728017100,1179.7,1186.3,1178.25,1184.0,1172565
1728018000,1183.9,1192.45,1182.9,1190.0,2119105
1728018900,1190.2,1193.9,1189.0,1193.0,424897
1728019800,1193.0,1194.45,1187.1,1189.3,456400
1728020700,1189.3,1191.95,1186.3,1188.35,294539
1728021600,1188.3,1190.7,1186.6,1190.55,239113
1728022500,1190.55,1197.65,1190.2,1197.0,367596
1728023400,1196.85,1199.45,1195.7,1199.1,505646
1728024300,1199.1,1199.45,1195.5,1197.3,242670
1728025200,1197.4,1202.8,1186.35,1187.05,1095289
1728026100,1187.45,1189.7,1185.0,1185.55,681438
1728027000,1185.25,1187.85,1185.0,1186.25,300001
1728027900,1186.25,1187.0,1185.0,1186.3,218266
1728028800,1186.35,1186.35,1182.1,1183.35,459505
1728029700,1183.2,1183.55,1181.05,1181.95,240518
1728030600,1181.95,1183.55,1181.4,1183.55,247754
1728031500,1183.4,1183.6,1180.5,1181.8,228416
1728032400,1182.0,1182.65,1176.8,1176.8,291334
1728033300,1177.05,1179.9,1175.25,1178.85,288074
1728034200,1178.75,1179.7,1175.7,1178.25,749177
1728035100,1178.25,1183.55,1177.85,1183.0,655413
1728272700,1182.95,1184.85,1178.1,1182.5,629258
1728273600,1182.5,1182.95,1178.2,1178.65,771146
1728274500,1178.85,1180.65,1175.0,1179.75,231589
1728275400,1179.65,1180.45,1175.0,1178.15,236388
1728276300,1178.15,1178.65,1173.75,1174.85,566335
1728277200,1174.9,1176.7,1174.05,1175.75,253849
1728278100,1175.55,1176.25,1168.35,1168.45,328452
1728279000,1168.65,1170.25,1165.7,1170.0,249587
1728279900,1169.95,1180.2,1166.05,1166.2,1152138
1728280800,1166.65,1168.45,1163.25,1164.5,1022974
1728281700,1164.5,1165.45,1158.7,1161.0,386519
1728282600,1160.65,1164.75,1160.6,1163.8,202963
1728283500,1163.55,1166.75,1162.95,1165.55,291220
1728284400,1165.55,1165.65,1161.2,1163.1,278334
1728285300,1163.1,1164.2,1153.7,1154.55,702853
1728286200,1154.5,1154.7,1149.75,1151.4,679852
1728287100,1151.4,1152.9,1145.75,1147.4,403694
1728288000,1147.45,1147.95,1130.9,1135.75,1338213
1728288900,1135.45,1147.8,1135.1,1141.55,1382517
1728289800,1141.25,1152.1,1140.95,1146.05,591940
1728290700,1146.1,1147.3,1140.05,1140.65,1111886
1728291600,1140.6,1157.95,1139.65,1157.8,892035
1728292500,1157.8,1180.0,1150.0,1150.7,3357406
1728293400,1150.35,1150.75,1141.1,1144.65,2276556
1728294300,1144.95,1152.1,1144.55,1151.3,708809
1728359100,1153.0,1161.9,1142.5,1159.9,816481
1728360000,1159.9,1167.85,1157.65,1165.65,621027
1728360900,1165.65,1167.0,1154.95,1156.75,465412
1728361800,1156.95,1160.75,1151.9,1159.35,253000
1728362700,1159.3,1160.75,1156.55,1159.6,250816
1728363600,1159.6,1163.7,1158.55,1160.85,265594
1728364500,1160.6,1164.95,1159.55,1163.7,214822
1728365400,1163.65,1166.75,1160.0,1163.7,203539
1728366300,1163.7,1164.7,1160.25,1160.9,219632
1728367200,1160.85,1164.65,1160.0,1164.25,237299
1728368100,1163.95,1168.35,1162.65,1164.95,194828
1728369000,1164.9,1164.95,1159.2,1162.1,95562
1728369900,1161.95,1162.9,1160.6,1161.65,74036
1728370800,1161.65,1162.7,1160.15,1160.8,70995
1728371700,1160.9,1161.6,1158.6,1160.0,90726
1728372600,1160.0,1164.6,1159.85,1163.85,171810
1728373500,1163.85,1163.95,1161.5,1161.9,85341
1728374400,1161.75,1163.5,1160.5,1160.9,107782
1728375300,1160.85,1163.35,1159.25,1159.95,142994
1728376200,1160.15,1161.3,1158.3,1159.95,177189
1728377100,1159.95,1160.2,1157.7,1158.35,256659
1728378000,1158.45,1158.45,1154.0,1155.6,376143
1728378900,1155.5,1156.9,1153.5,1155.1,364931
1728379800,1155.6,1156.2,1150.3,1151.95,1581651
1728380700,1151.75,1158.0,1150.65,1157.35,1126226
1728445500,1154.0,1166.25,1154.0,1158.85,593944
1728446400,1159.4,1166.0,1154.9,1164.8,360797
1728447300,1164.85,1169.45,1161.25,1167.5,619440
1728448200,1167.65,1181.7,1164.7,1181.65,601625
1728449100,1180.95,1183.9,1168.45,1170.95,647539
1728450000,1171.05,1182.4,1169.5,1178.4,274566
1728450900,1178.55,1185.0,1178.3,1180.2,255136
1728451800,1180.4,1182.85,1176.25,1178.95,242563
1728452700,1178.8,1183.7,1177.75,1182.6,389843
1728453600,1182.15,1183.2,1174.15,1175.05,284374
1728454500,1175.05,1175.7,1169.2,1170.65,422023
1728455400,1170.65,1173.55,1169.45,1170.05,260770
1728456300,1170.1,1173.4,1169.55,1170.1,200144
1728457200,1170.1,1172.75,1170.0,1170.8,114532
1728458100,1170.65,1172.75,1170.0,1171.45,105227
1728459000,1171.65,1171.65,1168.2,1168.45,124435
1728459900,1168.45,1170.25,1166.95,1169.2,150434
1728460800,1169.0,1169.75,1166.35,1168.95,145863
1728461700,1168.6,1172.0,1167.55,1170.9,120419
1728462600,1171.0,1172.0,1168.25,1169.0,155089
1728463500,1168.8,1169.3,1166.95,1168.05,293484
1728464400,1168.1,1172.7,1167.75,1169.5,299653
1728465300,1169.95,1173.7,1168.7,1171.3,608435
1728466200,1171.6,1171.85,1168.0,1170.55,1471608
1728467100,1170.55,1173.8,1168.7,1170.2,1065609
1728531900,1177.0,1183.1,1175.05,1181.9,546239
1728532800,1181.9,1184.6,1179.45,1182.2,341228
1728533700,1182.4,1183.9,1180.25,1183.3,170449
1728534600,1183.3,1185.1,1182.0,1183.35,149175
1728535500,1183.55,1183.75,1178.8,1181.3,156741
1728536400,1181.35,1182.8,1179.1,1181.95,161055
1728537300,1181.85,1182.45,1180.15,1182.25,102913
1728538200,1182.25,1182.35,1179.05,1180.0,143858
1728539100,1180.15,1181.45,1178.5,1179.65,173521
1728540000,1179.65,1180.45,1176.9,1178.35,212452
1728540900,1178.5,1181.35,1176.9,1180.0,221665
1728541800,1180.35,1183.95,1179.5,1183.25,183840
1728542700,1183.25,1185.6,1182.3,1184.25,218483
1728543600,1184.25,1185.0,1180.45,1181.7,177223
1728544500,1181.7,1183.75,1180.05,1181.2,165773
1728545400,1181.25,1183.65,1180.45,1182.65,430672
1728546300,1182.65,1190.0,1181.55,1188.4,355712
1728547200,1188.4,1189.9,1186.8,1188.65,208341
1728548100,1188.2,1191.0,1186.95,1189.3,197819
1728549000,1189.35,1189.9,1185.2,1186.55,228662
1728549900,1186.55,1188.7,1185.15,1187.15,364321
1728550800,1187.1,1188.45,1185.55,1187.95,484805
1728551700,1187.95,1189.0,1184.25,1185.0,564455
1728552600,1184.6,1186.45,1183.25,1183.9,440469
1728553500,1183.9,1184.4,1181.85,1183.7,405749
1728618300,1182.5,1184.9,1177.15,1179.5,209911
1728619200,1179.6,1181.95,1176.95,1179.95,166165
1728620100,1179.95,1186.9,1179.8,1181.95,156402
1728621000,1182.0,1188.2,1180.5,1187.0,661975
1728621900,1186.75,1187.0,1180.0,1180.25,551102
1728622800,1180.25,1181.6,1176.55,1179.55,180947
1728623700,1179.55,1182.15,1175.45,1175.45,140570
1728624600,1175.55,1176.65,1174.55,1175.1,69314
1728625500,1175.05,1176.2,1170.65,1170.8,93113
1728626400,1170.7,1172.05,1168.2,1171.75,87893
1728627300,1171.75,1173.2,1170.15,1172.35,55971
1728628200,1172.35,1172.35,1169.4,1170.45,38405
1728629100,1170.45,1173.8,1170.2,1173.7,67551
1728630000,1173.7,1173.9,1170.35,1170.65,80654
1728630900,1170.45,1172.4,1170.05,1170.65,73856
1728631800,1170.65,1172.1,1170.0,1170.55,50993
1728632700,1171.0,1172.9,1170.2,1170.2,68921
1728633600,1170.15,1170.55,1167.0,1167.7,131310
1728634500,1167.7,1168.65,1166.0,1168.5,261834
1728635400,1168.45,1170.45,1168.1,1170.3,97305
1728636300,1170.1,1171.0,1168.5,1169.5,136396
1728637200,1169.3,1174.0,1169.05,1173.9,274560
1728638100,1173.45,1174.45,1171.05,1171.55,305923
1728639000,1171.5,1173.8,1171.35,1172.8,475439
1728639900,1172.85,1175.0,1170.7,1174.0,317448
1728877500,1171.55,1172.95,1156.6,1161.6,1392804
1728878400,1161.5,1166.8,1158.8,1166.25,433685
1728879300,1166.6,1171.9,1166.6,1170.2,590071
1728880200,1170.35,1172.5,1166.0,1166.7,733115
1728881100,1166.7,1173.8,1166.35,1172.65,453617
1728882000,1172.6,1175.0,1169.15,1170.35,297814
1728882900,1170.35,1171.85,1166.7,1167.85,295838
1728883800,1167.35,1167.85,1162.55,1164.7,355514
1728884700,1164.7,1170.0,1164.5,1169.0,247963
1728885600,1168.85,1170.7,1167.85,1169.8,222012
1728886500,1169.8,1170.85,1167.75,1169.45,383219
1728887400,1169.55,1170.1,1166.15,1167.5,150972
1728888300,1167.5,1167.95,1164.95,1165.2,178028
1728889200,1165.1,1166.75,1164.7,1165.55,173524
1728890100,1165.55,1166.45,1162.45,1162.95,256358
1728891000,1162.9,1163.55,1161.65,1162.25,192782
1728891900,1162.35,1164.35,1162.2,1164.05,161941
1728892800,1164.05,1165.0,1160.0,1160.35,204327
1728893700,1160.4,1164.75,1160.25,1163.85,279478
1728894600,1163.85,1164.95,1162.5,1163.4,213662
1728895500,1163.4,1164.4,1160.9,1161.35,264332
1728896400,1161.35,1163.75,1161.2,1162.6,272025
1728897300,1162.6,1166.55,1162.45,1166.25,535716
1728898200,1166.3,1166.35,1161.0,1163.65,905121
1728899100,1163.6,1169.0,1163.15,1168.75,571225
1728963900,1166.1,1168.75,1158.5,1166.0,556765
1728964800,1165.8,1168.5,1164.45,1165.0,218081
1728965700,1164.7,1166.8,1161.9,1163.7,519894
1728966600,1164.1,1165.9,1161.3,1165.35,153277
1728967500,1165.45,1165.95,1162.0,1165.1,235325
1728968400,1165.1,1172.0,1164.95,1171.0,273554
1728969300,1171.05,1171.65,1162.25,1163.7,213831
1728970200,1163.7,1164.8,1162.9,1164.15,99285
1728971100,1164.2,1165.8,1162.15,1163.15,123540
1728972000,1163.15,1163.65,1160.75,1161.8,203990
1728972900,1161.8,1163.8,1160.5,1163.1,160890
1728973800,1163.1,1163.5,1160.3,1162.2,197547
1728974700,1162.2,1163.0,1161.1,1162.25,269133
1728975600,1162.2,1163.55,1161.15,1162.6,152712
1728976500,1162.6,1162.95,1160.1,1160.45,295531
1728977400,1160.45,1160.45,1156.45,1156.65,347888
1728978300,1156.6,1158.95,1156.0,1156.65,228104
1728979200,1156.7,1157.85,1155.6,1157.7,279897
1728980100,1157.5,1158.3,1155.5,1157.2,411009
1728981000,1157.25,1158.25,1155.0,1157.25,245130
1728981900,1157.0,1159.05,1156.35,1158.0,281338
1728982800,1158.0,1158.6,1153.6,1154.45,319896
1728983700,1154.45,1155.5,1151.4,1152.45,418768
1728984600,1152.45,1155.9,1149.5,1153.2,1285729
1728985500,1153.2,1161.2,1153.2,1157.7,1250078
1729050300,1151.0,1162.9,1148.1,1156.9,554371
1729051200,1156.9,1161.1,1154.1,1160.8,222726
1729052100,1160.45,1162.95,1159.4,1162.25,182864
1729053000,1162.2,1162.25,1156.05,1156.25,171611
1729053900,1156.25,1160.55,1155.65,1158.55,340667
1729054800,1158.6,1159.6,1154.3,1155.65,247162
1729055700,1155.5,1157.45,1154.6,1156.95,126550
1729056600,1157.45,1159.5,1156.1,1157.1,146771
1729057500,1157.0,1158.55,1156.4,1157.15,280370
1729058400,1157.15,1157.6,1151.95,1152.3,187379
1729059300,1152.65,1154.0,1151.4,1152.4,137851
1729060200,1152.4,1152.45,1150.05,1150.6,137466
1729061100,1150.5,1152.8,1150.0,1151.2,170269
1729062000,1151.2,1153.6,1150.0,1150.8,247084
1729062900,1150.95,1151.75,1148.45,1149.85,231827
1729063800,1149.85,1150.75,1149.0,1149.85,182014
1729064700,1149.85,1153.95,1149.05,1152.35,228666
1729065600,1152.35,1153.65,1151.65,1153.0,196580
1729066500,1153.15,1154.5,1152.5,1153.25,223608
1729067400,1153.25,1157.0,1153.15,1155.4,302116
1729068300,1155.7,1156.8,1154.8,1156.2,251721
1729069200,1156.25,1157.4,1155.0,1156.7,351426
1729070100,1156.7,1157.6,1153.3,1154.75,394646
1729071000,1154.75,1156.0,1151.35,1152.5,1170574
1729071900,1152.5,1153.6,1149.15,1150.0,1053242
1729136700,1151.0,1151.35,1139.0,1141.85,751755
1729137600,1141.85,1142.45,1136.75,1137.6,231275
1729138500,1137.6,1138.85,1134.0,1138.35,278735
1729139400,1138.45,1139.7,1136.6,1138.5,108954
1729140300,1138.5,1139.65,1134.4,1135.45,179491
1729141200,1135.6,1140.0,1135.0,1139.35,255089
1729142100,1139.4,1141.0,1137.05,1140.2,245826
1729143000,1140.55,1141.0,1133.4,1134.05,303378
1729143900,1134.0,1136.4,1130.3,1131.3,296592
1729144800,1131.35,1132.2,1130.4,1131.35,117576
1729145700,1131.35,1134.7,1130.75,1132.75,216256
1729146600,1132.45,1136.85,1132.0,1135.0,192732
1729147500,1135.1,1136.5,1133.0,1133.15,142529
1729148400,1133.15,1133.75,1126.4,1126.9,226019
1729149300,1126.9,1130.85,1126.35,1130.45,126411
1729150200,1130.4,1130.6,1127.85,1127.9,112303
1729151100,1127.9,1129.0,1125.95,1127.9,149333
1729152000,1127.9,1129.45,1124.0,1129.0,489826
1729152900,1129.2,1131.75,1128.4,1130.55,173568
1729153800,1130.55,1132.25,1130.0,1131.8,195508
1729154700,1131.85,1135.6,1131.0,1133.35,216396
1729155600,1133.35,1134.1,1130.05,1132.6,187026
1729156500,1132.3,1133.4,1128.25,1129.65,240046
1729157400,1129.6,1132.85,1129.4,1131.15,376058
1729158300,1131.2,1134.5,1129.0,1131.0,781141
1729223100,1158.0,1172.4,1156.05,1167.95,3499937
1729224000,1168.0,1176.35,1164.25,1173.0,1675622
1729224900,1172.95,1178.7,1171.95,1176.8,935194
1729225800,1176.8,1185.9,1176.15,1185.4,926667
1729226700,1185.5,1187.95,1181.9,1184.25,749900
1729227600,1184.1,1188.6,1184.05,1184.5,503939
1729228500,1184.15,1187.4,1184.05,1185.7,391006
1729229400,1185.3,1185.7,1179.1,1183.05,521024
1729230300,1183.0,1188.3,1183.0,1187.45,481863
1729231200,1187.3,1195.7,1186.5,1195.6,802479
1729232100,1195.55,1198.35,1194.05,1197.0,815341
1729233000,1196.75,1198.95,1192.8,1194.45,656325
1729233900,1194.5,1196.35,1193.5,1195.0,381543
1729234800,1195.0,1195.4,1190.55,1193.6,487379
1729235700,1193.55,1196.4,1192.9,1196.2,433794
1729236600,1196.15,1197.5,1194.15,1197.35,707237
1729237500,1197.35,1203.85,1197.35,1201.15,905730
1729238400,1201.15,1201.5,1198.65,1200.3,444975
1729239300,1200.3,1200.9,1196.1,1198.4,410970
1729240200,1198.5,1199.0,1195.25,1197.55,412879
1729241100,1197.5,1200.85,1196.3,1198.35,481619
1729242000,1198.3,1198.8,1195.25,1196.5,439480
1729242900,1196.5,1198.5,1194.0,1197.7,707366
1729243800,1197.65,1198.95,1191.1,1195.45,1658030
1729244700,1195.8,1199.25,1194.25,1196.95,1397308
1729482300,1196.85,1214.8,1196.85,1207.1,1224829
1729483200,1206.85,1207.65,1196.3,1203.4,552993
1729484100,1203.5,1207.95,1200.1,1205.3,351491
1729485000,1205.25,1210.85,1202.4,1204.05,413629
1729485900,1204.05,1205.35,1201.05,1202.25,191509
1729486800,1202.25,1205.95,1201.65,1201.7,161001
1729487700,1201.7,1202.1,1197.65,1198.6,190327
1729488600,1198.55,1200.0,1194.05,1197.0,167392
1729489500,1197.0,1197.1,1191.3,1195.0,156067
1729490400,1194.85,1195.4,1190.3,1192.25,135844
1729491300,1192.25,1194.85,1191.1,1191.5,113149
1729492200,1191.75,1193.25,1190.55,1191.5,107100
1729493100,1191.5,1193.3,1191.0,1192.25,108664
1729494000,1192.25,1192.3,1188.55,1189.45,168594
1729494900,1189.1,1189.45,1185.55,1186.8,212039
1729495800,1187.0,1191.6,1186.05,1191.6,171668
1729496700,1191.6,1194.0,1189.9,1190.25,164724
1729497600,1190.5,1193.0,1189.1,1193.0,181168
1729498500,1193.05,1194.85,1190.6,1193.95,222503
1729499400,1193.95,1194.35,1190.1,1191.6,203161
1729500300,1191.4,1192.0,1190.0,1190.75,158814
1729501200,1190.75,1194.25,1190.45,1193.95,254936
1729502100,1194.0,1194.35,1190.8,1191.65,328379
1729503000,1191.65,1191.85,1189.5,1189.6,893756
1729503900,1189.6,1192.65,1188.25,1189.0,622274
1729568700,1194.25,1194.25,1185.65,1189.65,395625
1729569600,1190.05,1196.8,1188.65,1196.7,217080
1729570500,1196.4,1198.0,1193.9,1195.65,254053
1729571400,1195.4,1196.7,1193.0,1193.6,232566
1729572300,1193.6,1194.2,1185.7,1185.9,235310
1729573200,1185.55,1193.0,1184.45,1191.3,359113
1729574100,1191.5,1191.9,1186.0,1189.75,217131
1729575000,1189.6,1190.5,1186.0,1188.6,130767
1729575900,1188.9,1189.5,1184.0,1186.7,138071
1729576800,1186.85,1190.0,1183.1,1184.5,218697
1729577700,1184.1,1186.5,1182.0,1185.3,265565
1729578600,1185.3,1188.5,1184.85,1186.2,116227
1729579500,1186.15,1190.0,1185.15,1185.7,124856
1729580400,1185.85,1187.2,1183.05,1184.05,146866
1729581300,1184.15,1184.55,1180.35,1182.7,152225
1729582200,1182.45,1182.9,1179.5,1181.0,234681
1729583100,1181.0,1182.6,1179.65,1182.45,147913
1729584000,1182.45,1183.55,1180.05,1181.25,213607
1729584900,1181.25,1183.5,1180.3,1182.65,215593
1729585800,1182.7,1187.25,1181.0,1187.25,254436
1729586700,1186.9,1187.25,1182.1,1184.15,436496
1729587600,1184.2,1185.7,1181.5,1182.45,370547
1729588500,1182.2,1182.9,1177.85,1178.1,443800
1729589400,1178.15,1178.55,1173.35,1175.45,1139842
1729590300,1175.5,1177.1,1174.25,1177.0,594936
1729655100,1175.1,1177.2,1164.25,1177.15,600874
1729656000,1176.9,1179.0,1172.0,1173.6,254856
1729656900,1173.65,1183.15,1173.25,1181.15,165954
1729657800,1180.95,1181.9,1175.15,1175.7,98682
1729658700,1175.85,1176.95,1170.45,1172.6,101977
1729659600,1172.6,1173.25,1167.6,1168.25,85965
1729660500,1168.0,1170.0,1167.35,1169.55,74703
1729661400,1169.4,1173.25,1166.9,1168.35,112001
1729662300,1168.3,1169.55,1166.05,1169.3,186616
1729663200,1169.5,1170.3,1166.95,1168.3,160921
1729664100,1168.3,1169.4,1166.05,1168.35,118840
1729665000,1168.45,1169.35,1165.55,1165.9,156705
1729665900,1166.4,1166.6,1165.0,1165.85,116708
1729666800,1165.85,1167.6,1165.5,1166.6,111558
1729667700,1166.9,1167.05,1165.0,1165.15,114815
1729668600,1165.05,1166.45,1164.2,1165.7,203268
1729669500,1165.7,1166.85,1164.8,1165.75,82545
1729670400,1165.75,1167.85,1164.65,1167.7,117147
1729671300,1167.7,1168.25,1165.1,1166.75,219342
1729672200,1166.75,1167.25,1163.75,1165.75,123476
1729673100,1165.75,1166.8,1163.0,1165.0,283559
1729674000,1165.0,1166.4,1161.8,1165.1,321175
1729674900,1164.75,1166.0,1160.85,1161.75,608757
1729675800,1161.4,1162.65,1159.25,1159.45,1311645
1729676700,1159.5,1161.85,1158.65,1161.5,769505
1729741500,1165.0,1165.7,1156.0,1158.4,447591
1729742400,1158.35,1159.6,1154.75,1155.7,147732
1729743300,1155.7,1165.85,1154.65,1165.25,207153
1729744200,1165.25,1170.05,1164.85,1168.15,350912
1729745100,1168.45,1169.3,1165.5,1165.95,153990
1729746000,1165.6,1167.15,1160.75,1161.1,254650
1729746900,1161.1,1162.65,1159.4,1159.85,324371
1729747800,1159.65,1160.0,1157.85,1159.0,236656
1729748700,1158.95,1162.2,1158.95,1162.0,257525
1729749600,1162.0,1164.0,1161.8,1162.05,139636
1729750500,1161.95,1165.65,1161.95,1164.9,100994
1729751400,1164.9,1171.0,1164.9,1169.7,150972
1729752300,1169.7,1173.0,1169.55,1171.55,152791
1729753200,1171.6,1175.2,1170.55,1172.55,215673
1729754100,1172.45,1172.85,1168.4,1170.05,141477
1729755000,1170.1,1170.85,1168.65,1169.6,118140
1729755900,1169.5,1170.85,1168.85,1169.25,96984
1729756800,1169.2,1169.7,1166.85,1167.65,191799
1729757700,1167.45,1169.45,1166.4,1169.2,130524
1729758600,1169.1,1170.95,1168.8,1170.0,115945
1729759500,1170.0,1170.0,1167.85,1169.15,124024
1729760400,1169.1,1169.9,1164.95,1165.85,170393
1729761300,1165.75,1165.85,1163.2,1164.1,159884
1729762200,1163.75,1167.85,1163.45,1167.3,363973
1729763100,1167.25,1170.1,1167.0,1167.0,292480
1729827900,1187.0,1201.75,1184.2,1198.0,1847793
1729828800,1198.3,1198.6,1183.0,1184.8,572007
1729829700,1185.35,1186.85,1177.25,1180.05,543151
1729830600,1180.4,1184.4,1176.0,1181.6,810311
1729831500,1182.05,1184.8,1179.05,1180.2,438663
1729832400,1180.0,1185.0,1178.15,1182.7,352599
1729833300,1182.75,1183.5,1180.0,1180.75,554075
1729834200,1180.75,1180.95,1176.35,1177.8,493149
1729835100,1178.0,1184.8,1177.7,1183.6,490413
1729836000,1183.55,1183.65,1173.3,1175.35,1066355
1729836900,1175.3,1175.6,1170.0,1172.55,357615
1729837800,1172.15,1173.7,1170.7,1171.6,345649
1729838700,1171.6,1175.85,1170.4,1175.7,330111
1729839600,1175.7,1177.85,1174.25,1174.75,193221
1729840500,1174.8,1178.05,1173.35,1178.05,210981
1729841400,1178.05,1178.3,1175.0,1175.45,191207
1729842300,1175.65,1176.35,1170.8,1171.55,172135
1729843200,1171.5,1173.3,1170.9,1173.25,225626
1729844100,1173.2,1176.15,1172.5,1175.2,238723
1729845000,1175.2,1178.0,1173.25,1174.5,454576
1729845900,1174.55,1177.0,1172.15,1175.9,532742
1729846800,1176.4,1180.25,1175.05,1177.9,522860
1729847700,1177.9,1186.8,1177.35,1185.7,543334
1729848600,1185.75,1190.95,1184.75,1190.95,693073
1729849500,1190.45,1193.15,1187.95,1189.0,617853
1730087100,1194.0,1194.0,1184.2,1186.35,672296
1730088000,1186.5,1186.9,1177.1,1178.05,428188
1730088900,1177.95,1185.35,1175.8,1184.95,417198
1730089800,1185.0,1185.65,1180.45,1183.6,349584
1730090700,1183.6,1188.0,1181.25,1181.45,419771
1730091600,1181.45,1182.95,1179.1,1180.2,301633
1730092500,1180.05,1181.85,1178.5,1178.6,243818
1730093400,1178.6,1179.4,1173.5,1177.5,366537
1730094300,1177.55,1178.0,1174.05,1174.6,309800
1730095200,1174.95,1176.7,1172.6,1176.15,349262
1730096100,1176.15,1182.8,1175.7,1180.8,464792
1730097000,1180.8,1185.85,1177.35,1184.4,338796
1730097900,1184.3,1184.65,1180.0,1181.05,180894
1730098800,1180.85,1181.0,1177.0,1177.45,246490
1730099700,1177.45,1180.2,1176.6,1179.7,148773
1730100600,1179.7,1182.35,1178.35,1179.35,135273
1730101500,1179.3,1181.5,1178.4,1179.75,127100
1730102400,1179.7,1179.95,1176.05,1176.55,192880
1730103300,1176.7,1177.35,1175.0,1176.8,163045
1730104200,1176.75,1177.0,1171.0,1173.4,211498
1730105100,1173.5,1173.8,1171.4,1171.95,188109
1730106000,1171.85,1173.75,1168.75,1169.25,819408
1730106900,1169.2,1169.95,1167.05,1168.65,386264
1730107800,1167.85,1173.55,1167.25,1172.5,572532
1730108700,1172.5,1176.0,1171.15,1174.0,538256
1730173500,1176.4,1177.25,1157.6,1162.4,710542
1730174400,1162.4,1165.0,1158.4,1163.0,309935
1730175300,1163.0,1166.95,1162.05,1163.6,304364
1730176200,1163.6,1164.7,1158.2,1164.1,177209
1730177100,1164.1,1167.9,1162.4,1165.05,185936
1730178000,1165.05,1167.95,1162.5,1167.0,130788
1730178900,1166.65,1172.45,1165.0,1171.25,195991
1730179800,1171.25,1172.15,1166.65,1170.45,188955
1730180700,1170.2,1172.95,1168.0,1171.0,131915
1730181600,1171.0,1178.95,1169.7,1176.55,301519
1730182500,1176.55,1179.3,1171.15,1171.8,195185
1730183400,1171.45,1176.2,1170.6,1175.5,162640
1730184300,1175.5,1178.0,1173.5,1175.85,231195
1730185200,1175.85,1177.9,1174.35,1176.95,257333
1730186100,1176.95,1183.3,1176.05,1181.25,607470
1730187000,1181.0,1184.15,1180.55,1181.1,493490
1730187900,1181.3,1183.9,1180.0,1183.15,480602
1730188800,1183.05,1186.15,1180.0,1185.15,584328
1730189700,1185.2,1185.25,1180.0,1181.85,316946
1730190600,1182.0,1189.5,1181.75,1186.6,427448
1730191500,1186.6,1191.2,1186.1,1190.15,343843
1730192400,1190.35,1190.5,1185.5,1186.55,320178
1730193300,1186.5,1189.0,1185.55,1187.85,574237
1730194200,1187.5,1190.0,1185.25,1186.1,1316901
1730195100,1186.0,1187.5,1181.05,1183.35,959701
1730259900,1178.75,1187.65,1174.0,1174.7,895532
1730260800,1174.65,1174.75,1169.0,1169.25,335116
1730261700,1169.7,1176.55,1169.0,1174.3,368168
1730262600,1174.4,1175.15,1171.0,1173.0,222058
1730263500,1173.05,1173.75,1169.15,1171.8,359548
1730264400,1171.75,1178.75,1171.5,1176.85,248247
1730265300,1176.8,1181.2,1175.9,1180.8,205562
1730266200,1181.0,1181.0,1174.55,1174.95,168352
1730267100,1174.95,1177.7,1172.45,1177.25,177952
1730268000,1177.45,1177.7,1173.9,1174.25,129036
1730268900,1174.25,1175.0,1172.1,1173.2,119191
1730269800,1173.2,1174.2,1169.0,1170.45,182886
1730270700,1170.4,1172.0,1169.1,1169.3,265716
1730271600,1169.3,1172.65,1169.1,1171.35,169905
1730272500,1171.3,1172.3,1170.5,1171.45,139525
1730273400,1171.45,1175.85,1170.0,1171.55,312517
1730274300,1171.25,1171.65,1165.75,1167.25,326300
1730275200,1167.2,1169.2,1166.6,1168.4,224738
1730276100,1168.0,1169.75,1167.55,1168.5,269060
1730277000,1168.45,1169.65,1167.1,1169.0,183753
1730277900,1169.35,1169.95,1164.3,1169.85,589082
1730278800,1169.85,1171.0,1168.35,1170.6,346236
1730279700,1170.6,1170.6,1167.4,1168.0,435859
1730280600,1168.05,1171.6,1166.65,1170.5,1813739
1730281500,1170.45,1175.0,1170.15,1172.0,1198239
1730346300,1165.5,1177.6,1165.05,1175.8,681108
1730347200,1175.95,1178.0,1169.25,1171.2,292953
1730348100,1171.2,1176.35,1171.0,1176.25,175723
1730349000,1176.25,1176.6,1173.5,1173.5,135975
1730349900,1173.35,1174.2,1166.8,1167.5,186580
1730350800,1167.75,1170.65,1166.95,1169.15,115726
1730351700,1169.15,1169.65,1166.55,1168.1,129015
1730352600,1168.1,1173.0,1167.9,1172.2,125412
1730353500,1172.3,1173.35,1170.45,1173.05,135840
1730354400,1173.3,1174.4,1172.6,1174.3,117230
1730355300,1174.45,1174.95,1172.1,1172.3,89848
1730356200,1172.3,1173.65,1171.4,1172.2,67304
1730357100,1172.1,1172.55,1167.8,1168.1,94991
1730358000,1168.15,1170.45,1166.6,1166.85,169935
1730358900,1166.7,1167.2,1164.4,1165.7,142056
1730359800,1165.7,1165.7,1163.85,1164.95,176758
1730360700,1164.8,1164.95,1162.4,1162.75,129818
1730361600,1162.75,1163.45,1161.6,1163.0,123341
1730362500,1163.25,1164.35,1159.7,1160.5,235209
1730363400,1160.35,1160.6,1158.3,1159.1,243476
1730364300,1159.1,1160.55,1158.75,1159.15,128672
1730365200,1159.15,1162.0,1158.8,1161.75,310297
1730366100,1161.95,1162.95,1157.4,1157.65,406533
1730367000,1157.4,1159.4,1153.85,1158.35,2338583
1730367900,1158.25,1169.35,1158.0,1167.0,1929899
1730464200,1164.05,1172.5,1164.0,1170.9,178757
1730465100,1170.85,1171.2,1168.05,1170.0,137614
1730466000,1170.0,1170.85,1169.0,1169.95,77150
1730466900,1169.9,1170.2,1165.05,1169.4,67186
1730691900,1172.0,1176.95,1153.75,1154.15,794481
1730692800,1154.1,1158.45,1149.0,1150.0,264677
1730693700,1150.15,1151.35,1147.05,1151.25,161344
1730694600,1151.2,1152.2,1148.5,1149.65,300669
1730695500,1149.4,1151.55,1147.95,1149.4,202920
1730696400,1149.45,1151.0,1148.15,1150.0,175839
1730697300,1150.0,1150.5,1146.35,1147.95,221683
1730698200,1147.95,1150.65,1145.4,1145.8,330733
1730699100,1145.8,1147.0,1143.1,1143.9,229205
1730700000,1143.9,1146.85,1143.9,1145.8,159397
1730700900,1145.55,1148.85,1145.5,1148.4,139118
1730701800,1148.05,1150.4,1147.95,1150.05,167860
1730702700,1150.0,1150.5,1148.4,1149.7,344867
1730703600,1149.7,1150.75,1148.0,1148.4,244499
1730704500,1148.4,1149.55,1147.2,1147.85,198714
1730705400,1147.7,1149.95,1147.7,1149.3,177398
1730706300,1149.45,1149.7,1147.85,1148.7,214228
1730707200,1148.8,1149.95,1147.65,1147.8,180892
1730708100,1147.8,1149.6,1147.05,1148.4,150957
1730709000,1148.35,1148.75,1142.35,1143.5,441939
1730709900,1143.5,1143.6,1141.05,1142.75,340965
1730710800,1142.7,1142.95,1138.5,1138.5,809265
1730711700,1138.3,1140.3,1135.8,1137.65,959309
1730712600,1137.45,1140.8,1135.45,1137.0,1073265
1730713500,1137.0,1145.4,1136.7,1143.65,1004161
